158 218 242 182 218 45 58 121 106 251 152 245 72 95 12 201 251 37 216 122
192 173 251 167 186 148 242 96 239 231 121 58 50 73 23 242 251 240 151 52
211 131 200 51 227 242 14 178 160 163 177 96 103 106 239 26 136 50 215 178
194 14 186 96 253 121 126 158 96 73 178 182 38 96 112 196 195 56 28 178
242 179 170 109 83 199 114 108 42 136 66 173 34 94 159 114 35 114 158 178
37 0 34 36 210 87 158 231 45 168 51 212 243 212 50 242 81 182 93 216
74 233 74 121 50 126 121 176 200 168 71 25 96 45 121 244 211 104 208 50
138 170 14 121 182 216 108 138 161 96 96 38 177 144 242 14 186 108 187 245
221 251 66 186 158 87 3 50 87 121 159 212 251 50 206 109 201 182 118 195
10 245 74 37 199 113 100 65 49 242 200 78 195 94 160 108 141 253 210 87
65 120 242 19 82 147 102 134 31 185 227 212 174 104 32 121 38 96 177 203
160 243 243 103 87 147 121 245 223 114 233 215 114 76 212 159 178 182 33 231
178 59 131 177 37 110 37 1 160 245 62 64 242 148 114 22 31 32 186 96
96 121 242 165 86 26 198 32 96 205 137 96 26 96 210 113 152 23 62 62
120 106 226 118 181 87 14 223 114 26 87 50 160 65 103 247 135 242 242 127
58 218 50 21 113 212 160 243 50 223 50 148 172 139 201 231 58 13 8 49
253 121 176 177 87 62 231 121 8 112 51 123 95 121 58 234 189 103 103 95
211 121 158 251 64 123 127 208 186 57 158 151 223 87 96 113 181 23 178 212
114 158 51 27 242 127 178 114 12 135 242 82 2 196 158 96 38 31 170 96
10 151 158 158 142 108 26 179 25 216 108 56 121 192 242 87 148 218 11 96
37 14 231 74 108 207 106 106 118 108 178 23 65 203 106 186 108 252 253 121
64 114 27 108 239 173 121 182 182 42 90 27 73 233 82 160 121 118 138 170
151 121 160 173 242 178 56 218 242 21 1 10 108 113 95 231 1 114 121 185
201 192 120 186 93 200 252 192 186 50 97 96 151 141 106 38 96 106 14 168
177 198 12 218 96 4 52 26 241 178 33 228 200 85 2 179 75 181 223 103
102 223 186 69 61 118 252 108 182 229 66 152 237 164 50 26 241 87 14 121
95 185 35 163 215 93 135 7 113 174 14 38 24 186 108 211 62 178 23 35
50 34 123 12 114 4 13 52 50 26 144 96 239 27 26 230 31 242 66 121
137 154 215 113 174 72 136 219 195 16 10 96 209 35 26 209 94 121 200 26
146 16 121 114 223 114 108 186 108 178 242 179 208 163 205 69 219 223 45 210
50 211 23 186 181 14 123 147 227 66 96 121 41 182 38 10 79 251 21 105
58 194 14 50 241 0 238 239 242 233 212 215 38 174 45 182 126 58 251 47
24 16 108 114 76 199 106 168 34 174 72 87 7 50 98 245 38 197 96 40
58 102 137 0 152 163 176 242 114 35 108 114 235 255 147 106 134 170 182 215
242 76 45 193 14 239 242 82 236 147 91 25 10 6 200 108 250 62 147 244
203 102 95 196 38 107 113 95 121 182 133 110 223 23 197 27 235 208 58 35
16 121 35 26 108 251 12 118 248 27 168 108 114 121 215 96 69 50 216 151
145 50 108 242 182 121 182 38 253 243 121 173 251 242 200 96 109 109 121 122
57 200 126 168 114 108 178 26 170 244 160 41 158 212 65 113 123 136 92 200
228 200 108 11 91 136 158 218 113 76 212 96 242 250 108 144 121 195 221 75
211 200 250 144 14 18 94 130 160 110 173 94 231 11 183 218 204 87 152 114
176 211 103 113 152 166 113 109 212 146 25 10 182 182 182 232 6 5 251 103
41 103 135 108 158 168 45 56 104 231 121 114 178 50 206 160 227 212 14 241
160 92 248 135 137 191 158 243 242 200 216 122 174 61 95 20 135 248 128 31
242 0 12 205 223 114 203 242 152 108 23 136 178 87 23 31 50 241 87 121
52 110 34 131 120 170 178 223 28 250 200 250 179 208 50 118 252 186 238 200
160 23 131 134 135 82 62 251 3 223 12 14 74 62 197 96 87 253 121 58
192 101 104 242 200 126 26 218 241 16 9 114 23 211 87 18 192 152 108 26
253 121 158 96 151 106 114 27 13 87 121 58 218 103 244 57 152 250 12 205
189 26 186 186 108 118 122 170 189 158 134 248 242 87 110 133 45 147 231 199
116 93 183 242 82 31 158 26 144 78 182 245 171 242 95 66 152 218 218 51
144 243 136 121 10 161 50 61 51 37 242 200 200 26 227 242 250 108 11 133
185 194 215 91 158 158 96 26 103 42 62 173 10 243 242 87 121 96 127 231
58 194 14 50 160 77 212 96 186 185 77 230 87 135 121 58 209 221 26 83
242 200 186 181 181 23 114 118 158 221 251 209 218 113 232 102 245 177 92 52
211 219 173 194 14 6 161 242 21 113 165 96 231 108 26 233 241 87 241 25
7 114 114 27 108 146 197 24 147 102 242 203 12 74 114 114 23 245 243 239
242 127 182 207 126 218 96 211 251 199 96 12 14 114 33 16 236 121 114 121
205 69 102 137 45 108 46 66 206 218 175 106 16 193 92 15 141 51 92 163
179 56 96 87 93 3 108 178 182 210 30 113 247 230 0 42 37 87 108 250
58 96 40 178 45 143 195 197 218 108 178 239 67 121 199 96 161 50 182 176
120 151 133 218 71 135 193 184 96 96 151 121 158 106 108 2 102 30 73 95
11 215 170 103 152 147 150 179 175 81 49 212 215 25 104 121 218 242 182 179
242 14 159 72 2 152 170 165 14 242 200 245 203 108 141 121 176 4 144 14
