243 113 231 27 150 31 50 186 181 121 205 188 49 10 173 223 241 174 186 50
192 178 211 148 242 87 152 14 42 38 26 218 113 5 195 200 47 31 241 218
69 253 127 121 170 121 218 210 231 242 133 182 38 10 215 186 239 158 96 179
158 91 168 182 159 25 121 223 0 186 247 96 56 96 170 121 85 38 209 106
221 168 108 113 106 105 218 242 178 144 200 50 209 170 121 176 215 96 135 242
221 251 231 58 245 152 106 10 210 200 186 158 144 96 113 121 106 121 69 133
102 151 158 106 122 96 151 212 251 50 46 252 211 197 242 186 108 221 47 31
242 14 203 236 135 108 173 231 207 22 77 110 212 104 176 113 23 189 123 19
58 107 13 7 252 192 178 188 24 96 42 26 92 231 237 67 205 227 50 254
58 13 212 96 218 245 211 172 95 208 218 245 215 231 82 185 48 138 219 96
100 162 26 241 103 113 106 87 121 81 242 87 142 96 52 84 122 26 170 23
34 245 62 10 193 31 186 186 186 27 186 108 223 186 108 164 13 136 223 50
57 210 2 200 250 179 218 71 92 109 194 23 114 168 108 250 152 216 113 251
58 16 10 158 91 59 96 242 114 23 182 131 106 131 106 168 218 108 133 58
10 193 186 212 146 208 190 8 215 218 242 114 242 182 38 218 250 176 160 8
209 10 197 96 114 38 50 190 12 123 135 121 126 242 208 105 227 12 114 223
96 201 185 230 182 219 19 196 96 114 108 186 96 199 121 114 46 87 152 207
58 218 103 215 25 121 242 87 42 136 65 196 112 216 227 50 242 16 200 4
96 121 34 200 26 114 108 199 114 108 96 215 211 131 50 31 114 62 173 143
10 136 118 26 200 250 26 241 218 51 121 58 242 200 26 96 96 96 96 250
110 212 227 71 16 46 136 114 168 189 153 91 215 96 251 113 121 87 152 104
24 16 242 82 247 215 121 69 94 112 114 195 27 200 186 26 96 96 96 96
163 174 200 173 86 45 235 231 158 103 75 26 103 0 174 200 26 96 186 242
58 223 113 253 123 182 90 10 121 182 216 122 26 26 241 218 35 181 58 96
102 251 173 82 184 46 141 182 176 242 200 78 114 38 93 87 29 14 144 240
91 103 199 100 17 112 232 242 42 2 200 210 21 108 11 215 201 91 121 176
163 17 83 170 178 242 85 75 113 106 14 148 163 218 242 127 121 82 195 162
211 94 200 131 135 242 87 241 95 231 0 186 77 85 19 13 57 223 69 148
96 108 133 242 179 66 136 195 207 56 137 120 185 152 193 212 182 141 212 50
10 9 114 218 45 5 122 186 186 93 114 186 93 223 3 167 239 218 245 186
205 53 239 141 194 108 42 82 170 243 128 72 183 178 143 96 26 111 200 96
58 16 4 52 114 184 236 212 104 135 114 108 186 108 173 133 242 66 65 148
107 252 26 218 215 218 191 160 75 75 252 242 200 242 82 192 67 242 87 72
215 231 245 242 113 244 241 202 7 135 200 242 216 196 19 196 16 192 197 96
242 14 114 4 13 163 165 253 181 41 123 34 136 114 187 37 152 223 114 218
192 168 218 96 109 121 182 182 126 171 244 209 251 181 121 205 114 14 250 181
243 221 134 100 113 81 106 187 168 230 131 106 223 197 50 48 121 114 112 203
138 200 51 244 242 85 109 100 170 54 96 231 109 26 93 242 66 42 186 92
192 121 37 110 212 96 42 103 108 173 138 66 209 10 87 135 58 7 50 110
121 106 158 103 176 144 14 223 120 192 75 251 111 196 210 182 242 200 186 108
168 108 133 50 46 121 114 27 12 242 87 240 143 26 96 26 108 11 109 136
185 194 14 148 211 104 72 154 101 231 59 121 32 91 144 231 244 87 241 26
228 200 26 215 186 93 195 51 27 50 109 168 170 216 231 235 193 143 189 174
58 218 109 91 211 94 134 152 175 121 105 21 122 136 50 176 140 31 197 138
145 38 210 121 159 230 85 186 118 14 152 38 96 121 114 38 209 151 121 209
121 209 10 245 11 198 93 31 24 123 230 110 14 121 248 135 121 106 235 242
209 10 251 50 63 160 96 232 77 16 108 23 31 226 131 114 121 242 82 241
102 242 208 48 26 66 121 8 242 87 73 8 38 96 50 152 150 123 12 205
114 239 114 121 253 121 96 186 45 193 10 193 158 106 197 131 106 223 50 72
111 13 192 58 65 28 147 253 121 12 99 108 160 189 242 179 179 219 22 14
245 165 251 12 10 143 148 96 66 2 28 200 78 61 244 31 186 158 121 58
205 29 242 66 245 158 250 2 178 152 114 27 186 108 113 196 135 242 212 215
145 223 69 11 208 114 121 103 23 189 182 242 113 121 182 58 242 136 178 53
58 218 113 123 208 114 205 223 186 3 144 200 230 242 152 230 158 250 52 52
201 114 204 173 122 159 106 187 168 141 130 121 2 200 26 254 203 106 114 178
121 242 114 10 99 105 245 50 5 223 251 66 32 151 95 121 198 73 21 74
158 107 72 14 94 192 121 104 159 170 14 113 52 137 53 182 253 136 200 50
163 50 1 10 215 218 50 210 135 158 158 56 231 50 173 86 182 38 96 151
221 251 152 91 160 215 218 113 242 114 14 26 241 218 96 50 173 231 242 87
163 174 170 246 242 66 66 96 241 0 12 173 58 200 26 50 168 200 113 212
160 215 215 218 51 121 205 114 230 0 134 110 108 178 160 223 215 207 56 227
209 245 152 252 161 50 74 131 50 216 251 66 137 85 96 136 200 86 215 158
114 178 108 239 191 211 62 76 186 96 66 186 148 189 96 186 205 131 34 123
185 103 215 136 189 251 176 242 200 148 205 69 151 121 20 14 242 200 118 96
