185 137 219 220 56 208 189 241 14 35 114 135 242 200 152 74 10 193 223 118
58 218 43 200 209 209 186 244 136 94 62 245 102 242 90 103 50 108 2 200
242 203 34 31 99 26 241 99 212 146 158 96 251 231 121 86 26 241 152 231
121 107 252 114 108 114 177 130 87 223 16 26 50 216 171 186 218 34 224 50
223 114 168 14 223 114 96 112 38 216 122 112 113 106 122 239 185 16 192 121
80 35 159 241 147 12 97 209 247 227 195 56 96 210 123 121 209 186 102 137
121 96 160 35 23 218 204 181 87 78 104 196 103 98 200 114 26 65 182 176
223 114 23 128 240 101 121 1 223 211 186 93 144 14 76 14 186 96 230 96
245 211 14 35 108 126 82 185 10 103 34 136 200 44 26 83 81 11 188 201
121 245 106 122 26 181 135 242 200 26 93 7 114 212 253 121 114 27 238 114
160 96 201 231 5 218 94 10 108 173 121 58 16 37 23 242 87 241 42 30
163 17 186 30 134 197 19 91 112 71 190 108 0 253 121 50 176 215 52 72
151 253 121 117 121 205 177 227 247 181 223 114 135 114 87 135 242 21 237 186
253 121 245 151 103 135 123 33 187 62 223 114 114 23 135 104 135 223 231 33
58 253 121 185 27 112 191 31 135 109 121 91 150 170 170 14 145 141 188 51
38 227 250 108 85 26 4 93 50 121 34 123 200 4 151 121 58 69 146 209
135 219 92 95 95 152 221 108 90 174 61 141 159 35 212 188 215 96 151 158
186 135 150 27 108 148 58 242 82 22 108 249 212 146 218 242 179 113 80 231
203 170 66 152 221 26 241 218 218 58 50 0 56 215 207 87 96 215 113 212
175 158 231 207 229 12 92 173 143 215 235 244 112 113 212 9 148 85 229 242
226 31 122 186 96 51 186 160 103 12 114 219 37 152 211 131 215 108 171 91
58 50 242 127 182 176 251 152 46 247 170 95 127 71 14 230 181 25 160 0
138 158 158 186 96 118 242 127 14 239 94 30 204 120 242 209 148 9 71 114
58 13 200 199 219 102 207 33 136 218 50 30 95 152 219 218 242 175 177 181
186 102 88 178 160 184 96 135 242 87 14 121 106 114 62 35 108 36 58 33
223 114 26 87 7 50 161 236 196 150 103 103 230 181 172 189 174 218 96 188
58 7 135 242 113 10 193 114 223 127 50 131 108 245 243 113 209 170 81 35
231 196 45 186 3 152 158 96 250 103 50 189 180 215 241 25 121 110 114 62
158 103 33 135 21 196 223 135 121 122 186 103 48 215 91 7 114 108 121 200
163 50 48 123 130 154 245 231 242 248 135 119 248 32 241 16 101 245 102 121
114 178 240 147 121 113 0 186 241 87 87 135 242 32 23 34 233 228 148 205
221 218 204 245 96 151 182 216 158 121 21 189 195 164 245 175 114 235 151 21
24 16 128 92 158 218 96 50 251 165 195 247 105 74 7 242 114 14 94 121
86 250 58 181 27 223 50 26 87 127 121 87 134 96 8 138 215 215 218 210
151 121 253 121 158 242 14 163 50 218 103 113 106 122 186 148 104 121 185 241
114 116 170 142 85 189 218 182 57 121 182 242 114 187 90 23 23 175 23 87
10 205 223 189 174 251 70 121 181 189 181 121 158 19 186 108 186 212 144 14
121 245 102 136 51 14 194 236 114 135 154 212 96 38 122 186 181 178 230 151
16 214 23 87 164 27 26 30 62 104 102 223 19 152 1 58 13 200 93 12
242 178 189 168 2 13 26 215 218 151 160 194 121 220 170 160 241 87 241 87
93 173 10 177 160 34 209 9 5 50 251 3 50 78 195 87 87 158 96 73
24 147 121 115 223 50 33 30 152 234 134 127 142 113 106 14 62 114 121 121
58 252 231 50 230 158 18 219 210 2 200 96 96 151 248 223 50 87 135 177
194 14 250 103 66 216 186 212 122 26 103 42 108 26 56 96 113 23 19 101
154 16 4 105 145 218 103 103 108 20 96 82 170 242 3 152 221 108 26 105
223 114 192 186 108 160 158 130 121 114 181 114 23 114 147 121 154 242 200 42
253 121 253 121 221 50 72 113 123 121 37 185 35 20 96 113 108 112 58 245
185 135 242 87 78 142 121 182 250 179 218 235 242 200 138 194 23 246 51 185
23 163 46 186 186 186 111 121 83 242 200 152 150 138 113 212 162 76 242 14
243 242 241 179 71 186 203 181 247 69 50 23 241 237 123 62 242 3 152 26
121 151 209 131 106 178 106 178 106 121 57 185 223 135 91 192 197 10 223 186
245 243 76 74 87 195 121 37 70 152 20 96 38 96 186 96 108 186 92 178
40 242 103 50 191 242 66 42 114 114 38 75 58 184 211 148 96 121 205 50
242 122 108 26 170 66 19 14 96 121 248 135 121 186 181 151 121 194 152 108
151 14 121 121 125 223 135 114 108 178 173 245 1 243 0 5 164 106 164 251
211 10 158 123 128 135 121 164 135 242 87 231 242 85 50 23 62 160 33 12
242 179 127 242 2 179 136 14 186 111 121 181 121 51 135 219 204 191 245 253
160 194 3 50 50 20 180 158 242 14 147 121 12 203 170 158 123 66 83 179
151 208 186 21 66 121 50 113 96 66 2 78 135 95 182 34 163 214 6 82
170 121 245 14 121 10 96 186 243 242 200 152 221 2 218 245 170 245 234 170
106 122 186 108 114 52 163 103 75 108 239 211 87 121 158 241 218 96 135 135
58 194 215 241 215 218 64 135 121 97 107 228 243 200 96 250 108 26 93 50
58 220 212 96 121 197 96 200 96 231 127 182 41 121 45 121 97 96 34 193
50 165 215 195 21 90 168 203 232 162 14 110 102 106 232 168 82 248 103 109
