160 233 107 50 108 207 12 252 174 245 252 192 178 223 190 144 14 19 205 108
114 223 215 50 33 163 215 159 72 104 121 114 14 74 218 167 148 245 112 135
242 200 96 218 45 248 135 165 121 237 16 109 33 148 104 215 107 181 159 121
242 21 50 56 25 23 119 21 152 108 182 126 108 26 83 104 231 184 134 104
201 219 96 253 50 1 114 27 192 14 189 182 35 182 152 45 216 50 251 242
24 147 87 135 242 114 164 107 96 12 60 162 204 87 14 158 26 87 78 241
245 234 253 113 212 96 215 25 135 242 14 186 108 173 248 110 53 11 81 158
158 246 242 200 253 231 236 16 166 102 242 191 190 170 103 113 181 41 26 181
74 128 216 122 26 186 111 200 205 194 14 173 231 69 242 200 78 182 66 178
104 135 21 109 23 215 235 242 127 82 201 121 182 121 106 235 141 13 108 178
163 50 56 96 113 66 152 221 50 30 127 200 211 241 25 218 242 200 90 203
226 168 136 212 178 223 135 242 110 191 135 242 200 250 50 226 123 50 72 73
58 194 14 50 110 90 203 228 218 51 135 136 191 121 245 207 56 25 248 135
114 200 51 242 3 152 147 177 243 242 82 241 116 190 131 251 12 236 135 127
96 96 69 80 148 218 171 242 66 217 158 102 242 151 21 245 65 212 104 135
160 61 91 222 122 52 12 192 104 195 223 14 188 34 251 50 242 179 76 15
199 151 121 128 10 215 218 34 200 112 58 103 32 135 178 211 234 241 87 218
209 194 182 20 71 219 22 72 121 58 58 106 50 216 122 176 218 71 135 242
157 212 151 121 231 114 223 50 56 71 16 108 255 113 224 186 135 7 135 231
242 127 200 11 96 231 245 223 135 120 242 200 78 113 176 176 85 221 245 185
221 50 147 121 103 56 31 114 96 38 233 242 14 23 110 212 121 182 176 144
128 154 243 223 122 105 114 168 140 34 87 30 253 121 12 50 72 56 232 182
114 218 241 251 173 242 82 46 200 61 48 177 96 118 24 241 75 218 71 209
33 177 121 160 242 14 168 114 5 87 62 35 238 114 121 205 211 131 103 212
205 34 31 96 38 10 159 242 200 215 159 114 23 72 87 247 119 30 23 31
185 230 148 41 227 231 135 243 204 212 212 96 151 87 186 186 223 148 73 66
96 62 148 211 131 177 128 218 210 73 216 4 215 218 96 176 173 242 242 200
1 121 10 126 16 211 110 198 160 223 50 108 121 243 12 114 27 58 181 196
160 157 216 111 223 186 186 27 218 255 251 34 196 211 131 177 103 0 23 136
211 131 75 26 103 0 148 215 80 234 134 121 181 218 50 56 21 152 203 248
58 181 114 23 164 113 223 50 135 243 39 242 127 200 27 150 26 83 50 251
161 26 241 174 170 203 66 21 66 83 244 172 215 91 103 34 200 46 37 242
125 223 195 200 168 114 27 143 108 104 19 39 56 138 218 182 189 148 2 182
96 121 223 191 107 25 87 121 93 114 178 162 57 182 216 122 153 114 27 168
114 37 196 230 191 212 223 50 33 173 242 200 46 158 158 193 216 92 242 127
252 174 251 12 173 106 231 151 103 10 126 178 211 0 5 96 186 111 179 31
205 211 10 143 158 96 138 186 192 101 243 121 220 96 121 182 207 50 72 66
103 111 242 91 114 211 105 114 138 175 177 197 195 94 112 230 99 137 120 26
58 116 93 218 216 237 16 203 121 137 96 50 216 122 108 114 211 251 73 179
221 218 144 14 151 121 210 151 160 242 127 182 113 141 114 92 96 19 208 186
58 64 74 131 96 87 121 209 10 148 242 142 114 72 56 231 14 186 96 113
145 228 114 223 18 19 219 76 14 44 200 96 186 108 200 177 186 211 50 185
145 103 159 242 30 91 201 212 96 50 190 189 242 109 247 247 181 18 147 7
163 58 38 96 26 241 87 50 103 32 19 245 103 113 21 109 147 121 115 123
42 247 239 64 204 50 42 92 103 200 92 45 66 121 209 245 253 218 51 121
160 221 37 248 163 6 85 176 165 182 66 162 243 253 227 231 10 121 2 14
223 50 23 175 187 0 136 14 77 128 109 231 110 159 58 147 121 2 119 114
58 65 148 26 6 136 114 27 135 114 27 242 200 26 170 215 218 113 242 200
242 200 19 151 158 67 114 56 152 218 64 197 112 96 96 113 212 241 182 176
192 65 108 177 242 200 168 113 106 223 215 14 14 121 136 200 201 231 164 200
192 186 50 103 215 22 73 218 242 127 242 127 182 113 106 56 96 102 131 114
194 104 44 114 121 100 83 121 242 200 186 243 109 114 77 108 96 108 250 184
192 123 200 153 242 200 58 6 17 211 23 236 183 58 128 227 121 50 206 31
58 25 135 5 230 218 96 50 51 121 50 147 120 121 245 185 223 14 71 186
106 56 96 65 92 87 162 241 0 158 50 50 221 0 158 96 87 27 188 10
163 250 26 73 223 135 200 250 245 103 34 52 58 160 65 71 27 223 50 2
160 103 76 212 144 83 96 176 218 103 113 251 152 138 216 118 152 83 182 216
242 200 186 181 85 51 121 135 184 244 186 134 16 242 200 253 178 173 160 227
161 251 50 108 242 108 182 212 191 65 66 186 92 160 121 181 19 26 14 241
58 65 212 71 50 56 216 122 186 114 35 114 121 96 231 58 251 212 120 16
185 111 80 87 158 245 58 151 212 121 50 122 108 102 58 242 200 184 173 10
250 240 212 96 250 179 0 121 182 210 110 0 209 103 83 38 96 96 146 16
13 193 187 116 50 94 43 216 122 26 241 103 135 74 131 87 121 192 168 0
7 35 216 67 201 205 106 10 193 197 41 95 36 13 30 231 121 115 253 41
