253 121 0 73 200 26 96 110 50 72 174 108 208 4 185 92 121 121 192 14
26 131 231 108 199 71 1 148 38 121 205 210 135 242 44 181 200 26 96 184
37 196 22 17 178 85 96 186 19 174 218 96 112 148 218 242 113 126 218 213
236 16 102 158 50 148 218 103 18 227 19 192 221 153 96 113 114 200 91 52
160 189 174 190 26 246 208 158 37 113 196 109 37 10 103 108 30 66 121 182
248 94 96 216 108 35 212 11 113 121 96 58 72 197 195 2 200 181 151 121
65 3 108 236 158 108 182 160 151 121 242 200 26 96 231 27 32 147 121 245
96 231 250 131 106 27 158 37 206 51 121 207 199 135 142 114 223 186 50 87
223 114 242 190 23 0 56 106 121 114 4 93 135 106 26 181 163 26 121 168
107 252 50 251 160 241 16 221 133 65 4 96 113 96 121 250 136 200 242 14
201 121 198 73 99 72 162 248 41 52 114 186 186 148 218 242 200 96 186 200
209 185 18 195 200 101 121 2 196 250 238 92 242 14 186 148 99 23 237 230
231 193 108 94 46 28 44 200 105 218 210 242 127 200 251 173 50 33 27 108
192 186 96 158 148 205 242 148 189 40 212 42 121 35 186 50 242 248 114 72
178 141 35 114 114 56 254 244 121 205 106 223 71 14 96 121 106 131 7 69
58 69 219 50 136 219 100 189 250 200 104 173 231 109 114 13 193 114 96 102
170 243 94 95 199 212 100 205 64 26 103 0 62 173 231 97 50 76 20 11
205 4 107 251 248 135 199 231 194 45 220 96 38 50 61 77 27 108 106 1
186 161 123 121 35 114 223 114 218 232 7 122 167 201 58 34 253 121 114 178
113 34 24 203 85 113 152 244 14 93 127 21 240 186 114 215 100 46 19 152
20 14 111 121 245 243 121 96 121 53 11 208 50 143 67 136 114 108 173 10
242 14 69 26 241 19 2 22 108 79 137 114 121 45 223 188 242 114 62 188
163 96 107 135 191 135 22 173 65 247 108 179 12 65 99 190 23 87 121 14
253 121 253 102 159 142 96 51 107 212 50 251 42 35 108 251 66 121 218 91
192 245 47 121 27 208 96 218 239 65 17 181 121 200 51 134 13 238 200 243
128 209 243 82 182 86 152 182 133 58 144 103 42 48 108 219 91 96 231 63
114 160 122 158 50 20 96 231 108 239 168 241 174 164 96 96 96 77 167 186
57 115 122 186 108 121 106 114 135 211 197 170 121 21 121 40 162 57 10 230
245 170 242 127 104 200 26 111 121 182 133 223 176 106 35 58 16 44 114 72
107 135 42 136 113 108 200 114 114 37 196 118 114 135 114 226 31 135 216 242
192 186 192 96 26 55 131 16 242 200 96 186 0 203 7 142 38 209 1 24
205 223 250 108 108 199 81 211 35 151 147 121 158 242 179 35 20 91 174 13
176 242 82 76 45 215 186 186 193 114 191 121 81 114 235 35 221 135 242 85
92 203 19 9 45 242 127 206 182 127 207 113 34 76 127 14 230 170 182 20
170 243 139 121 123 121 185 77 127 14 220 108 173 121 69 160 92 221 26 50
158 108 178 223 73 114 121 58 145 12 114 62 158 56 96 160 104 166 189 66
58 135 121 105 205 241 50 124 12 72 12 114 121 153 114 27 14 108 235 109
245 184 215 121 141 107 50 108 212 160 100 10 113 114 96 133 223 87 135 33
114 76 193 62 67 210 97 220 96 201 96 76 121 200 209 96 58 194 14 96
99 151 158 106 10 114 223 247 148 218 103 213 135 31 114 27 235 147 160 235
114 4 121 92 30 62 173 178 173 16 114 23 131 33 212 14 74 23 115 96
160 163 74 15 121 99 121 106 104 77 104 16 123 176 140 108 221 242 200 6
37 87 71 114 181 23 203 66 212 18 197 96 38 96 186 72 95 176 144 14
65 196 121 241 231 87 232 123 12 195 251 173 220 39 42 114 62 35 108 255
102 242 178 141 144 203 236 19 88 148 118 85 42 40 178 12 195 205 182 242
203 14 121 58 158 96 113 16 242 15 157 103 108 43 114 168 113 69 66 12
175 223 0 172 159 121 170 182 88 212 188 40 121 106 27 52 223 241 207 204
145 159 215 26 230 131 135 82 235 242 66 196 110 203 31 186 19 87 218 103
121 121 58 217 145 121 158 213 105 65 122 87 197 42 33 87 135 21 165 151
223 14 215 121 96 87 135 224 96 212 96 242 229 136 58 179 62 114 37 126
58 218 65 218 242 87 127 215 218 250 106 182 81 58 123 231 135 242 178 200
96 148 14 187 184 90 181 159 31 247 12 114 96 253 200 96 50 202 45 104
185 103 66 136 32 73 12 200 50 232 69 216 122 250 108 34 46 81 186 108
242 200 218 96 18 83 231 114 223 115 181 190 23 87 77 23 67 242 2 225
186 26 25 219 201 107 71 113 212 21 173 58 95 14 68 203 222 42 123 33
65 38 96 18 134 236 134 114 223 45 20 96 250 6 0 136 200 96 50 33
250 50 131 121 106 48 170 196 212 50 196 58 231 242 200 99 104 50 248 121
252 250 91 52 42 136 14 121 163 96 151 148 7 46 200 96 38 242 66 95
160 103 21 82 241 108 26 113 209 231 23 114 239 103 21 106 227 106 254 26
185 14 121 182 23 87 121 50 163 48 66 121 245 4 96 215 5 185 23 121
58 200 253 158 211 134 69 113 247 181 194 147 244 121 241 87 96 14 91 159
58 223 203 16 103 155 215 135 200 242 200 26 6 218 242 76 230 159 123 12
73 114 5 50 195 35 114 114 35 108 108 173 184 104 169 123 5 195 182 239
160 5 24 82 170 243 244 248 48 114 223 253 120 121 158 96 42 189 214 112
