196 109 186 250 50 27 111 251 231 26 103 50 215 182 66 2 200 96 160 242
192 186 186 102 58 223 50 50 206 196 121 12 50 27 48 108 173 69 253 178
138 50 242 87 14 96 176 106 56 25 52 111 231 108 23 23 87 39 135 22
161 50 206 250 50 251 106 50 212 96 99 152 90 186 108 148 205 227 195 200
99 96 173 242 14 210 199 188 242 200 72 245 200 48 85 215 207 208 50 223
242 250 0 174 195 108 26 189 171 199 231 41 87 189 242 127 200 113 108 50
158 96 189 218 182 152 56 208 194 152 163 85 66 178 87 27 227 29 122 141
195 200 26 170 14 34 152 164 218 71 122 173 86 52 199 158 158 218 51 121
192 231 242 200 26 148 196 230 174 200 251 179 252 144 154 138 91 103 207 12
52 114 37 135 121 118 248 76 182 182 41 224 96 118 182 242 182 151 212 96
205 198 212 212 50 122 91 160 194 148 218 64 121 205 48 114 205 186 18 108
58 194 231 152 242 2 127 66 240 114 72 134 236 123 66 240 131 243 103 16
253 182 185 225 24 108 104 231 242 196 23 31 135 114 87 7 203 95 152 71
176 91 68 196 96 114 27 223 146 223 114 201 160 91 121 162 82 19 136 161
245 62 242 3 241 196 186 50 165 152 170 121 182 216 10 14 212 58 24 147
157 219 75 93 242 121 96 235 189 242 200 138 33 121 112 163 177 212 96 66
221 251 50 56 121 96 121 188 158 160 245 234 253 186 108 113 0 121 24 163
58 223 50 128 218 67 121 205 121 233 242 200 176 160 227 16 189 24 121 158
96 168 203 98 121 218 14 141 107 25 135 114 65 218 103 23 100 135 183 66
211 108 200 201 121 105 251 23 87 121 181 135 242 135 242 200 78 251 126 191
107 135 218 242 14 16 10 250 103 135 21 215 163 19 217 81 111 248 223 186
96 121 50 72 119 121 253 218 58 227 151 121 253 121 181 189 231 106 12 114
163 12 135 238 148 237 27 235 5 242 159 212 251 204 107 16 96 96 151 121
242 70 3 12 106 87 42 87 14 186 108 26 186 93 207 25 87 135 137 218
58 218 241 218 25 121 58 102 242 200 84 58 224 251 66 50 165 250 50 238
96 121 46 139 185 219 102 198 41 24 135 179 218 242 82 12 12 114 203 23
242 66 200 26 103 159 168 170 113 135 242 200 51 89 58 111 135 242 82 147
58 187 111 104 14 0 163 174 186 108 251 173 58 121 182 144 127 82 152 245
253 121 218 85 191 87 14 205 0 90 186 108 239 72 56 162 131 113 32 241
100 185 60 14 113 108 253 185 213 230 87 66 87 168 181 23 218 46 121 253
29 14 114 186 186 239 56 211 14 186 114 27 26 158 109 52 48 160 32 76
58 135 82 121 106 108 173 114 176 160 9 18 242 14 31 186 186 108 26 42
185 137 158 144 100 107 25 33 231 33 103 184 188 121 176 160 160 101 106 186
185 6 185 50 108 42 238 131 242 114 23 114 114 94 200 134 100 182 128 131
158 218 107 65 242 3 22 38 158 158 235 26 152 20 38 253 135 242 200 26
158 96 191 152 170 121 242 87 200 246 96 73 189 167 108 22 26 141 238 43
151 144 62 121 114 218 74 240 115 12 43 109 231 230 61 210 87 168 170 121
16 108 42 186 108 173 10 96 26 241 218 51 54 96 26 96 6 103 199 188
234 135 148 211 194 225 160 141 51 56 96 76 96 151 193 5 190 5 235 188
69 215 189 35 114 37 108 26 209 27 144 94 83 242 224 96 231 242 87 13
73 30 19 194 212 50 251 21 197 19 208 175 242 85 181 239 4 104 24 147
192 186 181 87 135 135 211 87 251 173 174 200 148 26 241 87 121 248 135 242
73 53 173 182 242 148 210 2 182 176 60 82 186 186 92 101 121 142 121 58
106 38 58 241 182 38 201 251 50 42 227 251 50 251 25 73 174 128 123 172
75 131 96 174 218 150 92 199 12 161 12 87 218 170 87 27 76 178 126 218
192 186 186 114 37 160 214 109 121 160 186 186 161 142 204 104 96 10 186 211
192 26 252 50 26 148 186 0 91 245 92 200 121 211 195 12 242 114 152 51
120 34 0 74 122 26 218 103 87 186 108 250 163 176 144 234 14 14 247 186
96 121 250 50 134 164 84 212 14 215 108 108 250 34 2 200 136 45 182 9
10 212 146 212 231 196 25 135 121 134 170 190 23 126 35 116 121 245 67 58
121 218 91 245 134 62 196 114 81 96 113 106 131 7 231 135 210 87 158 194
185 34 242 113 14 215 144 208 185 32 27 136 82 185 87 181 154 111 96 179
196 146 21 242 12 50 182 216 209 21 44 57 212 10 151 193 242 182 113 215
96 176 82 12 150 138 61 69 153 181 242 127 200 42 108 26 3 50 26 200
24 195 108 178 188 182 182 58 58 50 251 66 95 178 23 218 204 92 219 12
242 200 22 173 182 182 22 41 182 133 158 204 209 144 185 230 85 96 68 14
58 194 189 14 186 181 62 173 136 178 178 104 75 96 233 50 168 242 178 85
74 92 12 181 58 16 131 140 242 148 110 252 104 200 114 168 87 50 87 177
209 212 96 50 242 114 4 160 199 113 34 92 95 197 106 121 242 208 96 234
145 174 200 36 176 248 223 50 25 87 163 26 194 212 14 58 223 148 242 200
163 167 186 148 200 251 180 242 76 199 121 231 160 111 182 176 215 174 158 123
24 16 131 121 50 61 200 96 215 112 210 182 176 0 121 182 176 113 106 108
121 96 69 242 200 2 14 241 50 10 13 186 26 148 26 218 113 70 152 15
50 37 182 94 199 1 163 159 121 208 58 218 64 96 24 121 186 102 164 50
