242 0 113 27 160 101 248 244 212 182 66 248 209 121 205 77 252 138 253 124
160 189 253 14 231 201 173 128 134 16 147 242 82 42 31 103 123 87 121 114
221 88 146 147 121 74 87 104 121 96 6 176 242 200 22 51 171 135 135 114
50 108 114 223 56 96 69 126 11 136 230 200 186 108 196 114 200 118 121 114
24 148 144 234 11 121 151 147 123 12 250 135 2 182 242 203 152 126 99 108
121 12 114 135 135 242 113 212 58 234 127 82 11 96 50 207 236 80 123 12
192 94 242 200 50 110 207 33 33 12 56 218 29 14 218 113 32 87 135 248
252 146 252 208 131 103 123 120 200 152 16 10 189 108 121 114 56 96 113 50
58 245 242 113 96 3 152 108 90 92 33 87 158 25 196 135 242 136 200 242
1 192 186 9 19 159 56 171 66 66 158 65 241 196 99 10 114 112 22 123
50 110 51 135 114 108 141 71 237 23 31 114 118 152 86 138 25 114 121 58
158 144 50 135 4 204 91 240 193 60 101 12 122 52 26 170 19 161 232 91
151 182 148 141 219 135 114 189 175 115 119 178 114 35 131 121 58 13 241 245
50 121 205 184 250 56 209 194 14 142 135 21 210 158 218 191 241 62 147 121
96 51 103 108 3 152 161 243 103 152 23 104 114 223 50 22 239 121 28 147
58 245 192 168 0 77 26 241 218 92 19 161 114 104 218 50 30 33 160 216
50 5 152 169 233 26 241 87 186 189 227 195 130 175 173 121 216 176 242 85
97 212 189 212 204 108 97 152 14 160 242 162 19 218 96 251 231 176 103 96
50 147 103 152 120 144 250 21 104 106 27 22 26 57 35 101 87 148 148 244
64 96 178 250 73 34 9 23 92 94 21 122 186 50 207 66 209 241 40 242
185 198 137 96 151 34 2 218 134 241 218 66 245 242 14 148 116 26 215 71
223 186 189 116 83 42 0 20 170 127 27 88 14 122 96 28 58 34 178 206
50 137 103 0 26 240 242 200 239 75 242 82 127 114 113 19 14 136 253 242
120 183 136 218 215 51 121 58 253 197 208 50 136 114 121 182 246 22 77 112
161 218 96 253 93 170 121 160 85 96 242 127 208 31 85 74 76 231 215 25
242 14 83 83 50 44 25 154 76 8 40 75 46 12 113 200 50 176 35 108
221 16 108 204 176 221 218 94 242 114 135 242 170 177 18 170 242 174 200 186
192 223 200 51 185 215 120 35 114 187 207 108 242 82 93 244 136 203 12 177
58 181 181 121 205 139 208 123 25 135 242 200 90 114 84 235 91 37 20 142
90 33 121 158 173 121 230 87 121 114 27 50 23 233 225 87 186 69 231 177
58 252 64 26 96 87 191 152 195 108 193 105 136 114 121 205 182 34 131 242
58 218 242 14 13 87 25 252 114 121 96 163 174 96 71 148 6 201 138 204
242 152 136 123 25 212 96 160 175 35 144 121 114 7 218 50 42 103 186 212
138 106 122 186 136 245 194 14 121 114 111 182 116 170 212 50 114 165 80 251
231 108 239 121 106 144 14 148 207 233 154 251 96 112 215 223 14 34 236 123
120 45 251 91 31 72 137 170 30 23 147 177 69 167 67 123 12 55 182 179
134 173 65 142 127 11 131 253 52 135 216 56 38 96 21 122 218 67 235 113
114 232 29 168 178 94 30 176 26 123 183 27 164 93 135 21 186 114 27 114
205 178 215 141 121 185 50 243 199 143 121 186 181 120 176 23 239 118 147 121
58 13 242 200 108 250 123 25 52 63 212 211 200 56 96 204 14 42 19 245
145 219 135 179 12 162 111 62 59 10 141 94 178 38 114 193 10 123 127 242
185 10 183 42 121 234 193 223 14 48 203 111 231 91 213 186 203 127 240 52
192 215 253 110 201 242 200 186 19 83 212 14 215 218 58 251 219 137 250 108
8 120 27 50 72 110 158 121 114 235 147 85 160 218 71 122 4 215 135 50
114 14 26 170 113 199 12 135 242 127 200 250 50 108 91 103 135 136 200 241
112 189 150 152 216 109 73 82 218 38 209 231 106 122 247 96 205 173 242 127
160 8 80 25 196 218 102 242 85 200 96 6 127 240 178 212 205 21 122 50
151 231 135 200 91 209 88 200 203 29 14 241 196 141 242 250 244 160 150 152
192 186 50 72 165 11 51 33 37 196 192 23 0 242 26 19 158 244 135 184
16 108 88 48 175 242 200 207 95 236 141 76 224 186 108 26 171 81 224 216
163 174 173 10 186 16 91 160 195 82 74 243 121 158 218 251 113 109 151 245
201 121 99 177 54 170 121 94 76 121 248 135 199 163 28 121 12 175 195 108
223 114 147 23 31 65 215 123 240 173 121 193 0 109 121 209 211 151 196 168
223 7 148 218 191 122 26 148 218 56 215 218 11 102 19 24 26 96 33 158
96 143 218 210 182 242 113 152 127 242 151 143 215 200 78 182 216 122 96 26
192 122 186 241 42 108 88 239 188 178 45 182 146 182 1 186 223 114 114 121
242 170 177 160 104 24 123 114 61 14 85 91 242 127 136 82 83 158 114 235
242 191 62 121 158 114 37 251 50 189 170 231 248 181 223 114 114 35 114 108
96 107 40 178 146 94 242 121 200 99 84 141 133 197 12 135 155 135 200 196
192 212 168 60 96 204 25 158 240 76 46 121 56 82 52 245 211 223 14 135
223 114 211 123 12 178 215 123 75 58 174 148 51 121 158 207 56 134 121 96
58 194 48 23 31 76 181 135 121 114 168 223 151 93 50 72 199 151 66 144
223 114 72 178 148 58 218 241 252 242 127 14 50 2 212 65 34 242 57 200
242 127 203 66 242 159 182 10 127 42 121 223 250 123 136 250 108 31 23 58
