114 223 230 56 218 215 121 176 14 26 241 151 163 215 218 182 91 243 103 120
185 163 52 37 240 121 82 173 251 66 121 182 195 168 170 142 218 196 176 176
15 34 90 159 117 121 114 27 218 58 13 136 114 27 120 242 170 170 95 103
185 57 121 253 210 40 131 144 200 208 58 194 23 218 242 182 243 142 26 181
209 10 128 12 218 210 242 182 113 160 158 210 136 200 73 131 87 25 119 87
58 223 218 20 96 38 186 186 192 96 112 175 113 118 212 200 96 235 103 103
114 168 0 114 27 192 136 178 186 117 52 58 65 242 200 96 121 96 182 69
58 93 85 66 108 173 121 10 141 72 56 14 121 189 220 104 218 103 241 87
10 158 186 87 209 42 114 223 159 0 3 186 96 183 187 58 218 219 160 122
18 27 246 205 10 177 146 58 251 3 181 203 62 200 26 186 203 24 196 239
192 121 251 221 26 241 241 174 200 96 42 52 73 62 28 200 114 27 150 242
92 104 109 121 158 160 96 42 121 223 194 182 113 121 99 98 182 58 219 219
253 252 102 58 50 242 50 72 87 121 103 34 136 114 108 96 96 192 50 251
151 20 38 14 209 21 5 12 233 122 96 205 174 96 114 178 96 141 107 19
211 186 96 160 218 96 121 182 96 58 215 218 6 14 212 50 110 147 121 114
245 121 182 182 189 205 107 13 87 78 121 202 114 108 250 196 242 87 182 176
223 114 72 87 27 37 8 196 108 121 9 242 179 12 72 248 135 121 181 242
252 26 0 26 195 104 58 218 65 38 158 215 176 10 96 34 50 121 80 14
114 203 35 186 108 141 0 114 187 37 96 66 205 227 113 14 131 103 241 87
194 234 151 103 236 147 74 23 87 209 92 219 96 158 160 242 159 10 114 154
76 46 186 186 111 248 72 158 51 27 218 58 251 87 121 158 69 11 92 39
231 160 64 27 235 19 186 80 33 121 128 25 218 50 5 122 96 65 160 94
114 16 108 131 50 108 30 121 0 121 74 10 210 135 108 148 203 182 66 152
58 106 5 0 186 30 121 9 148 230 41 182 184 147 76 84 75 26 241 218
242 21 148 11 66 185 93 62 184 96 151 231 121 182 178 121 200 58 244 242
192 205 78 84 173 121 115 87 62 231 114 252 246 250 211 87 216 108 185 147
58 96 11 188 121 87 108 122 186 148 211 114 27 104 135 74 131 197 131 123
37 196 108 143 223 215 40 114 33 105 227 14 181 242 87 14 131 236 16 23
185 230 189 242 191 152 182 216 122 42 144 14 100 50 216 27 210 117 50 218
231 160 50 152 114 58 51 121 92 218 2 95 216 122 42 50 137 96 26 170
205 194 14 186 9 42 50 136 200 113 64 10 239 172 230 87 110 244 181 50
10 245 230 99 87 23 175 121 96 113 244 242 200 72 199 160 108 242 231 121
91 14 58 12 215 152 242 127 178 211 96 66 186 162 83 74 5 40 242 127
192 67 114 235 151 20 96 1 96 121 182 176 242 200 201 212 204 245 6 165
58 3 108 56 150 242 208 74 5 75 136 135 130 104 248 135 121 158 168 82
231 114 168 71 16 44 200 210 182 38 87 121 141 96 45 96 176 144 243 103
58 50 66 217 212 231 176 144 96 121 40 30 23 131 223 196 235 85 218 242
114 80 223 69 122 26 73 127 176 242 39 136 191 119 223 19 152 81 251 41
50 94 231 243 120 209 231 28 26 103 50 229 50 5 123 58 242 200 55 62
109 38 215 251 173 103 0 230 62 168 113 19 10 26 42 7 189 250 95 66
242 87 0 50 209 31 135 186 170 178 147 133 72 199 135 97 83 242 2 170
186 147 121 92 231 58 135 243 219 114 121 185 101 142 210 46 120 191 160 87
138 50 126 85 148 212 254 182 113 212 106 105 112 38 96 231 242 165 230 87
242 14 30 245 121 239 72 134 182 177 114 108 26 186 26 148 62 94 121 178
205 10 170 223 244 82 87 3 83 178 8 223 223 114 186 186 186 200 113 34
74 194 14 201 114 96 50 2 127 182 216 122 26 50 50 1 65 0 182 242
245 211 58 215 168 114 38 126 191 141 38 96 218 113 212 144 14 121 121 114
125 0 209 158 242 200 78 27 82 170 242 200 223 114 64 121 186 212 50 66
205 223 72 110 212 10 141 18 104 87 135 33 35 102 50 56 87 121 95 41
211 131 130 158 158 96 26 186 114 158 158 103 123 179 81 52 114 235 250 179
223 114 251 87 252 16 108 196 170 121 182 121 126 114 223 114 114 23 87 10
185 50 190 108 42 58 10 219 176 160 76 109 82 185 186 81 123 121 58 245
10 148 26 96 118 210 182 189 182 216 253 209 218 242 242 66 23 62 218 102
170 121 242 21 108 106 251 42 153 170 212 96 178 10 212 121 135 108 90 186
192 234 170 101 231 242 148 179 241 56 218 204 241 25 96 121 158 103 109 121
185 103 175 3 148 114 168 38 218 254 158 209 242 3 253 186 186 93 218 51
163 253 251 179 123 12 250 0 136 178 35 150 179 185 163 245 242 200 46 12
114 239 96 178 215 158 204 215 163 205 72 185 223 14 0 121 186 159 121 159
114 200 72 209 231 242 127 136 200 58 69 91 56 179 0 34 123 66 151 103
96 121 182 223 251 50 21 66 103 87 7 107 102 3 170 46 12 114 210 136
114 116 186 108 211 131 26 0 241 218 78 121 203 108 103 139 250 123 12 205
114 178 182 58 58 185 141 14 66 188 134 12 205 242 200 200 51 164 231 235
50 136 205 243 135 242 19 147 121 192 186 69 91 214 231 58 251 12 122 42
252 250 163 17 196 22 12 45 121 58 189 230 45 121 103 160 122 35 114 114
