221 12 131 135 200 148 205 103 179 34 31 114 106 146 29 42 69 110 120 197
58 13 83 83 160 160 158 158 21 213 96 65 38 66 73 118 182 88 14 156
58 107 120 200 26 241 218 96 251 173 178 239 97 242 186 14 186 186 74 97
160 102 50 1 233 215 218 50 206 135 21 94 178 144 200 174 99 186 136 112
188 251 95 121 108 179 12 0 65 147 160 122 74 199 219 185 103 77 87 121
158 215 218 135 242 150 25 93 114 150 203 12 158 96 50 251 76 127 208 50
231 146 128 242 21 226 195 114 23 236 158 135 121 58 34 69 185 14 223 148
114 178 84 242 91 235 242 182 26 111 21 215 14 121 182 141 96 250 176 160
137 170 115 242 21 14 186 108 211 218 105 235 248 223 135 69 163 176 215 218
58 107 13 94 208 223 114 164 218 138 82 189 240 23 136 114 239 168 14 77
185 102 96 174 218 242 87 127 186 108 46 174 30 14 14 121 12 195 149 22
15 146 21 209 34 198 251 210 87 12 241 182 250 108 201 90 174 14 111 16
192 186 92 95 121 22 26 178 46 16 91 223 159 38 76 186 108 255 185 230
242 14 186 148 192 218 241 87 96 152 108 146 29 31 56 152 170 215 212 218
65 105 35 231 114 192 23 223 120 108 182 56 197 96 245 203 212 29 227 153
96 231 75 108 26 6 128 135 200 250 50 103 241 218 191 152 71 109 5 123
58 194 14 186 96 196 158 96 205 65 242 14 113 96 182 215 212 195 82 211
10 189 152 210 164 209 203 158 106 84 114 38 141 218 215 218 219 32 93 219
245 209 114 100 104 200 96 52 214 212 96 50 172 136 218 242 230 182 14 13
252 37 91 153 242 178 23 211 84 236 100 14 37 113 109 110 181 203 108 231
58 254 45 109 231 87 212 96 200 250 50 232 96 235 226 181 241 45 94 138
144 14 185 172 103 159 109 186 108 19 23 87 4 64 209 136 242 82 242 218
58 245 211 94 136 200 96 141 178 85 242 76 212 232 231 87 121 114 22 148
58 200 141 160 8 205 122 223 3 221 26 241 182 215 218 215 232 96 241 174
107 252 252 221 26 93 135 123 6 118 200 42 187 27 186 108 250 108 26 42
58 50 189 113 26 96 26 207 110 163 253 176 178 173 69 162 108 185 66 70
161 26 108 158 108 46 114 121 108 173 151 182 27 242 200 161 242 179 218 216
223 114 168 108 114 102 186 181 121 151 106 114 135 85 182 109 54 6 161 83
253 121 253 251 231 158 4 174 114 96 253 96 50 201 45 109 67 230 114 19
10 146 121 205 155 102 58 194 14 251 71 19 186 50 108 152 211 2 127 199
58 200 109 26 189 191 95 121 8 175 114 72 121 38 25 76 189 96 51 212
131 135 242 136 45 152 150 152 113 106 173 10 20 96 231 130 242 127 178 69
161 242 30 87 135 114 178 35 147 122 96 96 69 219 230 178 160 245 209 170
37 38 253 251 209 218 242 21 98 114 187 104 14 121 218 96 114 200 181 211
97 241 230 87 169 87 218 113 212 74 240 199 242 122 42 224 11 113 113 212
58 102 137 73 50 61 215 108 250 0 50 6 39 239 145 50 50 46 108 216
121 58 253 121 163 50 21 25 175 0 56 71 99 186 108 133 50 46 26 50
28 147 244 30 133 50 210 87 193 152 150 179 218 215 242 200 42 83 231 91
182 242 83 147 115 170 23 189 28 182 138 14 78 189 96 178 88 46 142 99
160 103 215 103 23 62 173 121 182 242 179 203 174 94 231 199 232 158 223 50
24 108 182 242 12 48 242 14 251 23 0 200 134 82 223 186 181 42 108 26
158 51 65 103 164 218 188 242 14 250 218 113 25 10 181 242 151 245 244 218
37 219 32 218 51 180 186 241 25 121 87 152 108 173 121 223 219 223 203 170
24 250 108 207 114 22 218 113 244 123 248 209 121 248 7 174 182 113 114 251
160 215 171 240 136 200 6 118 144 14 121 114 5 31 251 50 1 108 173 121
10 141 121 205 121 178 23 62 197 242 212 13 193 210 153 129 83 242 250 179
107 13 136 200 205 242 200 27 237 25 187 0 121 146 10 158 218 71 113 158
222 56 228 251 42 131 200 58 176 200 26 241 208 50 209 24 16 108 164 96
58 30 112 114 108 173 242 200 209 35 114 114 121 245 211 23 87 186 186 108
24 28 114 114 27 23 150 108 173 253 183 236 24 25 121 142 14 146 247 210
151 158 158 121 96 58 34 252 50 10 87 152 114 50 0 186 105 170 103 38
201 115 199 219 96 113 212 107 13 7 161 11 250 174 168 136 114 242 178 186
114 62 221 178 182 192 108 141 54 121 173 242 200 16 158 109 121 114 7 114
37 66 52 233 243 121 181 114 72 121 120 242 200 218 96 94 147 177 248 223
107 50 5 223 14 218 210 65 126 45 216 237 136 223 171 84 114 61 26 103
58 194 14 114 108 104 133 50 223 242 179 218 102 182 215 108 44 147 158 37
192 189 235 12 160 245 212 51 122 230 96 154 245 223 50 251 199 122 96 13
151 121 182 210 50 10 210 182 118 99 23 197 50 152 114 182 189 242 87 14
160 1 191 248 242 182 250 251 74 8 58 58 163 12 87 16 41 128 96 218
114 178 203 9 242 212 143 96 151 158 96 112 109 186 200 26 111 13 158 50
185 111 158 93 50 26 26 170 178 182 239 84 141 160 106 121 158 144 92 150
160 245 194 196 189 9 193 114 4 100 13 200 26 50 218 58 32 93 242 136
50 206 122 50 104 121 35 105 87 78 15 252 186 114 27 114 235 242 200 250
58 106 187 148 255 192 186 158 160 170 142 204 240 31 227 106 168 159 86 186
