223 186 96 66 83 81 151 158 37 242 179 12 69 104 231 135 2 108 243 85
163 160 52 96 97 108 186 147 62 16 121 21 5 170 103 19 182 26 240 108
223 114 4 190 196 173 69 127 165 173 223 182 231 242 66 23 62 147 121 40
245 114 121 120 173 34 96 58 50 106 122 96 26 64 121 58 50 20 196 108
114 200 96 251 120 158 42 123 50 108 152 239 242 87 162 152 182 170 121 126
50 176 253 223 50 48 223 251 135 200 107 186 108 186 147 14 121 237 134 196
234 200 170 155 29 14 186 144 200 26 241 87 251 248 135 242 179 26 186 62
92 138 230 189 85 25 121 243 123 133 195 182 245 14 13 152 242 127 242 182
242 182 22 163 174 77 212 121 106 50 253 251 123 135 108 173 121 193 136 165
114 121 211 74 187 189 174 170 71 170 103 76 168 151 242 200 126 159 251 42
163 174 82 18 50 56 209 80 12 158 218 241 25 87 114 4 189 103 87 121
40 231 209 10 194 14 239 64 182 26 96 103 12 150 179 71 207 66 121 209
58 102 194 182 38 58 218 50 50 5 75 211 209 23 87 6 161 144 242 127
163 50 73 62 217 71 247 239 26 103 91 186 108 186 34 36 244 189 174 104
185 0 111 158 108 239 58 86 83 251 112 51 76 82 109 121 74 194 14 181
50 216 122 200 134 51 96 113 106 14 56 96 114 12 114 27 34 123 176 122
58 107 178 84 221 12 64 163 251 209 16 16 166 15 111 231 114 186 181 121
245 102 12 114 72 248 227 50 121 57 133 50 103 0 121 186 203 200 1 50
112 56 218 181 14 135 201 205 188 182 177 242 200 42 144 241 96 6 216 105
197 205 17 58 211 14 136 121 230 82 96 26 241 174 42 121 114 38 138 114
247 197 179 218 96 96 71 186 200 78 239 223 50 23 189 251 58 208 241 208
114 14 96 127 200 26 82 186 186 114 62 200 9 147 121 185 75 102 2 242
50 72 16 189 242 200 98 131 106 197 170 182 182 151 242 200 96 109 192 215
58 218 242 127 178 0 241 3 111 133 99 215 14 218 250 108 182 216 138 56
158 37 216 50 21 255 184 221 207 11 66 83 242 182 200 181 219 195 108 196
114 235 239 200 96 185 190 152 159 10 250 108 141 242 14 50 27 105 227 223
151 121 110 223 114 186 186 181 87 135 194 122 42 108 26 96 75 200 218 242
102 194 28 200 186 181 218 96 212 14 96 231 112 14 96 226 1 242 203 170
167 186 200 51 104 121 96 151 182 182 126 168 114 27 247 96 251 209 16 51
106 27 244 251 181 135 242 200 50 242 182 110 121 205 220 186 163 50 72 81
146 12 192 110 203 16 123 95 62 147 121 34 95 121 121 176 176 215 200 27
58 194 23 52 121 189 174 96 135 179 200 37 133 241 18 122 174 200 26 50
192 186 96 26 186 96 26 6 120 123 12 94 147 158 121 245 92 104 223 107
250 50 248 218 74 23 242 121 182 45 7 60 242 203 66 242 127 151 69 80
208 192 194 14 210 87 212 70 100 2 135 2 200 242 232 242 196 210 200 16
223 16 108 25 243 0 10 75 174 131 220 172 23 120 242 200 135 87 110 103
185 241 218 241 182 91 223 50 95 14 126 168 38 195 184 141 113 159 71 21
245 11 232 45 182 38 114 72 0 23 83 216 16 108 11 221 56 42 123 12
234 200 186 186 93 181 62 193 31 175 12 135 5 235 219 22 141 121 128 92
16 189 182 113 121 182 242 85 182 126 189 146 95 231 5 242 200 114 26 226
209 74 8 85 96 215 112 250 123 208 58 218 242 66 152 23 108 192 178 26
122 186 205 4 158 218 96 50 50 113 212 122 42 173 223 251 95 23 87 135
253 121 7 50 251 209 10 108 216 51 134 246 231 226 114 72 185 18 81 182
176 144 224 148 22 87 218 181 14 177 33 0 121 151 158 187 158 182 45 242
245 243 246 211 94 200 22 94 200 178 141 223 135 114 65 108 133 218 218 108
58 231 7 118 179 31 42 123 65 69 3 67 92 87 14 190 31 163 85 212
58 218 109 121 52 176 158 16 226 27 50 226 25 242 218 255 103 123 12 203
185 189 174 104 242 14 148 178 173 227 69 135 108 182 210 83 204 152 108 173
138 252 108 199 215 218 171 242 22 207 110 123 121 192 130 231 50 135 136 26
161 80 35 50 72 95 152 44 114 27 174 114 135 136 50 218 96 121 63 215
163 174 26 186 108 148 197 107 13 12 131 195 26 241 182 182 176 215 174 14
192 186 96 151 96 109 75 108 26 103 108 26 170 182 216 106 113 251 248 135
58 107 227 106 104 135 121 131 223 114 114 4 19 82 136 82 37 104 100 135
107 25 7 135 242 200 27 148 211 30 242 200 170 103 179 12 104 236 31 105
26 2 96 187 94 121 106 204 103 87 192 122 26 83 242 200 152 141 108 121
160 41 16 103 1 234 209 121 122 97 211 240 147 121 135 200 223 203 108 182
242 178 151 182 242 113 176 215 186 108 179 12 182 114 58 176 144 91 243 173
58 167 186 156 218 204 96 25 58 34 251 221 24 108 173 160 103 194 14 215
205 116 185 56 127 52 19 152 96 108 34 104 114 27 168 114 233 218 51 134
163 174 218 122 66 138 174 104 114 158 210 182 58 12 135 40 104 247 114 235
201 160 242 87 23 87 35 161 50 163 107 186 108 26 123 185 128 158 114 168
182 196 121 50 2 205 186 212 215 96 38 50 205 23 103 181 23 104 71 177
245 211 26 186 103 241 45 196 242 106 251 21 66 123 12 75 135 200 218 201
160 35 196 114 108 134 223 35 186 108 26 181 8 139 73 244 158 67 114 27
