159 16 4 93 18 104 14 216 106 207 238 185 0 83 57 87 32 241 174 170
242 127 251 42 34 123 184 148 218 106 50 201 176 231 114 19 205 252 192 186
151 160 121 245 10 126 45 134 87 121 102 158 160 92 158 67 242 26 83 101
24 16 121 97 159 34 4 121 114 114 4 41 95 182 113 248 223 186 148 96
68 212 96 151 182 223 114 108 114 121 181 242 127 200 121 136 114 235 83 192
28 121 182 121 182 141 215 174 212 215 41 71 136 185 230 182 212 14 186 181
58 196 67 96 201 176 79 121 96 121 114 96 112 66 185 14 231 216 106 0
90 203 0 144 83 245 11 215 189 96 231 38 226 1 96 223 69 35 108 173
192 158 51 37 215 218 200 96 94 127 232 215 121 205 220 209 182 216 176 96
114 27 26 193 94 150 231 121 58 158 232 96 181 19 178 205 103 87 27 251
192 158 114 72 87 158 21 152 109 186 96 29 103 50 179 31 75 186 108 186
242 250 21 237 186 108 168 195 242 173 121 58 194 231 38 96 231 146 123 171
200 138 82 209 56 112 51 121 158 186 189 20 244 109 186 186 102 137 40 158
151 32 121 218 96 121 205 114 223 106 114 27 186 35 150 212 182 242 87 128
24 108 186 120 158 144 2 127 152 24 16 21 67 210 186 186 186 186 203 95
221 26 186 241 50 31 241 134 27 215 108 178 2 38 80 182 242 127 144 170
145 96 212 16 160 63 58 231 158 103 241 50 148 45 165 66 121 158 96 186
221 50 96 121 58 245 13 52 39 164 181 121 218 96 50 108 252 250 12 114
209 173 242 200 42 108 83 245 218 212 51 209 224 41 158 87 234 170 96 121
58 218 245 91 16 212 112 176 254 96 186 114 27 96 112 14 74 72 172 121
50 61 201 160 215 40 182 65 133 218 67 22 176 200 251 173 251 50 165 231
50 151 27 48 208 194 23 218 71 123 24 147 121 243 21 121 182 95 5 50
91 243 142 50 108 121 178 108 141 102 179 173 143 96 186 181 114 158 218 26
157 31 99 41 212 104 64 108 182 102 74 10 114 70 218 58 56 166 121 223
58 194 82 253 107 25 114 108 114 19 196 141 211 251 135 19 50 114 27 237
10 207 216 209 160 144 248 251 209 85 24 96 121 47 151 182 232 215 42 114
242 151 55 151 107 135 171 87 7 50 27 113 108 192 186 108 23 150 246 51
96 121 205 18 131 158 144 200 148 96 112 38 201 121 114 114 108 186 8 26
10 186 93 41 96 42 23 131 184 109 173 223 147 103 23 199 121 96 96 96
185 189 136 3 230 159 123 55 174 203 26 186 186 120 48 41 10 0 51 121
163 34 16 160 8 73 170 211 103 176 215 136 200 116 148 9 121 186 242 200
245 11 239 50 84 65 251 181 135 30 81 219 181 248 134 88 14 22 94 199
158 218 254 241 25 7 135 114 235 26 107 21 4 14 209 26 96 239 114 163
167 186 108 221 134 96 212 106 122 230 170 189 61 139 51 242 231 108 160 114
58 218 50 242 182 113 1 10 75 230 96 6 223 113 21 113 106 251 96 231
253 121 147 121 158 251 179 62 178 173 154 121 69 189 179 196 114 178 121 182
159 212 96 71 114 61 31 158 218 159 251 201 50 108 206 34 62 104 12 150
96 121 218 242 127 26 50 66 42 108 253 121 185 27 230 151 121 8 182 215
228 200 72 231 210 200 26 96 26 6 216 247 114 94 27 26 168 210 61 85
114 114 223 186 186 108 114 209 4 254 189 182 216 106 122 26 180 1 158 251
163 102 58 50 216 122 186 51 96 58 128 121 223 162 19 121 201 78 24 21
192 121 96 58 242 127 179 243 135 182 151 106 209 82 185 72 185 77 108 196
242 14 121 200 96 106 96 215 112 135 114 27 22 186 108 46 16 121 114 223
43 114 215 218 45 196 122 186 203 96 2 218 242 82 185 152 221 26 241 217
10 205 211 186 114 189 12 150 179 62 251 218 71 24 236 13 87 27 50 33
114 27 4 41 242 87 82 150 196 211 177 178 159 147 177 178 77 248 163 174
58 144 157 151 158 158 144 93 245 62 143 189 134 23 25 248 158 30 85 219
151 121 40 138 87 14 96 181 114 172 121 87 121 158 219 102 97 212 96 50
96 212 121 108 231 242 196 14 173 242 200 218 58 123 152 208 200 50 251 182
74 87 212 185 216 106 160 51 121 182 182 242 200 27 39 95 152 113 163 252
88 223 50 1 111 100 205 184 152 223 135 195 21 11 217 128 71 80 150 223
228 200 83 85 148 182 96 23 163 34 67 58 58 196 0 42 50 108 163 184
135 192 136 114 251 19 104 19 122 26 41 208 58 107 200 201 51 251 231 21
10 223 107 108 189 113 146 27 197 50 242 200 105 227 112 27 26 241 174 173
96 186 186 108 114 121 192 215 108 242 200 226 27 251 112 135 200 27 26 123
52 35 13 150 91 33 108 174 62 137 45 67 195 182 242 179 234 223 151 82
223 131 30 176 125 223 186 34 252 200 130 186 148 26 158 246 121 253 12 195
211 88 121 197 195 148 78 182 182 58 176 215 150 34 152 66 121 96 66 50
252 200 174 200 64 251 65 196 19 82 224 242 82 192 122 186 114 26 186 181
221 134 105 64 130 121 30 114 152 20 96 118 196 242 142 175 121 114 193 189
223 114 96 212 50 50 176 122 96 50 121 114 108 5 67 58 85 96 179 50
158 16 215 11 51 121 144 254 96 151 39 163 174 158 138 31 158 34 123 200
185 189 103 34 12 114 250 179 114 235 108 146 197 96 121 182 176 242 200 26
242 200 108 42 80 165 114 27 186 108 114 158 102 199 160 245 154 158 242 121
