243 102 121 114 27 239 186 181 50 223 151 25 121 144 108 200 96 58 178 62
58 194 14 0 203 152 147 106 153 122 50 122 173 242 200 121 207 195 223 34
223 211 239 114 50 72 172 21 1 221 218 108 251 94 200 113 197 5 186 96
234 127 25 248 121 50 177 103 219 108 150 221 50 65 127 251 91 160 131 106
114 114 223 114 114 23 203 79 121 58 57 50 146 231 23 131 158 114 29 173
163 223 215 159 174 94 111 128 121 181 14 77 22 201 114 139 242 108 148 121
92 147 231 178 212 64 69 182 151 231 7 212 161 50 251 123 196 108 173 121
96 239 205 74 34 227 242 151 148 48 210 186 108 239 158 209 159 106 122 42
58 223 114 186 135 121 114 134 27 144 241 200 168 189 189 105 97 218 218 71
163 112 26 241 218 51 51 121 248 243 173 182 176 242 200 88 14 186 19 93
21 96 66 172 66 121 58 50 122 96 73 72 192 56 76 163 218 45 98 182
114 108 201 201 203 106 108 182 242 179 218 96 38 96 38 230 215 31 215 218
58 194 14 69 70 23 163 13 87 183 11 135 175 185 215 87 247 230 45 182
120 136 121 205 223 72 242 200 195 178 136 200 250 58 245 243 37 242 200 205
178 243 242 200 96 12 175 158 251 50 48 87 123 200 96 186 170 102 144 185
114 223 69 148 112 71 252 14 14 251 173 106 239 41 212 215 218 218 242 148
35 147 34 108 231 23 131 242 173 242 200 51 23 62 223 69 148 41 46 158
121 96 205 221 26 50 12 45 197 176 200 96 138 50 61 186 87 29 158 201
57 121 45 181 114 75 108 178 232 96 121 58 7 99 98 121 203 231 160 198
58 79 182 242 200 126 58 50 151 216 122 38 158 67 242 50 21 1 245 102
97 108 173 173 121 192 121 205 69 114 108 250 92 150 47 121 185 103 152 163
163 253 10 186 212 96 121 35 106 135 31 242 21 52 94 21 5 235 242 190
114 250 50 108 56 25 12 173 223 219 186 114 121 181 21 20 96 66 2 168
205 59 176 215 218 103 34 123 136 253 251 50 152 114 114 27 58 103 50 61
125 92 158 218 210 121 181 220 96 186 96 121 192 37 242 200 26 186 193 20
128 107 25 121 197 236 135 182 113 108 245 211 154 218 96 251 66 242 189 182
192 194 188 211 158 105 128 209 231 27 105 96 94 173 121 58 195 27 91 242
37 196 136 200 168 250 87 203 152 252 102 218 242 127 82 19 104 236 131 113
252 58 24 114 104 135 121 38 96 51 58 212 230 203 120 170 159 147 121 181
10 144 208 121 50 48 103 108 196 85 113 176 215 153 161 50 105 233 248 58
192 121 28 106 143 193 158 158 34 174 105 114 209 123 208 192 62 123 208 125
58 218 123 87 135 5 58 241 0 211 41 14 173 65 199 121 16 184 42 108
209 234 170 121 121 57 23 39 123 12 122 186 114 173 58 121 50 94 200 211
114 50 27 163 12 128 24 248 135 135 30 173 220 253 121 196 168 113 23 207
195 251 173 251 208 163 114 26 96 6 82 160 101 231 46 14 134 31 122 186
185 230 159 121 186 170 121 10 102 58 200 7 136 191 186 148 103 0 223 50
145 159 27 235 19 107 123 12 121 35 127 227 21 122 121 108 121 40 104 159
158 218 191 121 182 20 231 251 235 242 200 86 26 121 34 95 148 103 6 128
248 135 1 50 209 62 147 243 212 178 152 113 114 204 21 152 126 178 192 186
247 101 234 170 248 223 170 177 30 163 239 50 50 144 82 2 152 134 138 24
221 25 102 137 184 186 239 108 59 93 135 242 87 78 242 203 0 31 114 108
96 121 160 103 0 85 152 253 197 204 96 160 141 215 218 210 95 248 108 52
110 92 150 112 113 248 227 24 147 236 247 87 139 242 127 12 114 23 237 87
192 148 211 41 185 152 192 186 160 245 253 121 218 103 162 133 219 195 136 114
10 46 34 36 164 50 35 120 23 131 135 210 197 50 108 201 231 192 114 84
245 151 215 121 127 200 242 200 186 203 152 114 19 212 218 151 121 69 58 135
242 114 165 109 121 38 75 170 153 114 197 181 223 135 200 50 27 130 69 27
234 78 50 27 108 178 242 39 12 114 118 212 14 121 158 112 108 242 242 179
145 114 26 218 171 76 83 245 102 30 85 66 181 211 24 205 24 6 143 186
158 144 93 175 77 67 242 87 61 31 56 96 232 67 201 114 215 121 99 195
192 186 108 44 173 223 0 186 186 108 252 57 234 2 127 208 94 200 183 26
40 212 215 38 42 96 112 215 218 182 1 252 24 221 25 87 111 231 205 233
205 227 23 0 186 147 212 100 245 237 83 152 114 37 245 198 121 114 27 52
57 186 200 22 186 186 18 163 26 148 151 102 242 83 112 58 50 76 14 67
158 134 211 122 186 82 116 50 136 114 135 242 200 26 181 87 50 200 168 25
205 108 114 154 23 128 223 69 215 91 56 159 34 2 46 87 50 234 137 93
211 131 50 147 135 121 106 67 92 175 63 114 27 120 218 242 12 175 73 199
209 146 58 135 128 209 173 242 208 151 121 182 58 104 160 121 196 244 121 242
228 243 123 200 96 83 51 158 123 39 95 151 193 27 118 178 207 33 159 119
135 91 243 144 158 56 96 87 96 201 195 231 242 200 42 26 56 218 179 66
58 194 14 141 151 184 98 80 150 96 67 108 221 94 200 193 20 100 243 96
231 223 114 60 154 80 121 158 25 114 108 210 64 121 26 87 241 245 96 113
243 121 61 182 10 45 201 200 78 223 69 91 83 223 50 27 196 210 205 235
159 114 121 205 233 186 186 108 193 51 59 5 114 121 72 252 186 108 152 203
