242 14 94 206 242 114 205 103 135 242 182 22 186 181 203 39 5 96 241 152
231 160 131 114 76 126 135 211 136 151 121 182 207 218 50 197 58 16 114 108
192 52 21 66 2 14 121 121 114 51 134 108 121 195 200 58 227 113 23 62
163 186 72 199 158 135 63 135 16 181 102 242 191 87 83 210 39 135 112 58
242 14 186 74 23 45 207 113 123 33 199 186 135 193 211 14 95 121 79 40
170 231 82 96 34 108 133 195 168 114 96 50 56 96 121 176 159 10 45 195
58 198 12 158 103 34 123 12 203 135 242 190 0 218 242 142 170 127 50 206
205 209 185 128 231 242 200 253 96 151 118 231 253 121 12 114 105 64 242 135
205 115 83 21 67 38 52 215 200 242 208 158 215 218 113 123 12 131 106 235
128 76 147 134 27 150 196 175 51 103 87 19 66 186 186 181 19 163 151 106
245 11 215 218 204 175 253 70 122 251 173 58 201 242 182 113 147 123 25 121
50 52 7 238 151 212 209 242 85 250 179 108 173 242 182 151 20 244 212 50
138 35 114 112 61 215 121 176 43 205 16 242 82 42 123 95 199 185 186 186
253 121 58 41 147 121 114 200 94 242 250 176 245 45 32 114 22 77 223 69
58 194 14 242 203 170 53 113 106 114 203 134 7 178 191 98 248 76 114 7
24 16 4 245 102 78 114 56 203 108 182 242 127 36 204 96 42 113 10 95
58 13 128 14 154 215 42 75 131 177 92 203 85 12 230 110 177 251 188 58
231 16 85 196 109 87 186 158 206 170 66 223 203 152 170 41 230 138 91 196
243 103 12 108 114 27 192 186 148 58 13 200 148 210 30 133 96 151 18 158
65 196 56 245 131 106 114 72 123 135 242 114 27 211 52 114 160 81 6 114
158 158 242 133 218 113 50 122 42 115 50 206 122 186 163 215 112 72 123 33
65 42 87 0 121 218 241 25 114 108 23 134 178 52 59 72 59 96 21 209
200 151 182 242 200 106 114 37 176 110 12 252 50 134 243 72 123 127 150 196
40 203 152 31 50 31 114 84 32 0 33 32 218 174 115 123 38 96 2 250
96 121 153 148 6 96 103 186 142 203 108 160 8 218 231 121 192 122 186 186
96 83 80 31 99 212 14 0 113 212 170 177 103 50 46 135 242 127 144 200
114 168 203 0 121 234 2 14 197 6 207 62 147 236 135 94 2 127 14 121
59 113 236 102 27 24 197 50 171 105 241 25 121 114 72 87 121 192 96 96
221 50 240 108 182 27 108 196 26 50 173 121 121 185 111 158 243 219 96 178
176 116 93 218 244 69 30 177 160 123 7 120 21 206 11 250 12 175 210 182
211 121 205 223 135 21 50 216 106 251 46 119 242 182 242 66 152 163 196 173
158 123 135 210 199 103 75 186 211 223 230 182 20 186 38 120 231 146 182 176
227 223 35 186 215 7 87 14 190 163 111 195 252 50 251 30 244 182 242 14
242 231 121 182 176 177 144 82 178 48 160 254 96 244 241 21 152 11 188 182
74 128 103 223 50 135 242 165 173 27 182 151 147 121 151 160 38 96 250 144
185 151 31 41 16 211 209 31 45 114 76 203 135 242 127 104 96 19 114 135
185 111 41 95 152 198 21 152 91 112 135 127 243 66 0 7 50 136 114 108
92 143 96 250 179 12 227 201 141 69 160 194 106 14 96 14 251 50 95 96
209 38 50 58 223 77 214 38 158 96 96 186 39 181 19 95 231 212 144 14
58 186 119 2 196 177 144 14 215 108 178 248 114 87 135 51 121 128 253 40
37 160 177 121 134 110 200 209 58 16 242 178 26 186 186 203 4 80 96 23
58 218 103 241 246 96 109 65 122 42 65 17 170 189 40 96 121 176 160 227
58 215 218 138 218 113 123 164 58 12 135 200 242 79 242 182 135 242 208 137
58 135 39 242 30 31 186 224 241 87 7 45 105 122 118 20 14 179 51 121
186 217 102 16 5 123 50 182 171 199 121 114 207 229 50 27 50 237 186 108
111 182 250 242 200 37 21 208 194 178 87 186 9 110 128 168 207 242 66 52
242 14 195 200 22 131 242 127 231 242 200 108 179 12 131 96 235 203 147 178
160 215 212 71 158 158 160 121 96 241 2 48 251 29 31 185 152 239 46 121
158 160 122 108 44 114 203 102 186 181 242 170 23 108 173 219 26 138 50 182
10 18 26 241 25 87 135 114 23 128 240 203 85 242 91 164 253 127 241 178
253 121 114 26 209 67 233 96 50 104 114 50 137 200 58 122 10 186 144 82
192 186 114 72 69 23 23 199 177 177 103 19 151 147 121 243 225 121 158 158
242 200 148 79 12 106 186 186 96 159 135 125 87 114 108 186 186 108 186 96
58 158 103 242 127 28 182 20 96 42 114 205 58 148 254 96 179 186 14 210
58 194 14 247 81 218 176 160 188 254 167 215 176 103 21 211 241 207 73 62
114 120 203 170 173 178 199 242 182 210 87 14 201 40 242 152 11 113 152 42
253 58 13 10 42 87 16 108 19 102 192 186 50 148 240 121 200 168 50 109
222 253 37 14 215 196 242 222 87 121 64 147 159 31 186 181 239 158 69 91
192 186 186 114 172 20 67 170 159 230 74 87 168 222 170 177 227 181 0 186
163 253 66 119 69 11 174 131 205 215 50 65 255 94 243 103 75 170 85 242
100 170 121 45 105 177 223 14 148 58 16 114 72 31 135 86 42 164 50 121
209 10 226 89 242 73 114 142 189 5 252 50 108 251 172 113 212 146 35 200
192 52 186 6 114 72 120 211 121 87 7 120 26 50 251 173 223 114 207 33
192 114 195 114 235 26 241 218 255 50 103 121 219 230 99 23 62 104 232 29
