26 93 241 241 40 178 182 113 201 0 186 96 137 45 143 108 242 66 0 27
185 111 170 219 96 121 97 160 158 201 65 103 87 25 23 87 201 121 151 121
176 192 108 19 158 96 77 57 200 144 185 73 135 53 30 136 173 242 127 82
212 64 158 146 121 72 242 66 186 203 127 54 113 13 91 163 253 32 219 102
74 2 200 157 159 185 93 218 65 42 108 104 218 50 95 200 242 250 21 251
58 218 30 66 95 242 127 96 66 96 250 123 173 195 26 56 218 73 131 242
102 231 58 106 148 41 41 158 37 242 21 65 147 123 66 121 58 205 121 103
114 178 178 11 242 82 234 96 24 127 148 219 242 121 85 196 91 180 58 218
50 254 205 111 28 96 96 73 232 208 50 67 19 28 186 183 102 139 112 114
200 168 218 51 123 12 242 25 242 87 23 0 142 114 35 100 114 121 99 241
58 158 186 52 173 121 182 242 14 191 23 101 231 231 113 232 121 58 18 240
185 103 57 121 178 45 12 114 235 190 103 66 199 185 111 162 170 243 85 74
107 13 87 247 83 192 30 42 186 211 87 142 242 250 123 66 83 245 7 212
151 201 121 58 242 66 192 52 0 221 186 35 163 122 186 96 168 38 251 50
58 111 41 82 158 146 121 179 186 195 178 106 186 108 32 96 210 96 250 108
231 212 50 118 178 121 182 141 215 96 107 135 21 66 96 121 223 158 218 96
185 189 162 84 158 232 106 121 35 114 197 26 181 241 138 96 109 121 182 102
245 248 112 135 231 106 12 50 242 127 200 96 118 11 244 74 120 242 242 87
114 178 12 7 219 114 223 50 108 223 190 0 108 250 26 93 136 121 243 223
205 194 14 96 186 210 87 147 231 212 96 216 122 253 139 121 65 69 173 185
58 194 14 186 61 113 106 122 186 127 96 186 114 178 23 189 40 10 108 42
120 52 105 245 50 23 87 27 160 65 212 10 50 210 201 176 160 227 118 14
16 235 242 234 170 21 123 12 218 58 242 178 179 107 25 122 243 160 176 100
58 50 66 111 231 86 13 136 114 220 186 31 50 122 7 118 126 218 58 251
24 147 121 58 69 242 208 116 108 26 193 26 240 108 178 173 121 205 231 251
231 238 26 218 210 50 189 87 27 50 251 173 200 3 72 231 182 151 121 245
58 223 50 110 223 203 152 170 242 200 136 205 73 144 14 72 121 245 218 242
37 20 96 151 118 50 182 159 242 200 72 197 50 161 50 241 87 25 212 96
160 227 103 152 114 23 5 123 87 207 204 87 95 30 152 200 218 235 242 87
12 72 190 175 121 95 231 242 151 80 123 218 242 87 152 114 108 178 121 182
183 215 171 245 97 93 25 121 177 148 242 200 96 45 212 96 50 86 91 58
205 175 223 87 50 95 70 66 47 87 164 135 114 148 218 112 51 87 27 58
107 16 186 141 11 244 45 86 96 151 141 218 151 147 121 253 101 199 185 0
91 188 173 121 182 242 208 114 14 186 64 94 200 223 114 114 14 106 247 12
37 196 186 108 42 121 160 45 50 242 200 108 178 197 152 200 205 40 185 127
138 247 209 51 158 212 107 218 96 50 176 225 203 243 160 103 216 158 158 96
50 114 27 58 194 14 121 95 248 60 226 104 204 104 178 160 121 228 121 218
74 192 186 96 233 96 215 92 231 50 73 87 186 93 229 4 200 107 113 12
221 252 93 114 135 121 37 112 242 200 96 231 151 103 34 2 170 189 66 174
228 221 223 19 186 108 186 108 138 42 121 121 114 114 209 242 200 26 241 87
223 186 108 114 121 186 121 120 108 245 15 245 198 121 127 21 244 121 194 231
192 186 203 218 231 135 121 108 113 106 94 84 100 147 7 33 160 240 102 242
185 189 123 200 230 182 242 151 121 182 216 108 199 212 231 223 218 51 158 140
50 110 147 244 199 173 223 69 222 252 100 69 11 83 11 17 58 151 34 21
170 230 103 181 87 14 186 241 2 87 186 203 170 48 125 197 204 96 242 200
114 168 250 181 211 186 186 93 103 75 230 250 181 72 148 135 160 218 191 66
58 13 87 200 26 241 241 218 50 56 96 235 230 186 186 203 245 218 188 65
128 14 77 242 200 109 186 181 96 211 239 112 204 50 147 201 210 218 96 205
138 250 179 87 135 121 160 241 87 152 170 121 211 254 93 14 121 72 108 185
47 192 215 85 138 66 81 31 105 179 186 120 16 121 16 211 215 121 87 96
74 177 243 62 16 147 121 136 114 102 242 241 218 242 113 152 245 113 231 160
223 151 152 170 133 26 96 6 147 21 196 27 251 248 242 200 96 235 121 93
175 241 158 218 24 35 108 10 186 181 85 70 148 96 250 218 79 231 251 19
42 151 103 34 200 83 185 32 96 244 160 176 151 161 50 86 83 50 236 114
192 0 186 108 104 242 200 42 58 223 200 242 61 150 179 219 230 83 181 121
121 192 252 192 131 158 211 240 198 160 8 212 135 231 51 171 173 80 121 144
58 194 14 108 186 200 126 208 94 239 96 118 96 186 186 61 114 27 163 102
58 252 148 242 82 121 253 228 218 51 121 245 215 215 87 13 87 152 151 121
163 75 218 28 233 242 82 200 51 185 181 87 111 182 215 96 250 181 223 23
161 96 26 170 171 245 11 186 108 108 250 210 151 56 127 104 146 56 103 25
145 215 218 210 227 114 16 19 28 180 64 158 197 221 197 236 19 170 103 0
250 112 216 111 238 100 108 255 216 186 131 50 122 176 57 186 93 45 223 107
176 114 104 196 46 178 200 58 107 252 50 251 154 235 242 152 170 61 179 66
242 250 200 168 113 221 207 56 96 121 127 165 11 242 151 30 242 19 127 178
