107 252 174 50 50 27 56 123 56 66 121 245 198 127 104 50 1 242 102 2
192 185 176 248 227 114 121 182 242 2 178 144 82 2 14 23 92 56 80 121
8 159 114 27 112 85 176 113 182 121 176 215 171 14 186 186 148 81 103 173
185 221 93 218 135 21 122 42 186 108 3 108 141 144 241 231 108 50 163 223
28 147 102 242 14 0 192 121 220 168 135 22 210 120 29 14 241 205 0 207
209 254 141 188 182 185 103 214 101 121 186 108 147 160 87 135 121 185 191 242
114 223 114 186 87 96 231 121 78 61 109 186 251 45 62 148 114 112 114 40
158 215 176 85 128 218 113 123 95 71 231 251 66 242 99 151 121 182 216 244
205 114 114 114 215 159 67 66 23 0 112 134 147 121 200 58 251 50 108 173
221 218 103 123 12 92 11 56 19 25 160 123 34 62 35 108 52 124 239 121
151 201 186 114 114 121 205 116 108 19 196 182 114 112 58 58 242 182 216 113
192 178 77 212 114 118 232 231 241 50 212 96 178 14 242 208 2 127 42 121
85 96 38 121 96 231 251 109 50 1 151 121 58 135 242 45 114 179 218 34
74 194 121 162 170 5 242 42 87 123 12 14 69 14 212 244 121 50 72 104
121 205 10 74 214 23 25 23 53 11 83 196 114 4 10 230 26 87 186 96
102 85 96 209 224 3 109 151 167 219 10 108 231 209 242 200 44 114 27 211
50 242 200 170 103 87 121 218 242 234 127 200 251 106 173 73 14 62 147 212
145 148 215 218 103 135 128 242 82 196 114 135 121 200 91 4 218 242 82 121
26 158 50 211 245 23 31 227 218 168 5 134 126 218 64 231 27 99 108 212
185 215 218 65 99 216 176 248 72 123 208 186 76 186 186 151 181 127 242 127
50 1 114 108 121 209 174 186 96 90 203 19 69 26 66 2 14 114 76 158
24 147 7 92 147 231 177 178 211 14 4 175 120 231 135 193 242 45 103 21
243 142 195 197 152 211 122 173 231 121 205 69 173 121 248 113 106 197 19 232
58 34 200 211 211 116 186 186 108 221 186 212 96 141 32 148 112 212 14 121
228 218 245 108 46 114 9 131 35 159 114 5 121 176 26 215 218 58 56 25
58 107 122 151 160 92 12 11 242 115 113 6 5 40 205 121 242 147 180 23
107 252 50 251 42 113 123 95 199 212 14 200 103 219 221 122 218 96 1 161
151 158 34 144 104 242 200 126 218 50 226 251 242 200 125 59 91 145 174 61
160 245 144 14 121 131 158 218 204 182 113 118 182 26 212 96 64 21 26 96
163 176 211 105 196 51 118 96 113 114 83 176 33 37 127 242 195 200 26 96
137 234 200 24 34 218 50 208 251 253 178 83 185 10 5 37 251 96 108 152
58 218 204 242 87 121 181 121 118 96 250 123 19 208 50 244 218 242 200 18
163 146 251 135 21 160 8 212 96 51 121 96 65 160 181 23 219 12 90 27
151 18 104 190 209 197 24 16 125 95 92 242 135 123 95 106 131 106 242 242
158 102 65 164 135 156 26 241 218 9 176 177 114 108 114 30 42 0 121 12
58 13 218 243 130 223 14 186 114 158 218 191 164 241 252 252 50 250 171 96
245 243 177 53 42 136 10 108 26 148 96 216 108 34 55 179 123 184 152 127
185 66 241 174 218 96 247 182 216 122 186 148 215 159 103 30 95 109 121 182
163 151 160 34 223 114 235 96 50 182 176 85 79 198 21 72 244 23 209 243
221 50 230 96 231 42 12 135 136 203 152 170 119 69 23 128 160 227 96 6
114 69 160 170 10 184 96 250 57 29 126 96 113 45 176 235 148 242 170 48
248 163 146 69 26 42 136 114 29 14 121 114 27 144 100 179 51 102 242 208
215 2 200 168 189 230 182 66 186 186 186 181 66 152 74 136 238 187 160 101
205 10 118 234 138 82 65 147 227 14 209 147 65 50 241 0 94 242 87 138
58 10 207 56 173 146 16 108 46 35 203 96 10 20 51 135 123 62 46 96
242 200 192 136 241 144 210 95 231 215 91 164 32 241 87 107 135 121 2 14
37 128 72 96 215 218 65 67 75 210 218 128 31 122 192 205 109 96 109 26
93 50 216 122 96 215 96 133 209 16 111 94 11 231 121 120 96 69 248 163
114 178 116 186 186 113 230 159 220 66 121 58 251 152 176 109 121 45 86 250
92 200 216 252 192 65 152 183 96 212 96 102 91 242 152 123 184 250 87 28
176 160 218 242 208 78 23 203 66 185 2 152 221 52 163 12 14 210 58 242
58 34 123 254 160 215 218 113 212 218 175 105 64 21 96 66 136 135 114 27
58 189 244 186 181 194 35 88 200 96 186 211 223 50 152 16 211 177 21 146
189 182 211 126 25 135 200 240 26 103 87 111 121 205 115 247 170 189 251 91
163 253 54 41 82 31 114 112 38 159 223 218 50 42 50 61 207 33 34 94
96 185 181 151 103 0 234 152 175 115 91 242 21 113 46 241 218 32 121 58
151 121 120 201 23 209 96 10 114 223 186 108 148 162 215 65 69 188 56 232
252 192 168 218 218 71 50 135 121 65 231 14 215 96 218 224 174 87 13 200
50 103 34 119 14 219 19 101 212 96 71 87 148 158 87 153 114 210 182 242
121 106 168 135 2 232 96 96 231 182 126 218 123 25 243 159 121 114 27 102
37 252 112 148 218 242 95 14 251 33 247 221 134 135 21 255 100 242 114 135
106 197 16 76 175 175 197 108 141 218 114 27 196 244 144 200 201 205 96 220
253 121 50 113 205 247 34 11 126 62 126 23 23 223 135 76 121 114 236 91
185 111 182 62 96 251 3 139 112 11 208 50 158 18 105 223 35 114 108 131
