28 197 108 11 95 196 108 207 179 118 182 106 121 189 182 216 50 138 120 121
201 141 45 182 242 182 216 108 67 170 121 24 40 178 244 242 82 185 19 245
114 200 138 158 218 96 50 122 50 144 200 208 116 186 108 29 175 211 241 189
114 35 212 9 151 243 19 118 14 13 114 135 197 173 58 223 121 159 35 243
185 194 114 104 135 212 14 168 200 42 23 87 158 91 212 96 37 242 176 244
69 163 253 241 182 38 205 34 231 248 110 243 108 197 121 35 212 135 50 211
58 102 206 100 170 30 121 106 121 218 232 171 35 114 38 182 176 114 168 108
16 14 194 14 234 170 168 127 148 211 80 164 50 209 252 250 218 92 71 108
160 18 142 216 32 252 192 238 31 192 31 241 87 241 93 96 191 103 113 108
59 96 91 231 151 182 184 248 163 165 212 242 152 250 74 189 189 210 208 73
97 135 82 200 96 151 158 39 126 218 241 208 38 50 205 106 106 94 231 248
185 99 77 60 250 108 106 207 163 218 210 200 26 76 28 183 23 25 187 87
10 212 245 106 14 239 210 114 186 181 185 223 186 158 96 112 113 32 18 144
192 178 247 242 85 179 31 197 181 28 147 236 135 115 87 121 96 26 241 87
223 114 168 99 23 14 121 35 52 26 254 41 212 218 176 65 66 23 184 210
185 102 137 195 150 123 39 87 12 14 170 121 182 58 176 50 12 185 194 14
37 148 9 151 121 106 50 189 182 38 96 218 121 231 87 58 186 108 178 165
58 218 210 218 179 50 176 122 50 27 150 242 46 14 127 178 103 113 29 138
244 37 255 192 184 152 74 131 105 65 103 87 72 243 212 14 135 135 160 108
242 87 218 218 96 50 158 191 12 232 182 129 121 182 182 120 209 188 182 242
205 223 14 230 45 23 160 246 75 153 108 114 104 144 14 175 186 14 191 31
138 135 208 58 194 138 6 216 50 78 147 121 218 216 122 26 91 245 50 103
160 245 62 11 26 21 218 218 92 178 223 223 251 74 23 62 128 121 34 168
68 212 64 182 242 200 242 42 186 181 187 103 87 160 175 10 186 170 121 199
185 194 148 245 228 218 160 103 25 147 244 41 218 175 242 151 182 66 88 1
245 84 230 14 99 38 114 37 121 182 160 96 38 136 16 4 240 121 243 76
231 242 23 168 108 26 42 87 116 83 243 200 108 176 20 176 219 221 26 97
103 198 121 0 121 182 250 47 240 206 230 11 215 26 218 65 245 163 12 114
58 50 136 104 82 185 83 137 212 96 51 9 175 223 139 163 23 105 235 104
160 215 38 106 235 199 148 103 75 211 61 121 51 121 99 14 75 163 174 200
58 158 96 250 218 38 205 10 96 231 67 184 108 182 197 25 14 242 14 61
160 242 122 0 186 42 136 200 26 241 45 2 12 92 158 248 190 76 83 102
96 82 170 223 205 142 38 187 26 203 67 212 10 108 26 111 194 159 87 21
10 215 218 51 242 170 76 14 204 158 121 215 102 2 200 96 186 114 186 181
130 8 96 112 176 135 176 50 206 23 16 189 14 31 32 215 218 51 121 66
58 107 218 210 185 219 223 135 121 40 237 186 108 255 121 55 114 50 122 186
223 50 206 14 186 93 135 183 76 239 96 170 244 121 12 110 46 135 121 250
250 179 174 14 27 97 50 208 131 163 50 251 231 60 200 11 250 144 243 123
158 18 50 84 242 152 44 99 151 158 51 144 208 52 163 94 30 170 121 182
201 193 108 242 200 51 241 120 134 87 251 152 114 26 186 50 156 216 122 42
205 10 42 23 53 215 218 58 65 179 25 121 8 205 50 87 27 0 88 14
219 108 242 200 223 218 250 144 200 104 118 248 72 104 211 209 158 108 42 121
242 45 23 198 113 236 212 14 83 242 115 251 167 200 197 150 236 135 87 236
74 131 242 200 1 192 173 242 200 148 65 182 232 21 122 186 186 186 203 50
58 218 191 135 242 200 108 178 182 232 24 16 96 231 58 196 51 121 219 50
205 163 12 191 135 242 208 109 153 114 75 4 218 241 25 121 111 200 96 96
158 91 103 108 186 13 108 211 230 14 108 19 121 37 182 242 144 230 178 176
145 159 16 248 100 242 200 168 195 11 208 50 72 11 11 244 242 190 201 247
231 236 113 232 147 121 253 121 114 218 254 241 14 192 186 114 112 108 160 9
65 147 121 37 173 231 212 250 215 168 25 208 223 50 121 200 46 23 62 200
158 228 211 94 121 87 22 12 45 0 168 45 182 86 96 50 72 23 128 227
163 176 219 195 62 242 135 21 66 111 200 186 99 114 114 35 114 23 170 121
157 122 58 96 127 242 127 200 83 219 74 197 53 24 108 3 50 165 242 2
163 112 46 75 211 42 14 102 189 179 52 97 78 241 87 217 103 0 215 83
58 120 218 218 51 21 1 216 98 182 15 73 248 135 50 103 221 12 114 181
58 13 46 200 158 108 144 104 121 96 151 121 96 115 7 87 241 230 179 103
58 218 58 123 135 221 87 111 251 148 99 223 160 189 56 96 136 114 135 242
250 50 113 108 46 29 251 123 33 143 87 159 121 160 237 104 7 114 4 7
160 92 158 50 231 122 223 190 131 17 186 148 104 70 189 182 231 242 178 87
74 34 136 200 183 144 14 108 26 103 87 7 50 242 142 42 186 108 221 108
97 163 17 189 25 34 200 168 108 196 203 96 71 186 186 186 186 135 114 121
145 96 235 23 235 83 179 25 248 230 8 218 69 73 175 184 87 14 215 45
192 218 64 245 11 71 110 221 26 241 87 76 158 140 66 12 115 242 200 216
163 12 241 87 135 223 50 60 200 108 26 163 253 113 212 253 251 50 161 7
