103 34 184 250 57 45 251 11 215 218 113 108 113 181 158 62 173 194 231 176
192 121 205 121 168 72 245 11 113 212 244 121 99 186 181 87 152 170 14 184
24 118 252 192 200 96 174 114 105 87 152 47 31 105 87 241 87 75 110 130
253 209 86 168 215 218 232 87 135 114 112 176 113 39 199 191 121 176 103 158
205 69 185 114 163 253 121 38 86 56 13 87 96 121 205 203 221 223 186 108
185 103 103 212 4 96 34 26 30 127 52 216 98 182 126 45 114 23 61 158
141 102 242 200 26 148 99 160 96 172 96 69 215 218 96 50 251 121 87 77
151 121 50 201 158 103 87 57 121 48 85 113 14 10 210 175 10 126 45 23
234 14 186 211 203 152 74 2 76 14 61 31 50 135 121 242 82 201 209 231
218 212 204 135 242 26 50 180 87 175 201 173 251 73 198 21 121 106 168 189
114 29 14 4 254 111 95 152 186 121 253 201 121 6 163 215 82 100 230 107
106 131 221 227 76 182 66 39 12 45 31 131 158 253 96 250 50 179 216 204
163 96 218 71 122 50 191 66 23 128 158 230 121 205 227 242 200 50 173 55
223 114 27 27 75 218 242 21 6 1 163 253 121 152 230 87 14 215 85 123
242 66 2 95 87 209 14 94 239 251 179 53 122 250 103 66 241 174 227 174
161 210 87 38 253 121 170 121 253 201 21 242 241 218 174 251 208 192 186 96
10 215 218 242 82 3 253 58 196 242 190 194 14 96 106 23 87 14 73 127
194 14 186 108 114 212 96 203 38 209 141 144 158 103 50 152 244 14 38 209
3 50 27 108 114 121 16 143 148 242 127 242 200 42 121 175 48 173 168 175
131 188 114 24 16 23 197 58 242 169 0 147 121 223 118 14 51 244 101 148
231 50 251 103 12 96 112 135 108 182 244 242 113 121 106 186 38 186 96 118
200 74 233 118 182 242 66 73 218 109 90 14 147 0 42 34 94 114 26 158
58 205 11 160 103 66 242 87 62 197 114 114 223 7 118 218 211 100 179 252
160 103 135 114 41 104 35 108 178 239 163 253 121 158 148 41 182 242 87 208
231 146 80 31 94 21 162 108 199 69 3 50 242 21 123 212 92 114 192 186
158 209 35 197 195 58 28 24 144 208 50 177 187 186 186 202 203 196 211 87
99 158 87 186 108 186 147 156 218 34 243 123 34 41 244 35 114 235 91 23
122 26 241 103 108 186 148 175 177 208 103 87 76 82 93 95 14 46 58 93
58 13 200 78 178 130 30 66 121 91 197 96 106 114 108 108 133 242 127 242
106 237 123 127 20 14 75 218 216 113 214 42 212 121 114 207 251 66 242 32
24 16 131 223 16 108 173 185 135 242 200 208 50 0 58 134 87 0 92 32
163 141 144 14 14 121 148 114 4 245 102 74 103 34 200 108 207 250 184 6
231 221 56 245 207 21 136 71 114 223 135 184 109 121 114 97 186 108 186 96
56 85 196 150 241 24 16 170 136 218 66 183 50 152 74 201 114 27 158 227
211 137 186 239 251 95 66 245 178 243 223 29 122 186 93 241 50 242 179 48
163 176 86 174 45 47 12 162 103 23 137 45 31 245 6 175 110 62 178 59
65 25 87 135 167 173 10 31 114 35 173 242 127 200 248 203 207 33 203 123
56 104 135 243 92 218 113 123 135 216 106 11 18 197 52 175 12 175 202 114
252 185 184 51 16 109 121 114 35 186 201 42 236 200 26 144 183 96 26 96
160 178 114 35 100 134 147 121 223 114 112 135 114 27 51 168 114 108 23 128
114 13 114 37 50 103 34 12 175 147 103 87 135 242 208 122 69 92 102 12
192 108 186 147 81 123 179 12 158 103 0 135 191 242 200 78 237 114 20 182
192 186 50 104 95 74 23 239 210 158 130 231 231 182 80 23 135 135 7 108
96 121 121 205 10 46 144 219 209 138 251 114 108 114 62 158 163 113 222 131
221 177 116 174 26 50 46 65 103 34 184 96 38 96 231 114 27 203 108 34
50 26 241 3 200 96 231 108 212 76 26 241 0 123 134 223 50 215 122 186
24 16 102 147 185 123 199 1 223 114 112 38 12 158 16 242 211 152 170 121
114 27 160 34 94 242 136 14 208 81 58 160 223 50 163 174 50 223 103 87
107 13 200 253 40 193 131 56 10 42 243 147 142 95 33 160 41 182 182 113
10 215 25 163 239 188 231 223 50 23 163 170 121 208 242 2 127 48 200 74
114 54 7 114 38 73 215 189 52 223 93 196 252 250 62 200 158 232 96 242
10 146 212 96 96 50 251 95 10 32 87 121 99 253 32 144 241 14 121 158
163 12 114 27 238 147 130 198 121 173 34 185 234 14 121 212 20 96 85 19
98 205 122 186 181 186 93 114 121 34 242 127 109 121 212 96 186 108 51 23
58 218 209 121 37 199 41 8 173 151 182 248 0 14 121 103 23 87 223 135
50 236 186 108 186 62 158 160 121 175 234 2 16 4 185 27 123 196 120 85
58 121 209 96 210 162 73 118 144 182 96 231 215 121 189 245 243 203 106 106
242 14 96 66 186 96 42 144 16 108 146 121 58 209 188 114 134 212 96 14
253 121 58 254 108 120 186 96 76 185 77 163 73 87 181 14 186 114 114 114
16 136 200 169 25 87 87 121 181 121 87 14 73 99 4 200 76 212 102 18
114 252 178 173 58 244 121 121 211 14 23 12 114 27 150 138 218 212 102 186
243 160 160 48 212 151 121 178 114 72 104 58 242 200 111 182 207 17 151 193
151 51 121 185 181 223 14 118 110 131 106 27 168 114 27 114 27 186 181 223
145 65 0 159 10 35 212 50 181 87 241 208 91 194 173 242 208 153 148 205
