129 108 102 158 96 219 38 242 200 159 35 147 31 114 135 114 121 114 108 114
176 215 218 215 218 245 158 67 136 242 167 131 138 73 216 96 50 209 16 142
114 72 196 108 248 242 200 83 242 127 200 148 237 251 109 186 108 193 212 185
236 158 16 62 65 177 226 242 152 4 12 50 70 182 58 77 22 211 26 224
26 189 26 96 215 25 121 96 218 251 19 121 50 56 232 251 121 73 8 85
10 186 135 114 168 22 158 215 218 151 65 141 162 50 27 158 96 46 21 50
242 200 186 218 118 219 152 108 186 105 125 164 58 241 174 170 178 144 121 175
185 241 25 135 196 45 12 26 241 87 96 131 242 45 121 97 83 242 200 83
242 200 26 87 121 158 108 56 87 135 103 93 200 106 164 232 216 122 26 50
201 247 181 114 72 16 131 203 170 69 167 186 187 185 230 154 218 215 218 215
175 223 69 224 137 186 114 218 175 150 141 59 111 192 13 189 6 67 73 38
158 148 211 212 96 96 250 245 24 108 192 186 114 33 87 96 153 113 197 96
58 194 14 219 141 177 103 108 178 251 173 121 193 95 243 102 136 200 215 108
161 78 242 3 113 121 38 29 31 105 103 7 200 168 108 173 248 241 181 121
192 186 193 158 228 200 96 151 242 165 14 87 66 186 108 203 230 178 115 103
223 186 50 148 182 151 152 230 218 20 131 135 242 148 218 182 176 92 150 170
58 96 189 218 218 242 208 241 182 242 200 42 108 26 214 110 92 77 236 121
114 159 251 121 96 112 50 216 122 103 50 137 218 218 113 123 123 25 12 168
243 121 158 158 54 64 186 181 223 114 87 215 217 212 102 218 58 178 160 101
10 99 253 227 16 4 96 192 18 223 219 96 85 208 223 114 112 108 26 148
151 121 82 242 200 186 108 19 186 186 244 151 142 244 215 218 47 230 12 96
182 102 242 113 102 153 223 50 7 244 212 215 96 50 175 106 122 252 203 103
148 65 106 255 209 109 158 192 103 223 77 215 37 196 24 209 10 126 163 52
52 186 108 26 186 212 94 192 186 103 34 223 114 230 215 218 51 227 241 59
58 185 41 14 121 34 196 108 250 50 136 38 122 26 186 26 93 151 231 5
58 102 223 120 139 219 114 248 114 203 159 212 14 223 114 71 186 196 114 168
24 147 215 218 215 209 201 211 59 66 251 113 152 113 161 130 25 10 53 27
151 152 212 178 26 148 24 158 158 56 87 218 171 111 231 253 24 16 224 80
114 23 87 77 3 50 241 87 96 87 186 186 181 61 161 223 50 109 136 114
74 230 170 121 186 186 96 210 87 78 191 96 121 58 253 40 245 87 16 0
58 227 231 160 38 10 96 173 251 66 141 239 40 104 96 186 212 250 176 140
145 223 250 242 200 209 60 173 114 12 114 212 14 168 113 13 173 16 121 182
74 58 218 121 190 210 114 27 12 114 4 24 196 42 205 218 182 96 250 176
211 170 211 23 123 34 95 148 250 144 208 158 50 149 186 79 148 239 173 242
114 223 0 250 50 138 16 142 114 168 250 50 27 170 103 23 248 19 101 53
160 11 216 122 186 96 96 96 26 203 103 135 2 170 121 99 196 186 105 241
158 26 96 250 103 0 113 131 92 114 27 114 114 27 108 199 135 92 158 223
192 186 218 93 13 7 14 186 96 239 72 154 110 186 147 29 14 159 209 121
223 50 191 77 248 253 197 209 196 242 87 152 147 121 133 218 196 242 200 45
221 158 186 148 96 174 200 186 9 23 128 103 102 241 231 210 35 162 224 168
106 251 50 20 34 189 71 22 121 200 173 251 95 201 211 81 104 212 96 50
160 61 219 219 195 76 193 51 69 148 85 191 231 182 242 127 241 87 107 66
51 159 121 72 121 196 26 21 113 212 118 190 176 7 54 178 23 136 28 31
243 142 159 224 231 215 201 201 121 205 195 13 87 185 148 223 170 244 14 215
151 182 113 176 176 103 108 200 36 168 163 251 219 96 121 182 12 50 109 121
102 104 96 245 170 223 114 178 182 182 99 182 73 100 2 14 131 56 29 14
151 244 14 223 113 66 201 80 158 96 65 151 193 110 163 176 242 200 251 173
102 223 61 186 93 212 24 16 85 196 91 11 96 42 50 164 251 179 12 53
58 190 5 241 146 66 75 241 182 41 170 242 174 6 200 186 148 96 161 210
175 168 108 23 16 236 33 217 69 212 107 135 211 90 230 87 78 113 121 243
163 174 186 186 148 110 99 127 14 113 160 123 12 12 96 235 226 166 103 26
58 10 121 182 250 50 209 144 88 23 131 106 197 218 179 25 123 135 154 104
106 131 135 94 164 185 84 113 212 121 106 239 206 31 96 50 138 182 38 121
248 114 163 34 170 243 106 51 121 163 205 106 186 108 250 216 113 152 244 16
108 146 114 35 108 182 216 122 96 26 96 96 96 50 50 201 31 114 108 19
37 104 242 200 208 58 10 212 102 5 168 96 96 141 92 231 176 188 178 26
121 151 121 15 34 90 168 113 106 142 14 21 176 160 8 96 210 3 186 181
209 10 104 135 108 105 223 186 163 114 96 239 87 158 51 121 96 96 22 223
10 242 250 87 14 193 184 236 16 108 173 242 151 121 34 200 55 53 208 230
170 121 177 211 170 121 189 107 218 65 25 135 210 192 69 192 121 52 114 235
106 108 37 191 196 109 22 138 175 12 186 108 199 231 109 186 181 3 108 182
58 159 121 77 184 212 64 64 186 50 26 177 114 121 171 87 117 215 216 50
243 114 7 189 16 173 194 104 12 58 245 126 96 121 50 21 122 255 243 123
160 215 218 50 105 205 136 242 200 241 87 77 108 255 242 12 135 114 35 108
