221 104 230 25 87 14 0 210 147 184 121 57 200 72 121 11 83 211 186 19
58 37 196 38 158 158 96 241 25 233 242 14 186 186 158 144 243 121 171 175
185 151 121 35 114 205 115 50 1 158 158 51 32 194 9 23 177 114 96 38
121 58 218 212 241 114 196 74 118 108 42 34 94 173 156 152 152 86 151 55
242 14 14 135 130 157 142 170 121 55 114 26 96 45 2 126 218 96 186 205
58 218 50 109 186 211 10 186 9 113 181 32 2 200 250 179 12 114 27 108
163 253 251 21 10 175 31 14 215 42 218 215 210 8 29 119 121 37 182 242
58 194 14 244 87 142 17 186 186 96 108 9 114 54 14 73 25 121 151 121
58 194 212 182 66 71 247 116 111 231 223 14 232 71 227 114 154 218 96 121
223 189 218 210 58 50 113 212 208 186 96 45 2 109 45 201 96 215 6 184
145 159 205 194 23 223 50 189 50 177 93 158 170 121 211 185 137 83 103 200
223 69 41 76 30 62 37 232 103 33 103 42 87 50 147 85 219 96 102 201
107 16 103 87 5 189 121 0 242 66 83 103 103 148 37 65 242 152 66 185
159 10 16 242 212 232 218 96 50 251 86 130 207 199 212 171 244 242 121 151
158 244 241 182 96 231 250 123 91 12 56 138 215 96 242 66 83 242 200 26
37 221 26 241 25 121 173 34 200 168 50 2 14 51 242 200 108 42 108 242
114 223 35 114 23 239 37 242 182 45 44 200 223 120 75 158 218 200 96 96
96 18 121 208 163 58 13 114 144 2 136 212 14 109 215 230 11 14 223 113
58 13 178 26 241 25 31 203 9 113 181 177 114 27 238 211 163 215 13 170
58 181 147 160 160 114 7 212 102 16 121 205 252 113 121 178 223 45 31 151
106 114 31 234 218 235 195 251 144 242 91 231 198 21 152 42 173 10 241 0
167 253 10 96 121 65 242 182 51 67 96 173 251 199 95 93 176 102 137 168
242 212 208 58 50 135 103 34 104 50 87 233 128 121 253 225 103 241 0 223
24 147 212 121 61 160 240 121 147 123 0 242 81 128 175 242 87 168 250 179
26 96 88 14 26 96 113 244 58 166 102 144 2 127 82 242 110 147 221 113
58 218 24 243 21 66 242 95 182 113 12 126 190 103 103 219 34 200 223 50
231 158 226 151 158 18 242 127 200 109 121 211 121 58 242 127 21 108 251 106
107 16 156 218 51 121 223 242 14 81 72 114 152 196 50 182 71 19 104 50
58 151 18 95 242 200 126 58 45 118 138 66 136 218 223 50 240 251 122 209
10 186 142 215 96 45 121 125 121 58 74 131 130 158 21 255 198 121 248 7
163 13 186 148 50 251 248 178 121 158 121 96 205 186 61 139 242 241 19 182
158 218 231 223 147 123 123 196 216 51 121 223 135 108 51 136 135 243 103 241
205 114 201 121 35 50 56 96 205 121 144 178 59 230 245 109 207 73 252 24
37 196 76 186 108 179 163 95 173 1 10 182 176 215 218 96 94 121 136 200
175 121 58 242 252 107 108 148 110 144 14 215 207 199 34 134 158 201 107 16
38 10 50 251 91 223 135 12 113 135 231 122 53 104 215 14 253 121 8 200
10 151 147 121 160 121 50 223 189 174 131 250 108 182 213 66 2 182 215 218
58 158 58 194 19 167 212 50 72 150 231 106 123 188 242 14 42 247 108 3
58 218 50 182 207 50 206 91 109 97 19 119 193 242 231 87 223 14 121 65
138 50 205 223 230 45 31 135 148 99 151 35 253 134 3 95 36 113 32 96
146 67 242 191 176 215 138 218 51 122 186 147 231 108 184 105 122 96 250 218
112 24 147 121 2 197 170 121 253 226 241 218 207 25 34 110 95 96 14 34
192 121 50 218 103 75 218 43 113 160 0 96 186 102 121 69 3 158 218 218
10 158 242 195 200 251 173 58 242 196 186 135 137 168 189 14 121 12 72 245
145 214 186 108 186 147 121 200 193 97 50 1 243 233 6 31 150 215 218 113
253 195 242 185 0 186 92 14 167 201 96 121 205 253 188 86 50 206 251 66
144 10 176 215 181 87 186 14 241 215 50 135 21 160 9 91 188 34 123 62
96 178 146 94 121 211 2 113 212 224 87 91 215 207 25 135 142 85 141 212
145 223 186 108 26 87 111 181 23 45 15 231 178 54 121 97 87 27 139 66
242 170 77 91 0 138 103 103 247 113 212 96 172 189 189 218 96 250 113 142
221 105 218 71 227 123 12 114 170 211 189 207 2 150 208 50 201 240 121 212
192 178 242 85 152 250 242 200 208 58 251 204 241 218 96 114 135 242 200 135
193 122 42 198 62 121 159 141 85 242 200 131 195 94 250 12 58 41 227 10
221 218 51 121 58 200 73 135 91 121 223 50 186 87 23 218 103 181 121 197
192 186 148 211 14 242 14 215 186 62 168 189 170 215 0 150 245 174 72 242
176 33 239 85 19 242 93 14 12 170 178 177 242 200 12 45 122 85 23 40
58 158 12 114 27 110 174 197 50 23 131 242 135 121 23 12 114 223 218 152
115 83 21 250 108 242 76 20 96 121 195 200 250 218 242 66 42 136 23 25
50 199 209 158 160 215 87 25 168 114 121 205 59 72 121 182 121 201 121 161
160 227 65 182 182 38 10 38 85 196 76 190 62 147 123 184 231 12 175 12
74 193 46 114 23 113 114 62 158 121 52 125 223 212 102 158 166 5 50 1
248 209 128 123 66 217 111 242 39 113 34 104 50 21 122 186 108 52 112 135
160 103 21 111 252 178 94 130 21 10 176 215 174 16 114 110 114 114 27 204
58 194 14 113 212 145 107 121 141 76 182 38 158 96 231 151 185 242 21 166
