121 205 223 218 96 50 94 250 103 113 23 114 209 86 141 23 30 62 168 99
223 114 87 23 72 100 170 14 247 180 160 96 242 14 190 121 219 223 135 200
137 104 14 225 134 97 158 50 46 104 12 173 251 231 182 136 121 14 223 14
200 64 28 2 232 210 173 121 158 160 113 147 103 69 231 87 158 50 209 158
107 13 83 81 201 86 51 242 200 123 223 170 121 181 14 173 223 190 7 188
253 121 9 15 34 69 136 20 195 182 201 185 186 186 186 186 108 50 201 11
192 121 74 153 114 123 164 253 242 14 108 186 170 121 120 186 108 186 108 201
96 235 144 14 121 3 196 134 196 51 164 144 14 131 114 170 14 239 114 236
192 186 104 253 182 242 14 0 121 186 212 14 212 215 121 218 218 71 101 244
151 200 91 96 253 121 106 121 114 211 14 108 173 0 69 121 190 230 45 122
242 14 0 147 121 81 50 37 86 136 200 114 108 173 121 18 14 55 14 152
163 253 254 14 18 122 195 211 97 98 104 135 242 83 182 42 244 121 205 211
52 33 40 203 23 123 12 173 121 185 87 223 186 247 170 121 191 201 29 14
226 105 56 96 108 121 114 112 195 27 193 200 51 196 23 104 135 10 108 186
245 198 52 114 177 103 108 160 96 186 182 26 96 215 96 215 80 197 96 23
151 14 121 205 203 84 118 9 63 215 121 200 168 82 247 75 96 121 28 106
253 121 96 121 242 200 126 50 2 13 104 200 46 25 23 110 103 87 225 209
58 163 107 16 121 200 27 194 173 58 23 128 158 185 159 231 5 75 211 178
242 21 66 52 52 209 122 12 218 38 52 35 186 181 208 158 218 113 158 181
194 14 44 186 186 93 190 223 203 168 14 114 223 148 230 51 104 181 14 186
114 168 218 215 96 50 158 204 21 113 106 182 210 94 200 250 95 96 66 211
58 96 33 85 250 152 108 188 10 136 191 159 164 106 27 160 0 50 240 36
58 121 103 87 152 242 110 239 243 141 135 242 14 14 186 144 54 96 186 50
70 148 45 207 73 218 96 223 241 14 197 107 152 104 200 121 182 251 181 189
253 121 223 186 186 93 135 182 74 87 50 5 123 87 3 210 50 2 123 73
253 251 34 147 10 223 186 186 0 253 10 114 27 223 66 217 66 163 215 186
205 69 212 138 72 173 121 248 5 37 108 160 65 141 16 121 96 200 242 200
151 171 244 148 60 182 177 103 108 176 90 96 69 83 41 242 185 190 81 237
163 232 182 24 108 250 108 65 141 0 12 114 96 121 151 121 114 35 114 27
120 16 242 200 26 96 215 136 215 3 242 200 52 200 108 250 215 218 218 144
58 194 14 23 131 50 125 243 123 36 180 65 32 88 182 38 10 108 107 147
125 223 151 160 87 135 242 2 200 170 115 123 12 43 160 62 100 96 230 2
158 21 104 135 242 135 56 96 114 223 239 176 140 21 8 69 73 114 223 114
253 121 200 253 121 58 71 50 215 42 15 108 26 96 62 139 168 2 67 230
161 158 30 106 201 250 148 204 104 231 58 16 193 1 102 223 14 177 87 158
151 251 19 107 135 117 21 246 2 182 55 0 157 191 231 27 160 227 69 50
196 26 186 108 186 96 215 212 144 121 64 231 207 95 199 167 230 178 0 186
242 200 108 42 121 114 205 121 248 194 23 0 218 241 87 218 58 241 218 188
114 100 42 0 50 173 242 27 12 99 7 114 22 24 108 114 19 121 108 186
114 168 247 105 121 65 189 45 14 45 121 114 154 96 231 106 87 29 14 212
223 50 113 86 161 41 212 10 215 96 121 118 200 26 241 87 96 14 181 75
58 218 34 31 158 168 189 152 82 170 234 14 234 200 130 83 245 215 13 186
192 121 205 96 96 50 251 173 242 242 127 82 247 146 150 23 230 182 58 32
173 58 212 54 96 50 251 209 251 173 223 212 179 111 182 242 191 173 223 14
160 201 212 253 122 50 212 25 35 163 106 121 136 10 95 14 241 94 121 99
185 73 182 242 244 114 108 114 23 0 156 218 245 41 231 201 231 165 21 76
243 242 200 148 96 96 251 199 215 66 42 114 108 239 242 120 12 114 186 108
138 151 121 251 73 175 199 1 247 81 108 186 106 168 183 108 120 14 108 35
192 173 231 182 182 242 215 66 83 240 158 211 94 121 106 177 242 94 21 19
223 186 159 14 101 102 137 221 26 170 10 219 195 31 114 108 23 53 45 87
242 14 186 108 189 196 96 250 176 144 182 127 208 194 219 149 186 186 215 42
58 194 109 176 160 242 225 242 203 231 23 218 207 229 95 182 13 186 108 109
247 121 242 14 186 96 113 205 108 186 2 96 121 245 121 151 121 106 186 218
99 10 106 114 52 205 50 26 245 127 104 121 223 87 10 114 144 14 23 237
223 69 32 75 0 216 122 186 23 58 218 210 87 88 14 87 7 45 177 114
58 218 242 82 53 170 85 71 14 21 109 42 25 197 72 245 76 166 214 179
114 223 114 52 195 84 223 114 186 38 231 108 56 186 96 113 4 243 123 95
114 178 178 190 158 158 158 96 66 104 29 14 0 131 100 103 0 50 5 175
185 77 96 212 143 96 151 65 163 186 215 205 65 39 123 239 158 207 94 242
145 114 178 244 135 114 37 77 87 135 99 51 121 125 212 208 58 34 108 182
16 166 126 211 14 121 114 35 37 0 203 173 121 248 137 118 179 215 218 218
57 173 242 203 190 23 23 87 31 223 148 135 242 231 2 200 230 94 82 81
242 87 148 211 121 253 121 161 241 87 209 10 151 182 216 250 108 44 189 179
10 215 219 170 85 19 193 239 251 54 87 3 50 91 160 245 5 242 2 6
