58 34 200 116 142 200 168 35 150 242 66 179 138 141 218 38 107 123 209 223
37 111 104 200 24 108 199 114 23 131 135 28 121 114 110 23 218 103 32 218
201 231 0 209 50 1 114 37 104 218 71 251 173 242 165 178 192 60 165 231
160 8 232 182 96 121 205 114 200 50 253 96 230 212 100 231 106 197 231 135
37 50 212 146 123 33 170 187 52 72 167 136 200 26 50 44 114 211 9 186
151 3 108 103 34 173 184 46 20 96 96 106 251 173 242 127 178 62 135 114
221 26 25 121 114 121 96 58 10 96 231 97 221 87 96 254 27 11 112 189
58 34 41 16 242 179 66 31 158 242 208 230 103 114 114 4 170 212 118 215
121 58 13 87 152 211 170 14 10 118 182 20 102 83 39 176 173 242 200 152
58 223 230 196 19 251 253 170 190 48 145 103 66 103 48 97 138 50 26 50
242 203 87 250 21 245 219 96 45 82 22 219 102 128 251 179 218 191 158 108
7 50 105 114 19 231 25 114 195 87 29 14 121 75 182 255 170 243 118 243
221 178 160 246 231 176 144 248 135 175 223 148 205 168 114 22 231 38 19 16
160 111 245 182 121 189 121 58 0 77 148 114 204 181 38 96 71 65 170 87
160 121 205 194 14 38 60 14 108 114 121 96 26 186 211 234 127 229 241 240
58 218 151 216 122 42 50 189 209 96 91 58 69 91 57 210 114 72 242 200
201 114 189 180 242 248 163 188 142 96 251 50 136 114 235 230 104 182 26 175
205 16 242 199 38 212 146 147 231 135 191 29 12 14 218 242 66 69 242 200
141 211 223 3 241 31 96 223 135 114 67 96 35 108 18 44 114 223 186 186
58 218 242 95 152 196 223 186 135 37 245 11 26 193 148 26 215 218 135 242
228 242 200 197 208 235 189 113 170 121 182 26 103 241 218 245 242 200 211 26
58 174 233 218 96 114 114 159 178 122 186 45 193 108 201 30 231 30 10 179
7 113 23 25 159 121 242 182 20 200 22 212 239 158 50 205 227 176 114 50
58 218 103 152 150 240 163 218 241 25 135 208 135 200 193 5 135 21 56 121
121 137 191 23 87 158 50 33 66 219 230 203 123 113 244 2 96 26 170 103
194 14 50 152 105 35 158 91 52 7 21 103 75 93 181 69 114 100 112 181
242 69 148 135 179 12 161 218 144 1 207 121 10 151 231 134 208 56 96 102
163 107 218 218 242 190 189 182 216 122 26 18 50 1 121 205 69 243 23 58
135 144 148 11 176 215 218 242 12 47 87 76 45 23 113 123 102 253 121 200
37 212 232 51 103 159 42 194 173 177 142 243 242 87 242 200 78 250 50 21
58 218 122 141 118 13 114 186 96 158 51 121 242 14 185 61 242 14 219 150
177 114 200 26 105 227 194 23 114 135 114 135 121 200 253 121 182 232 182 250
97 50 33 97 96 151 121 158 142 212 187 163 18 144 234 14 239 111 158 96
245 245 243 198 37 147 243 212 121 184 14 111 182 96 176 106 168 91 26 87
40 173 223 10 170 103 241 26 87 93 179 170 208 242 170 77 182 113 27 23
201 196 192 58 65 148 182 71 9 218 113 212 146 51 121 242 200 230 61 146
58 218 96 50 82 246 231 121 192 223 0 88 174 200 46 65 141 223 14 61
160 41 163 232 113 197 96 127 50 46 108 66 242 203 104 182 113 173 186 181
192 186 108 173 251 242 96 50 72 152 175 188 121 160 241 252 51 34 16 188
26 218 211 241 218 241 254 96 69 215 218 215 218 96 182 242 66 242 200 88
96 121 252 108 163 253 22 197 50 72 123 62 168 193 108 197 139 242 95 127
242 135 200 27 108 26 92 158 96 121 57 115 75 148 107 25 135 211 41 45
205 77 12 114 27 52 114 168 147 212 224 137 186 181 83 245 231 34 36 152
138 174 185 77 184 83 185 0 139 52 136 200 200 242 93 162 253 88 121 195
28 234 127 200 95 152 85 234 127 200 96 152 108 236 16 130 59 10 65 216
192 186 186 181 203 0 245 245 234 170 23 31 114 38 253 96 186 96 211 50
24 16 142 102 208 21 206 1 243 215 189 182 207 17 163 34 251 64 158 107
58 93 218 34 251 31 114 27 192 31 58 181 203 103 50 5 50 108 223 135
185 194 170 103 113 199 160 242 82 243 103 186 186 186 148 211 9 176 212 223
58 218 160 242 182 113 135 114 235 218 237 121 209 188 121 28 182 126 45 69
10 13 144 14 14 136 45 242 200 54 141 88 197 107 25 195 21 152 11 51
50 21 38 242 14 77 86 186 108 121 182 66 82 242 62 152 136 114 27 235
211 81 191 205 103 87 23 62 72 231 160 96 209 65 21 44 65 196 175 242
185 128 121 212 96 135 242 87 209 96 50 20 121 99 242 200 111 182 112 113
176 196 85 1 167 186 108 26 209 212 14 65 223 189 25 135 108 26 181 216
215 218 128 50 242 87 14 7 113 212 95 121 9 76 105 158 123 12 114 218
34 196 74 21 218 91 251 209 158 33 103 191 21 133 151 147 121 211 233 114
128 227 212 168 113 253 121 215 4 122 96 50 26 18 82 91 186 103 103 148
158 201 50 42 135 199 219 195 66 208 50 230 103 0 96 136 64 2 25 121
192 121 245 192 173 242 200 78 182 189 26 41 216 251 173 231 12 175 76 192
163 235 186 144 200 173 121 58 58 50 245 136 135 143 231 223 215 12 38 43
245 250 12 242 179 159 31 14 96 50 121 114 67 242 200 152 163 251 12 114
231 114 102 58 195 240 121 45 100 113 135 242 12 64 173 251 23 230 0 218
74 56 93 182 114 24 12 158 218 210 182 182 51 201 30 152 31 119 171 127
