124 144 193 110 12 211 181 62 242 200 26 241 218 215 123 232 158 37 56 244
201 121 9 175 167 147 135 121 58 107 13 121 170 2 14 93 89 201 153 175
69 151 146 16 108 114 121 245 231 56 107 114 186 108 42 121 181 178 46 163
138 23 184 108 182 114 22 58 33 114 114 115 75 114 62 147 121 131 170 21
74 99 23 25 0 158 98 114 114 112 114 27 42 50 61 34 131 29 31 122
245 233 151 121 121 182 242 12 114 176 135 242 200 50 135 37 215 121 90 170
185 0 111 79 154 186 96 201 114 114 114 134 242 82 114 84 111 154 100 170
185 194 151 121 184 186 186 42 247 26 241 218 245 74 137 186 136 114 41 135
111 96 107 218 96 21 241 242 83 182 20 108 179 121 231 163 230 184 87 209
205 173 121 243 151 125 123 95 80 122 85 50 210 87 152 207 160 216 158 229
192 215 158 5 163 50 72 164 216 192 81 230 99 201 85 96 50 186 96 209
10 245 52 197 104 30 19 175 12 135 28 182 242 179 87 186 203 170 248 197
242 114 178 239 37 216 51 108 8 2 95 199 219 135 137 200 96 250 238 114
10 108 104 26 50 215 65 219 123 12 14 139 141 213 87 35 114 203 102 128
185 170 142 92 114 85 212 104 135 242 14 127 178 27 50 31 122 148 96 251
199 100 243 184 77 242 200 26 108 0 42 241 218 242 82 231 38 106 121 205
96 176 144 14 1 40 182 242 45 23 108 126 26 42 96 121 184 42 227 114
158 121 218 34 94 21 42 233 44 178 208 114 108 86 26 6 111 244 111 195
242 200 153 114 38 170 121 95 201 76 114 23 114 58 194 14 186 118 113 152
163 104 135 231 27 51 56 25 197 200 77 15 200 201 186 186 108 178 50 100
192 114 223 135 177 239 148 96 186 96 121 205 223 14 42 101 126 203 103 5
64 194 14 241 52 195 197 96 96 50 35 114 178 27 223 50 239 173 205 227
212 196 252 52 58 181 174 152 119 233 114 114 121 138 212 96 112 38 178 161
203 147 212 121 58 194 14 14 14 111 207 199 241 87 96 112 178 26 245 38
245 211 37 148 246 241 0 42 174 178 220 158 87 96 136 96 187 10 141 218
211 196 158 51 123 34 123 153 212 215 121 181 207 62 30 173 243 121 34 121
160 102 242 127 200 182 205 132 72 95 126 65 178 103 212 96 223 50 61 123
250 50 119 114 135 83 243 242 200 136 200 96 45 160 242 200 244 186 181 62
24 16 211 1 160 210 135 242 200 26 37 26 50 241 25 135 152 131 140 111
58 50 182 160 114 221 139 242 218 102 128 158 242 114 121 39 87 93 114 213
64 223 114 23 131 106 220 52 154 218 215 56 152 221 108 182 255 21 216 109
242 200 26 107 87 186 181 62 148 41 234 31 19 16 4 182 176 198 100 100
173 69 112 51 244 87 7 50 66 201 121 148 124 152 252 50 122 186 243 200
151 20 121 245 242 113 231 44 200 186 102 199 50 27 122 239 210 120 222 223
58 50 186 108 30 34 114 212 14 1 175 185 152 120 52 121 35 35 158 96
50 181 242 231 33 71 251 254 96 73 38 253 14 191 84 50 223 113 14 147
192 87 158 226 242 127 127 50 165 173 11 210 183 50 223 113 12 185 85 96
205 115 87 12 94 200 47 242 211 120 186 181 19 196 26 103 194 247 51 114
159 10 245 111 231 2 71 51 121 186 69 51 152 81 89 58 27 197 231 176
57 123 96 233 121 7 111 200 210 204 25 91 242 35 132 192 227 67 189 223
102 242 218 179 113 75 135 200 51 158 16 251 50 144 148 215 25 121 108 26
11 118 113 111 168 113 120 158 24 232 218 51 121 144 200 221 197 91 59 221
215 108 26 215 120 121 243 103 31 164 135 242 200 44 114 108 186 108 0 196
53 104 135 128 14 78 87 16 104 242 12 150 24 16 208 223 218 160 103 34
9 241 111 121 12 100 148 158 96 212 96 173 106 168 195 123 199 212 12 114
245 41 231 176 30 66 126 45 72 95 242 200 26 50 215 25 121 95 121 200
134 121 28 82 157 1 186 102 137 96 151 141 212 114 27 50 201 177 26 239
80 96 58 122 96 96 214 22 186 96 151 209 121 58 88 225 35 114 27 122
201 148 141 215 37 242 200 186 203 171 216 113 121 171 103 87 121 114 121 176
151 121 205 106 48 212 96 51 121 69 242 250 108 165 19 253 121 178 122 74
188 10 160 223 203 248 135 121 28 97 83 28 147 172 21 10 114 168 108 250
242 200 26 96 38 241 218 159 114 14 96 247 197 96 122 174 218 71 186 16
160 41 158 188 245 178 253 95 199 113 212 14 148 181 82 185 96 121 128 65
242 200 50 136 200 26 50 87 158 108 122 97 148 65 18 148 92 151 158 121
50 135 121 158 96 121 161 50 50 26 123 45 27 85 114 22 230 203 23 31
248 10 12 114 108 26 96 210 87 121 136 200 108 95 20 121 245 142 148 248
37 20 141 50 56 215 108 148 140 109 10 251 199 122 106 108 205 121 105 123
160 105 181 56 96 254 186 108 78 131 21 113 123 236 135 114 72 196 173 223
50 182 242 200 247 35 114 23 218 113 123 123 7 135 16 243 85 215 123 218
163 75 57 143 189 170 81 75 42 31 26 241 0 207 241 174 61 173 178 210
97 193 5 158 96 181 250 91 197 96 6 242 87 203 96 122 26 96 0 209
128 123 21 215 217 245 102 242 2 14 136 118 200 226 216 123 12 94 231 25
192 122 186 114 121 102 163 174 218 160 227 182 215 218 198 210 87 78 135 30
74 125 10 185 164 58 241 200 50 236 152 151 147 121 144 121 205 121 114 96
