215 42 194 148 41 66 73 216 134 14 96 113 120 200 108 199 242 211 61 103
201 108 114 131 121 192 251 150 209 251 199 35 106 178 242 191 7 38 195 178
158 56 135 123 66 52 112 33 158 103 108 148 6 148 11 96 6 128 242 178
108 245 4 102 245 11 218 96 232 123 12 173 188 35 106 251 66 231 151 121
223 135 114 22 192 173 242 174 200 121 205 210 2 200 168 230 114 186 96 26
192 215 250 108 58 79 231 2 218 174 218 182 176 177 219 184 186 111 251 201
176 160 123 216 75 108 221 112 218 241 104 135 95 152 163 113 232 103 12 114
185 194 6 216 122 245 38 96 205 67 233 227 120 242 21 66 12 253 12 205
65 15 91 173 251 179 159 204 147 121 162 189 218 94 231 121 58 58 242 127
130 94 239 251 121 205 231 50 248 87 223 113 135 148 242 14 121 12 114 223
185 219 230 45 23 164 12 99 163 170 182 70 48 91 171 212 94 242 127 178
160 254 14 158 120 108 242 216 235 85 66 126 228 148 96 231 235 184 173 106
185 103 198 26 50 27 4 50 243 123 123 58 35 114 27 196 235 42 108 185
221 52 136 107 93 66 65 242 182 113 212 215 179 218 71 113 121 58 35 80
192 121 205 58 82 158 142 114 58 245 243 54 14 96 160 164 135 92 231 242
114 197 96 58 167 127 200 46 209 52 63 189 179 12 114 227 174 147 4 96
242 14 26 181 139 242 6 189 191 114 27 50 30 127 8 159 54 212 71 65
151 182 71 171 242 14 135 148 96 174 96 186 51 121 73 77 109 186 207 90
160 41 244 212 50 72 87 12 50 26 234 93 99 110 239 16 121 182 176 215
58 218 113 25 244 242 62 79 34 136 148 205 251 251 209 242 23 23 48 240
41 203 75 174 131 223 118 218 75 105 210 87 96 93 111 123 163 73 226 121
114 178 26 119 200 215 218 215 118 205 173 243 133 218 242 127 208 150 170 103
185 77 27 188 251 179 241 25 87 87 27 4 120 91 199 121 18 240 42 186
223 186 201 114 121 49 192 239 209 107 178 85 148 205 223 114 181 67 185 253
58 218 250 12 25 43 52 72 56 131 12 29 200 30 95 121 223 217 148 12
160 41 215 123 167 45 114 135 114 108 196 173 121 185 185 35 209 188 104 147
245 250 116 234 50 5 75 22 114 144 14 1 148 245 144 14 121 173 121 234
69 107 171 142 198 207 123 33 184 96 250 108 196 138 66 83 173 59 152 114
192 10 210 92 104 135 242 87 14 14 121 92 136 114 38 58 227 107 0 135
222 50 216 122 203 215 121 114 144 14 203 242 45 86 108 133 218 176 122 120
74 194 109 186 144 135 50 242 176 178 173 160 241 87 14 123 95 121 46 74
90 121 253 76 182 137 186 92 223 50 0 7 135 21 188 46 152 126 24 147
243 210 21 5 235 242 14 77 26 50 87 19 103 66 231 87 121 251 12 212
160 65 103 101 104 12 58 22 186 221 87 135 103 0 203 212 205 220 96 173
97 170 121 244 173 121 182 2 13 87 14 242 127 14 114 27 192 178 87 186
250 210 87 134 173 143 11 174 131 45 223 114 72 87 14 185 77 128 96 112
106 223 186 18 215 212 14 102 206 177 96 186 193 114 27 96 176 114 24 114
158 168 113 106 54 102 58 185 111 104 71 114 164 181 223 114 50 23 87 23
163 106 178 85 182 113 166 150 152 102 134 240 60 178 141 114 78 127 160 212
237 121 114 218 212 242 113 152 32 135 176 85 38 215 210 114 112 58 151 106
221 134 251 12 242 87 72 152 102 121 135 136 114 96 109 176 114 9 19 107
50 108 26 212 104 121 242 159 108 251 179 221 218 241 186 183 242 200 26 186
37 70 179 66 93 151 151 37 21 144 158 144 82 247 177 104 218 215 182 144
50 108 173 121 58 34 13 57 121 182 104 12 96 87 14 65 75 131 201 182
107 13 87 3 12 104 135 137 35 108 250 108 27 253 40 12 121 118 200 11
179 71 252 102 242 200 108 26 62 196 201 108 182 216 106 108 178 114 158 144
114 114 186 92 95 14 171 23 128 158 50 35 114 186 212 13 242 200 168 108
58 194 14 148 218 250 176 158 178 160 164 201 248 137 218 123 121 242 11 26
231 27 108 30 211 152 247 96 242 99 212 251 199 113 14 216 215 50 56 91
58 243 142 126 218 210 65 118 200 29 42 186 186 186 186 148 110 104 173 242
192 0 50 138 160 8 135 35 108 114 121 176 8 250 235 242 250 152 221 108
252 58 135 189 148 144 158 121 50 6 242 108 38 139 11 250 50 136 200 220
58 223 135 114 235 96 232 29 14 136 167 212 64 121 200 218 144 113 106 94
205 239 10 185 77 108 186 0 34 62 148 211 94 59 50 27 121 31 114 27
195 168 201 26 151 216 158 109 26 42 108 250 240 212 146 201 201 160 135 135
192 121 108 34 131 118 174 203 212 102 179 135 231 251 165 173 223 196 174 164
245 175 45 196 22 12 14 168 113 152 250 174 178 223 223 189 174 200 96 205
10 96 96 113 106 1 230 45 0 16 85 121 205 218 50 206 1 10 96 73
173 251 242 173 34 138 25 135 21 66 245 160 235 21 132 170 121 174 205 242
58 218 96 50 50 23 193 34 123 184 2 200 108 244 174 233 114 108 209 14
137 83 243 137 191 222 139 14 114 72 87 121 158 96 174 35 243 142 96 50
58 121 248 223 50 27 113 121 160 75 2 170 121 121 184 148 215 96 38 209
194 14 200 66 26 50 254 196 24 108 242 208 242 87 0 60 203 111 200 26
57 15 144 175 121 13 108 146 224 242 127 179 20 14 164 58 50 177 178 144
