114 178 106 14 114 168 181 62 147 121 31 9 159 43 215 71 160 245 11 113
28 200 86 208 158 235 42 238 251 236 14 26 241 25 29 14 121 182 26 110
34 4 174 200 116 231 121 45 114 212 104 135 172 50 215 118 179 50 108 143
58 218 108 208 58 242 200 218 242 123 33 121 96 121 96 174 114 121 97 81
192 201 174 251 120 242 200 96 26 93 56 64 209 18 60 178 59 160 175 242
114 178 22 197 96 92 219 50 26 241 160 87 14 14 185 50 104 107 178 87
151 121 182 96 176 102 153 216 122 26 245 59 230 170 61 223 215 218 242 35
58 218 250 200 242 182 34 196 242 105 223 242 39 42 31 114 108 186 7 114
163 195 123 62 217 12 38 176 114 223 114 96 121 200 26 144 243 148 218 56
242 165 47 123 87 200 168 51 217 102 157 215 212 35 75 182 182 232 200 242
37 160 210 123 173 197 96 253 121 253 121 114 38 138 151 103 81 111 200 250
58 13 203 96 69 163 42 87 121 186 93 135 192 122 250 174 114 158 135 37
253 223 194 14 91 158 144 219 108 242 250 179 221 87 137 200 26 241 218 56
58 253 121 106 181 135 7 218 113 212 121 13 212 96 38 244 86 83 160 158
158 37 212 96 250 184 96 103 113 201 106 10 114 121 233 114 168 170 9 119
106 14 121 42 163 50 175 147 243 244 179 14 121 130 87 121 158 107 242 211
209 98 209 138 185 0 152 136 111 240 204 245 100 24 2 208 192 186 108 178
102 182 242 200 168 200 243 212 106 242 95 161 110 133 99 195 136 200 26 241
176 96 205 74 34 199 160 92 45 178 160 79 160 198 121 242 127 200 51 194
58 25 178 100 85 250 179 0 0 218 123 190 0 135 28 207 135 226 135 71
223 114 112 176 102 2 165 101 160 212 40 251 66 63 14 50 65 212 219 27
151 158 56 147 212 100 69 196 212 165 231 253 69 163 242 200 148 237 50 164
160 175 121 87 148 26 96 114 26 7 215 158 215 14 35 186 186 186 181 200
137 45 104 104 135 242 200 218 51 121 108 226 100 165 215 250 108 211 23 150
37 242 200 168 161 242 127 14 75 218 109 65 189 121 182 51 251 33 123 133
253 121 158 169 56 123 62 242 21 182 176 144 14 121 50 165 23 136 200 96
58 102 242 200 27 251 240 114 173 62 39 164 218 96 121 192 215 186 159 7
58 136 11 250 106 239 158 253 56 254 151 121 120 91 11 24 147 242 106 203
74 58 174 218 96 113 34 60 200 250 108 26 241 87 96 38 136 35 192 168
221 200 58 241 218 224 158 96 26 96 42 21 235 83 242 179 31 138 209 35
92 242 42 12 218 113 71 175 133 218 210 93 150 179 31 152 244 69 166 212
205 223 35 150 176 160 23 87 218 96 65 193 28 104 232 29 76 82 207 52
31 148 73 35 170 188 133 208 50 242 182 113 151 121 176 27 26 241 218 218
114 114 121 158 235 242 114 186 192 121 205 252 22 195 108 148 45 182 192 104
137 200 151 182 231 109 186 253 121 3 50 242 113 44 108 69 141 96 45 210
242 14 189 182 94 200 239 242 87 190 186 70 152 147 121 34 164 195 136 114
184 96 58 241 87 218 113 106 232 244 121 50 80 56 21 109 136 186 144 14
158 242 208 163 189 174 139 248 92 95 156 75 218 123 93 12 195 27 107 108
185 159 31 175 118 46 152 141 188 107 19 13 136 200 192 186 114 168 114 135
58 13 87 93 95 138 35 90 186 14 102 87 7 153 148 227 244 87 163 12
50 218 51 231 242 208 37 41 255 56 148 175 79 251 200 230 138 173 58 245
151 103 212 185 126 114 19 91 23 48 114 237 35 186 114 23 62 178 159 212
192 178 243 121 58 253 121 253 121 2 13 30 192 144 185 218 24 16 108 207
4 13 173 223 114 178 243 69 135 242 3 48 85 200 96 45 182 250 113 108
253 80 121 58 13 87 215 96 96 50 46 30 114 239 223 186 99 212 154 9
58 13 7 212 218 242 208 60 200 96 250 87 78 108 186 163 23 31 195 227
106 197 50 160 205 71 208 194 14 11 250 98 253 4 54 111 35 253 197 192
160 10 99 113 242 126 16 108 193 243 34 164 66 245 51 103 135 30 42 33
114 223 135 242 200 50 241 87 78 114 72 152 31 248 131 103 0 159 230 45
163 174 200 96 186 205 96 151 121 95 121 72 231 242 127 200 26 136 200 215
201 114 178 188 34 242 200 51 209 242 200 148 205 233 128 41 182 6 114 104
86 186 250 0 170 121 38 214 96 151 212 200 207 21 146 223 114 72 179 92
205 10 92 182 45 160 77 212 224 96 50 251 121 151 182 20 158 96 69 250
137 185 113 212 46 42 164 198 21 152 255 239 114 100 211 62 147 121 87 96
10 31 242 21 1 243 121 114 198 121 62 147 121 103 121 170 121 175 136 95
24 147 231 135 242 200 250 179 218 51 121 92 161 50 108 250 179 12 234 200
58 87 158 37 196 114 251 114 96 205 92 208 186 87 91 12 58 200 96 205
58 13 81 22 12 242 14 186 241 9 175 87 113 27 242 42 123 25 76 2
114 37 113 147 121 158 242 21 76 231 20 186 26 96 244 189 2 218 51 123
24 16 34 56 4 102 50 1 186 14 121 69 107 196 207 121 114 211 235 170
163 38 107 148 179 210 25 106 223 186 181 66 136 241 14 114 10 186 114 87
97 242 200 51 121 208 50 215 218 218 242 248 38 195 94 152 74 136 200 186
245 102 35 114 93 20 148 245 29 40 8 37 182 66 223 197 114 195 114 168
218 242 250 87 16 108 199 193 1 189 170 85 42 186 108 30 83 52 58 181
