107 56 186 102 209 160 177 123 114 37 108 26 26 96 113 187 243 103 34 93
205 148 245 234 218 10 201 138 96 42 108 253 186 108 239 81 242 200 200 26
120 158 96 242 200 126 230 85 203 16 212 243 241 23 62 173 58 34 231 223
57 178 69 185 103 96 186 32 19 216 138 188 252 106 197 114 121 50 242 82
28 205 69 135 103 137 45 231 176 160 76 248 230 218 216 122 42 114 251 109
192 160 106 237 186 108 26 87 215 62 242 87 209 57 121 205 231 70 23 87
201 247 10 186 200 168 19 186 148 242 200 96 215 218 51 121 205 213 223 3
107 252 192 170 47 77 179 12 158 223 26 215 218 235 109 186 181 103 19 160
102 223 250 220 185 6 234 16 75 181 192 12 16 160 192 37 50 182 242 82
98 12 99 158 212 64 193 21 103 113 146 201 121 50 207 241 123 95 104 242
107 50 158 103 34 123 152 239 192 186 108 91 176 215 218 113 123 232 65 34
219 37 245 211 72 144 234 200 168 20 96 26 42 53 45 86 186 207 135 242
160 15 111 170 83 222 50 240 145 19 107 251 42 76 182 92 151 162 103 77
31 223 247 105 114 187 58 135 243 123 184 248 135 158 103 108 148 96 251 50
163 253 231 251 50 46 108 231 66 239 124 103 181 203 177 245 81 92 199 212
10 170 214 71 114 178 131 135 51 242 87 14 0 87 185 111 104 135 114 112
106 114 6 80 121 169 108 182 5 210 108 159 177 142 114 27 144 82 128 76
209 10 18 103 95 216 251 248 35 134 110 53 232 113 66 42 240 108 231 176
205 65 77 135 150 231 135 242 218 242 114 87 121 114 99 23 87 137 208 50
74 11 111 2 218 109 186 114 131 251 71 195 56 11 96 38 106 131 143 96
185 102 137 200 209 16 208 104 135 121 159 35 114 56 96 66 0 103 23 87
50 216 122 96 42 7 81 152 114 27 186 108 131 106 56 96 67 91 173 121
58 218 144 135 242 127 110 182 20 77 212 230 105 94 242 127 165 182 30 152
192 186 108 178 186 108 207 62 121 92 208 186 186 158 117 242 82 221 25 58
10 99 189 121 87 121 14 253 186 136 121 219 223 239 16 121 176 242 200 205
192 186 148 218 96 50 251 50 251 33 83 196 16 108 121 239 56 164 204 23
223 61 250 103 12 223 50 253 40 64 158 103 21 10 245 136 71 241 87 83
28 186 118 2 3 107 25 87 14 186 236 121 114 5 218 105 107 135 128 204
160 92 42 21 121 245 26 241 56 25 121 210 87 186 186 158 144 203 106 114
241 87 66 144 14 219 221 245 11 96 92 242 200 223 114 114 72 232 212 210
114 19 96 42 135 114 114 121 209 94 208 121 205 37 242 113 69 242 231 14
50 26 209 82 134 158 7 26 103 159 81 189 113 96 94 130 94 242 200 2
242 127 82 134 136 178 160 23 42 177 130 158 121 150 201 102 199 135 109 242
200 250 176 176 160 197 27 58 218 231 121 220 24 147 164 208 123 12 104 121
160 84 177 192 178 150 231 142 97 186 144 195 87 186 148 6 189 196 187 26
182 215 218 218 218 50 201 114 121 211 230 114 112 109 23 160 215 218 51 242
163 253 12 232 96 38 96 121 35 212 146 114 135 114 27 168 218 204 87 32
160 181 114 243 77 108 42 131 224 251 240 252 247 11 113 212 1 163 253 96
158 128 123 24 106 114 252 134 104 135 248 135 243 123 95 34 2 28 182 176
192 121 116 186 252 127 178 215 174 158 96 112 14 10 96 96 250 148 26 93
222 223 0 186 26 0 25 121 186 131 148 96 231 26 241 244 211 8 1 186
234 82 136 195 2 62 104 102 242 85 66 96 50 250 123 12 114 65 79 196
50 156 88 46 186 91 103 84 108 26 152 136 50 66 34 112 38 16 131 242
158 128 83 52 84 106 251 3 50 42 123 21 4 96 64 91 223 135 114 27
151 121 231 248 247 231 121 12 121 65 189 242 26 82 90 174 158 106 108 178
114 144 208 223 114 114 160 181 121 5 24 35 170 85 113 106 25 187 142 223
193 175 121 130 21 1 158 59 10 91 158 50 235 242 87 242 81 77 201 148
242 148 87 0 186 96 26 194 96 46 42 108 178 186 203 170 177 158 21 198
245 113 23 215 159 218 51 121 188 134 240 121 227 203 159 164 135 204 173 103
214 151 185 101 121 34 164 242 208 94 114 35 170 14 113 248 160 160 241 209
50 147 177 121 37 182 38 220 96 223 114 114 35 108 34 56 127 26 105 245
176 106 178 110 106 114 27 237 186 108 46 31 75 108 250 108 95 102 163 170
251 221 163 144 71 252 102 80 121 242 87 159 2 14 142 204 158 39 87 111
114 35 108 42 186 243 212 94 150 179 25 167 186 108 178 186 158 26 241 25
10 176 144 14 121 2 252 107 120 136 114 239 160 204 245 91 112 189 134 245
107 247 53 26 108 186 147 171 36 190 14 72 175 12 203 242 41 28 182 168
58 8 218 182 38 201 242 151 34 77 148 114 134 182 182 113 5 210 223 3
248 223 135 114 186 168 114 181 69 50 189 189 245 211 50 72 87 121 96 136
158 5 12 151 96 121 107 197 185 152 175 121 103 95 121 87 23 145 50 233
106 163 230 182 216 108 251 42 121 200 50 72 218 65 77 160 227 87 14 121
102 223 18 173 251 135 242 66 241 96 239 230 82 186 5 77 168 114 27 144
196 16 108 94 233 163 174 242 3 96 120 192 122 186 200 108 242 212 178 96
58 151 121 205 51 103 91 92 242 82 84 223 186 147 121 242 200 112 2 14
154 96 231 121 50 135 21 236 123 248 216 163 50 109 121 106 121 205 18 123
