242 66 42 12 114 27 26 131 226 122 186 96 45 144 191 109 241 106 87 135
192 253 186 96 181 121 35 39 30 121 120 210 87 84 189 50 64 158 108 216
253 121 96 23 180 242 164 135 108 251 42 71 50 44 114 108 242 14 114 27
58 13 128 144 14 186 14 186 239 185 103 0 135 211 56 121 18 104 159 135
185 128 134 23 211 41 219 223 77 41 45 178 23 145 103 87 168 163 75 16
158 142 192 26 96 96 158 193 16 230 72 12 114 14 201 173 242 200 212 205
242 21 66 83 102 204 50 33 95 231 2 200 26 246 51 103 215 218 212 215
185 111 147 200 108 221 56 121 242 190 103 146 31 190 14 189 223 186 186 0
50 27 122 247 87 7 16 85 69 103 221 27 242 200 78 248 189 218 176 114
58 50 182 84 104 135 121 106 168 114 27 174 114 37 110 146 251 173 71 241
250 122 85 104 251 12 191 152 30 173 121 194 200 50 1 92 114 185 144 82
205 243 71 209 148 40 104 21 10 23 87 87 139 200 170 35 26 218 254 114
158 144 234 14 198 154 182 113 201 215 121 92 35 150 170 103 136 120 121 212
160 92 106 220 160 88 14 249 31 14 218 242 162 114 187 23 0 251 120 23
223 50 108 90 186 170 21 21 215 218 216 122 19 242 99 26 83 178 108 66
158 126 24 96 218 235 242 208 158 103 108 109 186 203 95 121 182 250 108 26
223 53 250 200 42 50 108 150 242 66 42 181 103 69 186 181 121 34 164 227
245 11 245 219 221 50 242 200 26 65 241 170 121 35 58 90 230 177 69 163
247 253 243 90 239 131 12 76 215 18 11 102 174 233 88 14 242 127 178 26
242 200 158 104 96 212 96 21 216 122 52 245 253 103 241 87 31 191 19 231
28 200 141 108 250 26 96 6 133 50 33 87 78 142 114 108 26 217 121 52
37 108 20 239 205 122 121 196 242 23 218 251 248 5 135 10 252 94 62 147
90 197 107 113 13 193 31 192 215 218 140 113 106 131 221 87 209 14 61 151
211 13 91 242 200 35 166 127 56 62 251 18 200 26 148 218 96 231 186 117
158 51 103 72 232 96 231 58 106 56 25 23 62 159 121 59 77 108 121 82
151 121 148 242 244 41 160 66 242 14 121 176 200 180 242 127 168 93 218 242
209 189 160 235 141 96 11 250 2 66 19 93 21 96 97 212 96 215 96 113
100 50 173 242 152 246 106 139 96 114 242 108 147 121 242 200 96 96 96 174
12 114 223 203 147 102 123 135 242 159 16 36 96 96 219 253 219 4 194 51
151 160 210 87 7 50 121 45 248 107 13 108 178 114 223 87 174 9 93 111
16 121 160 242 14 191 106 131 19 28 221 207 152 242 179 12 252 108 133 218
94 242 200 143 215 108 11 244 219 98 211 121 26 241 218 51 121 192 200 22
74 131 211 12 175 177 212 32 148 26 96 103 181 207 21 14 76 46 42 123
160 105 242 21 250 108 242 148 11 250 179 74 30 127 208 58 135 219 4 245
158 57 121 223 151 121 222 50 186 108 114 121 252 114 223 203 114 211 137 215
176 253 244 200 96 241 112 38 136 121 96 103 108 186 170 199 241 96 251 95
234 200 253 251 96 83 250 196 20 96 96 176 215 96 96 158 96 250 87 121
158 96 218 215 23 114 218 207 240 123 91 210 112 143 51 160 242 200 242 200
186 148 218 96 135 121 242 200 218 51 81 170 127 113 123 62 188 10 126 87
163 176 23 251 181 23 201 177 102 103 151 121 34 56 25 121 114 108 121 158
231 251 173 242 14 242 250 12 139 35 135 219 108 173 243 160 205 34 31 105
37 42 128 158 242 200 226 118 108 67 242 190 83 243 160 189 35 114 104 123
106 37 242 200 126 135 184 250 152 16 255 4 104 121 8 85 148 121 58 75
192 215 245 205 48 127 216 251 112 46 87 7 25 25 181 121 253 69 199 148
209 245 221 108 238 131 82 39 52 240 187 230 114 14 26 96 215 62 211 114
253 69 196 108 66 208 58 194 234 174 178 93 218 210 121 179 196 233 186 120
145 159 201 121 114 114 19 96 96 6 118 170 121 234 127 121 218 241 182 211
96 211 94 19 223 35 170 96 121 176 144 234 136 14 121 209 92 123 21 113
209 158 218 71 223 50 87 121 50 190 1 9 242 200 6 131 158 106 65 189
35 92 114 114 108 186 144 14 21 14 173 185 190 25 121 58 223 203 0 34
230 205 108 160 8 215 218 215 212 205 121 198 115 23 123 243 123 53 11 83
13 35 37 231 121 248 72 164 12 87 135 96 96 186 96 26 96 34 25 87
221 75 251 50 72 175 106 122 26 21 218 71 151 109 121 87 196 211 220 245
74 193 123 41 242 203 42 50 72 181 25 87 190 14 92 90 114 62 154 243
253 56 6 214 121 111 82 218 68 50 206 46 108 182 121 163 253 190 96 186
57 35 114 37 160 160 23 90 121 96 80 135 114 108 26 186 120 10 35 114
223 114 114 186 147 121 233 200 186 114 37 73 105 108 158 21 94 136 242 200
184 16 11 121 99 31 158 58 181 121 218 26 224 83 242 205 111 148 80 31
58 50 0 114 11 88 82 121 58 47 82 178 200 121 58 138 251 19 151 122
192 186 186 148 26 186 181 0 22 212 185 215 11 215 216 122 76 151 212 241
242 142 200 148 65 196 242 66 127 52 114 72 12 114 168 203 245 142 102 242
234 209 193 163 223 114 61 96 189 146 31 114 121 135 121 205 227 247 77 170
245 62 64 209 234 121 58 218 196 114 108 239 178 59 109 121 242 200 118 95
96 241 96 50 126 98 212 218 215 121 205 209 223 50 27 108 26 111 152 244
