58 194 14 93 12 159 121 106 181 114 26 186 186 148 215 242 200 96 26 148
242 37 241 93 50 72 23 164 195 21 10 163 13 83 83 92 45 44 62 190
58 194 14 215 26 50 26 91 160 242 136 114 230 45 160 106 131 218 179 12
107 92 135 114 223 190 113 135 200 201 251 121 57 173 231 12 183 231 67 242
74 215 211 136 239 211 170 121 34 200 252 192 200 96 50 251 173 158 205 96
253 82 156 190 178 141 26 96 201 253 242 2 127 14 188 160 242 250 2 21
211 131 114 168 195 31 105 227 87 14 243 30 76 83 115 19 96 26 170 23
161 50 205 123 66 83 242 42 93 181 217 102 242 200 96 112 8 19 121 195
58 107 13 94 200 182 83 158 218 204 135 242 179 218 191 66 42 19 215 218
200 209 236 123 232 96 144 242 82 186 93 121 50 35 192 94 178 198 99 151
151 231 231 160 114 216 72 95 231 23 114 218 248 135 66 0 242 200 244 212
145 38 174 147 212 96 178 212 94 242 208 137 200 18 50 5 241 65 217 147
231 243 76 203 245 96 26 215 218 144 82 230 87 19 186 93 247 10 207 113
26 93 118 144 14 234 121 50 242 182 2 176 253 242 200 216 121 26 189 240
226 136 118 56 96 85 96 151 212 96 50 233 51 69 160 144 14 223 186 186
157 118 242 0 186 181 41 66 83 245 96 219 22 58 242 200 168 209 50 190
58 96 0 65 14 148 26 6 161 128 91 87 152 163 232 121 192 121 163 77
163 174 107 42 186 203 92 175 201 121 58 178 121 114 134 87 27 144 82 103
200 242 200 45 182 159 242 87 87 186 186 19 2 200 126 250 179 135 136 200
251 186 243 17 121 193 121 74 58 189 231 108 182 126 126 218 96 50 251 33
116 186 108 221 108 36 158 168 200 153 118 252 192 96 50 251 12 210 144 234
160 181 198 121 136 121 114 27 108 26 83 101 121 242 21 96 109 186 50 148
151 121 58 242 29 122 42 113 108 173 194 215 26 93 41 242 42 12 114 186
163 64 250 96 29 14 34 200 96 195 184 14 186 148 158 96 85 242 141 200
242 87 14 186 203 158 96 179 250 179 103 25 87 238 203 231 135 242 200 96
114 178 108 178 1 201 114 134 7 67 58 93 158 218 51 121 242 200 42 216
121 151 46 158 144 219 206 113 121 245 33 62 173 121 57 173 121 159 223 159
37 196 212 151 158 103 135 114 72 121 191 121 211 58 217 102 185 194 231 189
223 114 220 83 245 221 26 203 108 231 121 117 41 96 113 25 123 102 30 62
231 242 196 71 16 114 26 96 62 104 21 152 74 121 2 178 242 200 186 92
58 223 135 72 242 250 179 12 12 251 66 152 113 147 103 27 150 136 114 114
50 121 128 254 182 249 182 182 242 182 195 172 5 4 127 14 251 33 87 66
221 242 2 250 204 106 131 102 56 218 241 99 65 189 182 242 250 181 23 37
51 102 212 215 108 104 160 227 114 108 121 138 231 58 242 2 82 247 69 200
160 227 99 248 135 243 215 108 164 12 209 236 208 50 207 135 121 158 108 250
74 181 62 148 218 244 95 188 66 34 105 41 66 2 61 250 179 98 137 250
58 194 173 33 58 58 77 7 219 26 236 209 7 191 42 22 227 242 200 96
160 34 31 192 65 50 23 45 131 228 200 96 108 231 26 50 108 201 23 218
37 242 200 51 123 121 175 103 75 163 13 173 184 193 91 194 158 58 163 7
161 50 114 108 178 160 64 158 108 178 69 242 45 200 208 50 0 7 113 16
58 218 99 160 160 252 92 182 88 14 38 103 148 189 174 186 203 11 152 114
65 148 41 173 121 97 186 141 211 118 58 174 131 45 178 20 51 182 26 219
58 194 231 201 10 26 163 26 170 103 113 231 21 50 213 5 242 0 20 96
91 243 34 144 76 114 102 242 121 128 114 215 112 205 14 121 210 114 27 58
58 194 231 215 171 215 92 242 21 242 179 113 242 14 77 26 113 108 46 152
114 178 173 34 185 93 162 113 23 87 60 148 96 231 51 121 75 87 168 195
137 151 18 242 250 179 150 87 35 113 232 234 40 69 182 26 65 69 182 212
58 0 231 221 186 92 212 14 10 32 151 121 209 137 83 182 253 223 160 210
10 239 130 94 208 58 96 6 110 114 65 0 186 92 158 251 35 248 163 218
170 103 12 14 50 251 162 0 138 107 209 61 141 118 12 114 4 158 91 160
146 242 120 151 182 66 242 66 178 110 200 209 185 73 136 191 2 14 209 10
153 186 96 186 211 25 10 23 62 168 250 50 108 182 51 242 12 158 50 20
192 186 148 218 242 27 108 46 91 248 164 242 200 207 52 145 205 186 221 50
102 58 121 205 10 112 215 58 212 96 38 96 50 35 114 186 108 185 85 230
148 107 13 186 96 151 246 220 208 52 216 122 26 181 41 95 121 12 173 223
151 121 200 37 20 14 38 250 188 121 182 151 121 121 185 77 158 253 0 194
148 242 200 168 151 121 181 121 192 121 182 182 58 245 191 158 106 56 12 96
58 160 215 25 160 160 96 34 77 26 111 197 215 42 26 50 108 182 51 121
114 223 77 203 108 250 236 185 215 200 251 66 192 186 87 96 219 12 173 245
177 199 219 96 212 146 182 22 223 114 72 2 121 58 96 231 23 72 201 12
158 96 231 212 219 4 13 91 103 173 121 160 223 107 13 136 205 121 242 200
58 194 14 96 23 45 0 120 173 251 26 170 87 96 215 114 4 186 211 93
215 71 186 181 23 62 16 114 41 126 168 203 138 242 19 208 247 20 168 175
242 178 23 87 218 231 221 27 252 144 104 219 223 114 27 108 178 141 212 160
