58 13 201 242 179 181 222 93 25 87 7 50 173 121 133 22 223 135 114 168
58 218 50 20 96 38 210 158 111 242 19 245 38 174 72 96 112 135 135 192
50 0 77 91 163 114 108 173 121 205 230 48 35 126 218 51 121 5 218 218
251 50 241 244 7 50 9 177 114 223 230 189 245 1 223 50 0 224 108 250
193 240 121 182 66 121 64 158 142 50 9 96 66 112 151 158 244 92 242 127
107 25 87 135 114 9 111 242 179 218 113 123 76 113 76 182 163 26 163 215
160 243 242 21 96 151 87 168 250 96 141 200 26 241 113 152 32 96 151 73
192 32 96 212 174 94 82 11 83 83 179 52 186 114 108 85 26 209 50 6
160 163 174 200 96 26 111 21 66 121 88 251 250 176 144 19 14 119 200 126
57 112 46 152 31 135 96 114 24 108 231 121 147 121 242 189 19 152 108 232
186 56 62 242 150 95 199 135 52 242 182 135 74 87 250 50 105 40 182 176
151 160 243 242 200 179 96 96 112 113 212 120 223 45 135 91 176 242 179 42
185 194 126 182 216 50 215 218 96 215 67 174 186 181 12 118 96 176 215 23
128 163 17 170 103 113 121 182 135 242 42 113 200 51 118 14 242 85 50 23
104 135 114 112 114 112 108 69 173 121 192 23 153 160 227 35 114 108 26 25
58 144 93 14 10 215 121 121 106 120 144 200 148 96 174 12 104 178 2 200
158 108 211 203 160 245 211 239 158 7 241 121 97 226 31 241 100 42 112 182
158 96 39 184 96 38 218 242 66 96 38 223 215 218 242 248 227 121 45 146
58 218 141 219 223 50 210 30 189 121 34 200 22 178 121 22 126 218 96 96
107 252 215 108 239 136 200 251 231 75 108 141 187 223 186 87 50 240 186 186
128 158 223 135 114 108 207 232 71 58 128 21 66 121 160 101 102 27 56 218
106 235 148 85 242 179 200 6 114 186 212 231 242 200 209 106 186 37 216 122
141 102 174 197 158 212 242 152 80 148 41 182 88 44 173 251 173 106 27 108
163 174 202 218 218 244 66 186 186 108 42 123 62 205 113 152 16 146 16 114
19 13 136 114 134 196 108 178 26 111 28 193 131 135 242 118 46 240 186 147
37 84 158 103 108 188 121 227 205 130 2 87 14 212 109 242 250 200 250 179
252 114 108 65 103 30 127 200 71 2 14 186 239 10 90 186 207 164 50 21
151 121 58 34 123 12 211 114 121 253 100 170 96 96 231 182 73 218 29 121
223 186 203 147 121 243 121 218 210 87 12 242 87 152 231 192 31 50 5 58
58 13 186 26 7 212 19 93 120 65 215 9 222 135 121 96 50 251 164 135
58 135 121 209 231 242 178 177 186 69 111 121 108 106 114 121 193 247 227 188
10 215 218 96 215 26 247 241 25 135 123 190 242 142 141 114 187 186 253 123
114 121 102 242 203 164 152 242 164 114 72 182 1 102 186 103 218 242 179 241
96 121 182 189 65 182 210 30 163 253 121 195 164 16 58 190 62 104 71 158
10 186 159 9 242 179 164 218 113 123 21 66 123 121 11 148 125 158 37 67
176 160 5 25 58 103 103 21 251 50 56 96 219 96 121 176 85 23 26 0
242 218 255 240 104 135 160 27 244 189 251 182 113 123 176 248 135 199 158 195
58 218 108 65 121 87 212 64 20 108 189 24 26 241 50 240 37 242 179 43
158 96 14 96 50 64 186 181 10 196 58 195 200 56 7 114 235 242 87 14
114 4 96 45 33 87 27 211 203 38 215 11 250 2 152 31 114 108 186 96
100 7 191 42 121 77 184 231 106 106 87 121 53 212 14 182 216 50 35 20
170 178 41 160 215 135 121 223 53 14 168 114 186 35 158 108 104 208 223 241
9 163 196 108 46 173 219 223 38 14 37 82 208 242 231 177 160 61 101 48
92 55 245 189 219 62 148 6 118 212 51 56 241 25 242 14 6 194 14 16
181 97 91 53 14 45 8 73 0 212 121 151 138 96 250 50 160 74 72 121
176 215 218 113 251 209 242 113 14 152 223 218 241 113 244 127 137 26 50 108
192 121 168 114 26 194 182 211 23 131 26 87 241 121 50 21 146 16 121 134
173 11 91 111 253 35 99 14 200 186 3 139 10 0 231 192 168 113 248 7
192 227 50 148 138 14 215 218 189 242 127 127 69 242 208 58 50 48 208 108
209 27 112 50 152 114 121 231 122 114 27 26 240 251 76 183 212 200 118 144
159 247 53 51 56 216 98 209 173 223 35 108 42 130 186 34 31 114 4 144
163 112 114 108 121 201 121 106 251 248 240 200 56 30 62 231 187 131 200 228
58 218 71 122 185 1 151 121 209 100 41 212 242 66 158 96 96 219 19 13
58 209 121 243 242 21 251 87 113 152 164 50 189 23 0 154 170 192 148 251
114 108 193 5 218 96 151 56 96 232 182 38 209 227 218 241 136 135 242 242
96 151 121 121 26 186 83 245 34 105 131 38 50 251 23 237 218 212 122 42
201 118 239 134 150 242 12 114 27 114 158 235 242 179 135 208 50 164 58 107
160 74 215 204 73 0 200 13 186 200 96 24 215 26 240 108 52 163 215 218
223 35 200 195 242 87 14 38 96 208 209 50 103 23 6 114 108 173 121 193
57 121 205 121 106 136 135 21 148 242 82 185 66 242 39 75 164 93 121 59
96 121 205 121 205 121 121 58 210 197 111 147 231 242 190 5 75 218 134 200
181 97 93 253 121 185 121 92 231 27 235 50 146 243 243 135 242 21 226 31
58 218 96 50 224 223 230 14 186 148 181 69 108 250 179 12 242 21 242 14
32 93 181 21 121 244 160 131 242 212 102 128 121 185 6 233 50 108 114 104
