58 194 208 20 107 12 170 227 96 114 113 218 102 121 50 30 176 182 182 196
211 82 50 5 248 21 158 210 135 208 242 45 212 151 242 152 200 185 230 99
74 5 106 109 185 111 242 200 0 40 114 105 102 181 52 199 113 4 234 120
176 19 135 186 94 82 167 215 38 96 251 242 230 170 189 236 108 121 0 186
192 22 186 56 3 87 218 106 153 114 4 96 121 96 215 215 205 96 14 193
211 241 25 135 98 171 175 216 196 186 186 108 212 151 121 240 173 128 242 251
219 26 240 108 173 182 20 209 140 52 73 23 12 200 42 111 163 9 51 106
151 135 69 193 160 5 253 135 243 136 242 66 7 182 110 52 248 242 50 76
218 26 10 242 19 121 242 200 163 138 118 215 205 223 215 186 186 14 108 26
50 223 45 242 113 61 20 148 103 103 152 26 241 12 135 95 200 50 206 5
221 58 96 121 223 231 87 19 158 227 73 71 135 242 200 230 58 248 135 1
185 111 1 253 243 247 147 123 16 94 200 185 131 69 11 118 174 83 92 121
58 194 14 26 186 181 33 87 77 103 164 241 65 182 248 122 231 122 114 235
192 108 94 182 242 66 42 182 151 177 160 194 152 31 5 108 42 159 221 235
115 136 10 174 108 250 251 186 193 114 121 96 205 158 113 122 6 114 147 189
96 41 210 114 72 94 158 146 162 219 19 93 181 23 184 242 191 121 159 97
176 91 214 121 226 35 31 170 165 157 23 184 42 35 197 13 21 109 108 15
158 87 121 52 201 212 38 16 170 210 17 186 109 108 121 97 51 121 34 176
2 205 18 182 105 95 241 174 212 120 149 50 96 36 111 34 158 144 157 208
10 244 215 108 182 35 26 189 156 182 121 17 50 23 158 112 107 218 42 239
58 194 14 94 148 197 135 121 55 91 227 111 45 30 133 112 213 14 146 178
58 181 229 186 186 14 239 186 253 121 114 108 114 223 96 223 62 110 186 108
50 56 123 66 180 154 135 163 11 96 91 216 186 218 50 136 114 233 242 87
102 112 231 18 105 74 218 144 3 186 108 96 50 210 42 182 58 12 182 174
135 200 51 14 121 181 203 135 121 89 34 83 85 96 152 21 65 1 58 158
242 200 26 144 234 21 103 199 134 186 163 114 237 62 26 181 121 114 243 116
192 114 50 34 202 203 2 14 165 200 26 96 126 87 96 118 12 144 14 23
11 218 212 121 174 210 135 121 127 196 58 7 87 87 17 14 186 108 42 223
245 128 107 205 242 29 200 52 44 114 223 186 96 85 96 154 5 14 92 75
253 222 78 135 24 46 96 242 200 19 50 179 34 62 242 14 142 114 186 108
211 231 114 37 33 209 65 212 241 182 211 182 162 14 201 141 176 96 216 251
185 28 235 24 14 23 0 131 102 56 25 167 67 58 194 14 192 189 158 10
74 18 200 42 104 114 108 173 176 151 219 137 14 96 242 151 100 211 128 19
163 78 174 50 5 135 23 156 227 181 12 114 37 215 242 135 108 109 99 178
58 13 211 82 19 243 139 103 152 108 51 121 151 9 41 150 86 75 93 50
37 102 1 21 144 185 186 108 20 178 74 4 163 34 16 56 95 152 231 218
160 158 193 121 114 121 205 181 185 77 148 111 199 121 96 96 29 182 109 135
163 107 154 16 84 235 186 108 221 148 218 245 189 123 71 114 192 186 13 219
160 197 250 50 109 121 178 26 181 216 121 209 50 108 104 19 231 179 144 147
86 96 160 227 176 182 229 230 23 123 218 126 223 200 239 137 182 78 219 223
57 242 14 182 245 175 30 23 123 95 109 29 239 135 41 123 218 64 21 56
205 235 50 199 108 42 121 2 95 69 214 131 103 111 200 58 28 137 200 104
58 194 251 209 35 230 21 221 87 62 96 76 170 173 231 23 114 114 27 50
54 121 120 50 42 164 135 173 135 199 27 57 121 182 161 50 251 121 136 114
120 224 96 231 23 218 26 241 87 35 186 226 161 50 209 103 103 113 108 203
205 223 196 141 186 114 96 218 245 113 182 232 40 121 50 235 43 211 187 132
100 135 104 114 154 92 242 76 19 250 0 173 182 210 178 39 121 51 16 163
118 243 216 223 45 121 205 208 242 87 218 113 14 121 151 245 10 37 201 18
252 103 241 218 121 123 196 159 151 69 121 127 83 200 126 205 227 231 26 179
181 136 182 20 96 12 105 96 144 231 58 40 245 16 196 42 56 158 58 242
58 128 50 238 170 243 121 231 96 151 135 94 182 251 87 87 14 159 114 114
14 51 108 212 96 50 108 114 173 176 215 121 192 85 42 168 96 42 67 193
253 50 180 215 182 250 119 186 120 182 33 95 21 121 26 241 181 87 96 121
193 223 93 77 135 182 242 181 56 121 99 218 50 111 200 26 241 196 56 151
192 115 210 50 110 223 176 241 87 110 103 241 14 148 121 2 250 136 175 41
58 144 103 179 218 242 182 176 160 223 223 0 251 103 21 0 158 96 186 96
58 245 215 50 52 87 177 173 96 209 165 133 185 0 204 50 94 91 128 135
103 135 73 96 154 178 248 223 96 160 118 216 252 133 208 223 14 66 107 35
160 94 200 71 192 186 108 66 96 151 160 232 140 121 151 158 148 205 96 10
102 206 134 224 218 216 13 136 114 27 50 108 108 199 123 230 56 181 26 103
192 185 111 231 163 104 50 48 212 106 152 212 237 189 2 242 76 148 195 238
24 230 203 173 146 199 199 231 189 154 104 164 135 87 251 94 34 31 151 106
92 131 99 92 121 184 91 37 200 44 205 251 12 113 121 31 252 250 237 16
223 87 179 123 62 34 248 106 108 15 97 186 16 10 207 181 230 181 135 136
