242 200 250 179 30 241 73 218 242 179 62 208 144 81 113 212 9 105 223 42
211 10 114 204 87 135 42 94 130 56 113 174 210 178 173 178 121 176 75 50
234 200 196 216 122 42 121 135 200 96 45 173 231 146 200 201 174 115 218 38
91 228 200 96 58 13 84 103 103 108 173 242 200 230 218 205 186 131 242 178
192 16 85 10 158 242 182 51 121 58 196 45 251 91 135 211 242 200 250 103
221 65 16 148 96 121 121 174 200 168 234 218 151 158 108 114 160 131 33 223
242 200 42 103 108 148 65 141 35 212 102 105 56 96 170 34 184 236 96 160
97 186 111 114 21 188 251 231 121 205 223 72 176 215 108 178 121 69 173 10
50 148 144 158 231 243 77 103 19 25 21 122 186 193 126 85 151 182 242 200
176 144 14 88 14 109 186 112 113 106 114 121 106 235 96 174 191 31 186 135
58 16 121 158 158 96 50 240 182 126 242 200 250 103 218 113 251 34 95 173
205 114 223 186 186 207 33 12 87 32 82 7 151 128 251 242 55 0 174 173
158 121 200 96 151 182 152 96 50 27 244 242 82 192 234 114 22 227 123 212
97 201 121 34 158 228 108 178 114 210 45 94 231 26 113 152 182 176 160 245
179 135 66 181 163 77 108 26 50 148 40 99 147 197 209 188 182 26 240 212
242 99 231 56 96 135 242 114 72 87 87 158 141 18 25 32 220 93 219 39
163 95 182 113 176 100 64 138 28 121 182 96 176 113 159 10 27 242 200 105
41 197 12 242 33 0 242 212 56 203 4 253 134 16 136 200 10 4 104 135
163 253 121 12 50 114 121 248 194 87 27 144 152 221 227 25 58 223 135 62
192 121 96 212 51 158 32 215 218 223 50 56 121 253 224 106 242 200 108 23
160 41 135 123 196 150 138 99 237 27 186 108 26 108 114 159 170 121 159 158
160 243 142 32 241 58 241 151 14 14 198 121 121 182 22 248 105 96 51 121
10 163 50 26 83 91 245 192 178 159 26 190 216 242 142 75 97 186 239 26
32 10 215 134 240 1 10 215 212 245 244 201 170 222 103 34 179 101 231 87
137 200 209 160 227 98 87 223 230 147 32 77 110 147 236 147 121 114 104 135
60 104 14 75 26 6 6 21 247 212 96 182 182 176 106 114 69 110 102 121
223 151 96 151 21 69 229 218 50 56 158 7 153 114 108 253 121 7 160 245
105 242 200 96 226 16 96 121 45 143 211 170 200 51 121 114 230 96 23 218
74 211 10 48 128 216 87 27 108 185 93 114 104 121 18 200 96 121 251 231
10 8 23 135 136 203 236 74 173 177 136 114 14 121 114 108 105 223 239 160
160 11 51 83 11 50 5 76 182 113 109 136 200 153 114 223 114 108 23 160
41 128 227 35 163 31 114 70 87 23 87 135 206 160 107 71 111 16 242 114
160 189 9 109 121 151 34 123 13 251 66 192 218 242 66 42 121 191 152 170
56 217 62 11 88 83 175 58 248 121 47 31 114 25 186 18 104 21 146 178
106 108 250 98 106 23 94 242 165 10 200 6 170 177 243 160 227 106 121 8
163 253 210 2 14 233 243 103 32 93 135 242 110 170 211 103 4 13 242 200
228 200 226 209 251 173 121 58 200 211 238 24 147 121 114 112 46 135 10 34
231 114 168 99 23 23 11 96 83 54 14 200 5 71 114 158 211 131 106 251
114 203 108 178 211 240 44 114 58 138 215 218 170 103 136 203 17 87 25 27
158 96 176 160 51 98 95 199 248 135 108 148 245 92 121 182 130 158 135 242
187 53 14 96 176 177 130 37 242 85 48 108 113 139 242 191 4 107 241 87
91 145 230 9 21 177 239 25 121 242 200 148 12 96 231 94 231 212 192 122
170 121 222 122 50 231 212 50 251 72 87 135 63 1 205 10 174 114 121 57
96 121 178 160 103 50 215 217 185 93 218 8 229 12 178 114 211 114 121 11
114 178 177 130 211 242 242 200 208 84 144 170 165 253 127 242 200 96 253 121
58 103 32 200 96 151 80 121 158 144 241 203 95 196 86 212 85 14 96 215
138 50 152 218 66 11 144 82 192 158 218 242 200 26 241 96 114 121 174 94
121 145 223 114 114 23 87 121 220 185 18 111 100 24 39 99 31 241 25 242
60 231 114 27 215 24 200 46 95 21 152 46 108 152 231 223 87 16 96 186
58 218 103 75 239 96 114 205 227 69 3 91 103 23 248 128 135 110 48 245
200 242 200 230 230 170 218 51 121 16 242 200 253 170 121 143 241 152 4 200
221 251 50 56 236 23 115 87 121 120 203 106 164 33 223 190 102 23 164 222
185 32 50 110 148 144 158 236 121 198 12 135 242 21 114 121 205 121 177 10
221 163 253 35 5 168 203 244 190 108 106 41 158 144 144 14 212 121 218 96
158 56 142 114 72 95 185 12 158 37 255 144 242 250 12 87 110 238 78 152
245 37 109 151 147 121 200 35 96 37 109 121 218 242 136 200 114 108 114 121
58 194 14 96 186 96 12 11 232 209 107 69 105 227 231 12 36 50 251 72
50 212 185 158 135 75 211 251 75 218 182 207 242 179 12 203 179 218 232 71
165 0 96 96 112 109 247 219 230 189 217 56 160 240 131 130 69 26 42 136
173 121 182 38 167 186 147 121 223 151 69 138 18 104 200 112 148 182 159 109
80 212 241 182 20 14 135 242 2 127 104 7 39 199 242 159 76 62 242 200
242 200 26 91 242 87 127 94 208 185 4 93 218 102 134 86 158 103 76 114
231 20 244 148 135 234 2 127 178 160 255 121 96 231 235 39 87 12 115 186
158 50 152 242 200 26 241 50 136 12 170 121 114 114 14 209 186 159 50 110
