200 78 131 106 123 135 4 121 181 69 21 242 114 195 87 14 168 113 159 121
58 28 147 172 121 218 242 82 75 158 232 244 121 41 182 113 121 182 242 87
74 11 156 50 1 123 54 244 23 31 241 123 25 135 208 189 182 58 182 20
58 34 170 77 148 69 160 88 13 51 87 10 83 245 194 212 26 218 113 123
194 231 244 251 123 174 241 87 96 51 251 224 87 96 121 245 59 158 121 243
151 121 8 45 182 175 219 121 114 27 186 200 26 22 148 210 62 138 181 164
16 147 243 142 178 182 242 126 114 100 170 82 128 136 231 121 200 200 186 96
242 200 186 147 173 121 143 121 158 108 242 42 23 25 142 211 122 186 3 137
185 191 12 50 5 75 134 248 163 69 128 71 87 7 215 178 186 203 147 147
253 121 222 34 123 179 12 45 209 253 121 45 148 56 71 122 87 87 167 186
58 106 160 123 121 35 31 96 35 163 17 186 26 96 215 212 14 121 200 211
121 252 192 13 203 87 209 251 173 115 103 75 52 95 121 182 160 140 142 75
209 170 121 223 200 208 73 113 123 34 200 131 106 168 211 101 121 102 174 173
205 10 114 42 186 19 215 121 26 241 25 135 121 205 123 12 39 164 241 38
242 127 148 26 42 32 241 218 255 24 131 242 250 12 242 127 200 96 108 126
253 114 223 186 203 196 114 35 114 27 23 248 72 65 241 87 0 92 158 200
242 200 26 111 64 94 200 215 218 65 21 209 242 113 119 69 95 250 31 99
176 144 14 121 250 123 135 46 26 148 248 135 28 87 73 218 109 121 45 69
223 186 147 158 30 231 242 250 204 253 12 218 191 122 219 22 59 19 10 93
58 135 21 223 50 23 0 135 242 178 159 63 247 239 73 216 98 8 46 135
58 194 14 186 114 108 178 160 215 25 121 34 238 114 40 193 160 215 218 242
58 107 82 251 158 103 34 46 159 50 128 160 227 242 244 50 242 127 21 1
245 10 108 65 147 135 197 253 223 215 218 113 121 64 121 105 245 11 113 12
58 158 103 242 176 76 241 186 96 250 99 4 65 23 216 106 164 135 123 123
160 241 223 50 27 210 87 174 72 65 182 167 251 109 45 113 136 69 58 8
158 96 108 44 114 5 56 216 98 205 136 114 114 23 87 7 26 241 87 96
245 243 103 113 75 26 0 87 186 186 93 200 215 65 113 147 121 242 142 120
192 186 108 96 174 139 10 126 114 38 87 23 215 170 14 121 121 218 103 77
185 236 114 114 5 235 39 181 87 137 83 242 200 22 221 245 174 200 242 178
94 136 114 186 103 108 3 173 182 146 114 134 80 227 69 21 56 163 188 242
159 1 223 16 114 23 219 23 114 62 147 121 154 147 212 121 209 85 163 107
242 108 212 251 160 103 113 190 62 168 85 218 96 218 226 254 51 121 172 87
58 181 7 218 109 13 186 203 165 148 92 248 223 151 147 74 207 21 5 134
107 148 88 232 201 3 27 228 223 83 219 245 131 227 23 182 163 227 103 21
140 62 184 104 175 158 51 121 158 26 96 96 26 96 6 114 114 239 104 33
160 207 164 106 26 83 102 211 189 251 50 242 87 121 188 121 58 13 245 96
223 186 127 178 200 175 48 8 65 103 87 107 252 52 108 65 159 3 50 90
253 121 237 16 108 173 10 114 121 181 186 186 111 200 136 114 195 150 245 88
158 108 20 14 178 192 186 16 96 244 163 111 182 175 241 181 189 182 250 242
107 135 108 178 26 241 196 210 136 200 251 96 151 173 50 121 2 203 231 216
178 188 182 71 135 242 85 189 179 135 14 114 135 108 42 173 121 242 200 186
137 170 148 96 96 231 231 223 57 200 163 112 27 218 106 235 39 134 23 163
223 50 114 223 19 3 50 104 218 113 123 170 121 165 14 109 42 186 186 186
252 192 192 186 148 96 161 226 227 250 25 187 97 138 12 228 21 93 123 147
158 21 242 82 82 251 66 82 161 103 63 14 186 212 192 186 96 38 121 182
114 96 215 212 243 160 215 158 50 136 114 111 104 69 102 2 230 187 247 237
130 52 121 138 196 159 147 231 135 242 2 200 218 51 123 50 121 114 121 97
185 242 151 231 199 163 250 87 134 7 212 242 21 50 164 8 144 82 103 108
58 107 50 60 114 209 146 16 242 203 152 242 87 83 152 179 42 184 6 178
163 223 250 196 37 212 241 173 198 200 163 176 187 223 114 27 50 241 245 192
58 218 64 137 53 87 96 91 245 148 245 234 170 121 248 223 200 120 223 241
40 182 242 242 66 207 94 39 164 123 123 71 252 239 64 209 96 65 66 215
26 91 144 241 107 113 212 211 123 238 223 174 200 26 193 239 242 82 150 231
212 96 113 231 2 196 58 14 65 73 215 245 71 58 56 126 58 218 191 231
114 56 96 45 138 45 5 123 218 218 242 170 224 242 45 182 74 96 250 121
96 106 121 114 37 65 199 158 242 45 14 111 141 118 56 25 23 218 171 77
185 41 45 128 231 160 131 212 253 230 200 57 39 87 73 121 185 111 191 136
253 194 231 226 8 26 241 151 231 135 242 66 0 73 50 34 25 192 75 218
60 208 192 122 186 196 242 87 87 159 108 121 182 20 14 186 212 122 186 131
69 163 218 51 121 242 159 182 182 176 215 218 20 123 232 212 96 96 114 103
37 41 42 121 103 23 83 245 134 41 67 35 106 65 242 182 161 158 103 50
158 144 14 65 148 218 51 121 26 9 163 174 114 147 231 242 29 14 186 108
163 174 168 250 181 218 218 191 215 135 148 56 50 212 188 46 135 242 250 33
58 34 108 11 83 96 42 186 96 212 14 121 205 241 47 87 10 215 135 96
