74 23 87 253 121 194 21 1 247 223 109 203 77 135 231 66 182 23 189 45
58 158 96 112 215 38 96 42 119 91 121 92 29 122 223 106 158 50 189 174
253 121 58 55 203 66 121 12 50 87 158 181 0 60 200 209 14 186 96 186
74 13 104 185 66 121 2 218 50 182 91 74 239 103 93 152 82 95 146 182
192 96 205 65 23 31 0 13 136 38 50 223 148 85 102 230 25 52 187 239
151 220 185 111 104 205 122 186 186 65 121 158 96 50 26 163 181 223 0 241
242 247 131 220 221 52 243 135 10 181 12 101 122 52 167 26 11 83 216 50
23 87 174 99 4 245 243 244 245 108 186 148 182 107 104 95 121 121 223 14
114 122 223 186 186 203 189 152 58 32 121 135 128 235 7 121 205 114 223 186
248 194 11 26 91 103 210 25 108 199 91 158 123 55 251 50 23 198 121 58
158 246 242 200 242 152 16 14 219 148 40 120 173 223 114 23 176 151 212 96
192 227 77 96 6 168 151 147 147 177 121 121 175 242 121 205 69 160 103 23
160 178 223 19 41 175 160 237 186 108 173 1 242 200 26 181 87 219 111 137
24 16 142 102 134 94 223 66 93 96 21 1 114 104 84 114 185 61 113 106
58 96 219 223 50 201 121 45 122 186 186 189 26 91 131 106 203 20 14 121
148 223 241 25 212 121 96 251 56 25 96 121 203 182 151 1 148 141 4 186
74 58 69 151 18 8 216 50 108 26 158 235 19 13 87 50 251 99 114 160
176 79 121 133 58 34 133 218 242 82 207 209 242 200 96 151 121 171 98 200
250 12 96 101 71 83 231 158 250 134 108 174 186 131 103 123 216 158 152 155
37 196 242 182 179 87 107 14 114 192 178 45 121 121 182 182 215 38 138 96
114 4 50 131 203 136 221 200 242 87 152 175 173 69 253 240 90 62 152 186
158 128 56 13 16 148 223 50 216 148 240 94 200 72 123 31 252 192 186 205
185 6 189 182 182 20 250 179 123 242 87 47 135 82 116 186 18 179 218 71
145 159 121 223 114 35 114 112 212 182 74 5 75 24 200 138 230 182 216 146
205 218 113 96 10 113 45 231 113 197 106 72 123 123 84 186 204 181 247 4
223 230 218 233 50 230 170 121 120 231 242 182 41 182 127 122 242 66 242 87
107 237 186 186 108 250 211 202 242 46 224 141 38 223 50 223 14 113 123 52
35 195 184 186 0 211 189 96 50 5 123 135 21 152 179 134 182 248 223 186
242 200 186 93 162 242 99 14 75 113 106 10 193 108 114 242 152 247 108 250
120 170 212 14 151 143 118 96 231 218 242 182 38 195 73 95 223 69 32 222
121 151 43 209 102 223 135 121 205 35 239 35 250 179 62 50 101 121 20 218
114 26 218 71 37 20 96 66 151 212 14 168 200 205 73 205 34 123 208 135
253 121 69 110 72 87 119 114 92 135 22 197 114 121 45 251 173 94 208 58
185 111 104 25 135 135 191 180 45 223 14 148 85 242 14 79 242 14 218 51
158 140 16 10 242 162 30 182 113 242 208 75 2 16 131 147 29 77 188 42
96 121 34 200 136 195 184 56 58 135 20 231 215 218 51 240 121 215 121 153
221 218 152 58 181 200 158 50 182 207 56 52 216 93 12 107 135 200 45 201
62 121 194 14 96 151 121 176 114 168 38 35 201 50 21 164 50 204 173 121
205 10 182 176 85 208 209 231 144 209 206 231 27 73 190 102 128 170 21 134
245 102 57 199 118 2 152 242 14 14 4 81 96 58 242 25 23 128 152 163
107 149 186 91 252 109 66 185 65 240 23 164 187 162 121 106 131 235 165 212
242 200 26 42 181 200 135 136 114 223 114 114 223 114 50 186 186 108 159 18
185 163 96 113 106 121 95 189 211 189 182 215 218 218 242 179 162 0 230 239
242 200 209 18 94 242 200 151 160 121 96 50 94 120 242 200 247 170 121 11
205 122 253 96 26 91 186 158 51 242 208 247 255 5 50 135 108 251 251 236
242 190 133 50 14 121 182 250 114 72 33 106 56 62 168 170 177 72 144 134
96 121 212 170 14 114 135 123 200 250 21 100 94 224 250 107 232 182 38 74
57 114 27 26 200 83 83 253 121 205 4 14 92 226 200 193 133 58 56 231
223 120 186 148 114 159 23 31 114 104 221 56 87 78 242 69 253 204 215 96
160 103 21 14 121 1 186 114 14 38 76 32 196 109 121 224 218 96 47 66
205 10 38 218 242 200 250 207 152 57 182 121 114 19 186 50 27 207 33 123
58 218 34 251 173 135 183 50 251 242 21 6 163 253 136 114 223 186 186 186
114 223 186 148 96 121 242 14 135 158 45 44 114 135 127 242 200 26 186 189
223 19 151 147 121 103 33 121 32 31 0 186 91 96 62 140 216 30 30 42
192 69 212 242 14 114 189 174 227 112 160 128 242 14 169 87 26 241 96 215
58 50 18 211 9 200 218 151 160 92 158 158 37 31 126 96 91 51 182 2
58 103 218 176 215 218 50 69 86 250 50 56 218 242 82 13 30 108 244 23
9 96 14 14 121 185 32 253 208 111 200 96 112 24 147 170 219 74 92 21
223 135 231 186 19 253 13 184 121 182 96 34 82 253 253 111 251 50 5 75
10 11 66 12 135 12 43 221 27 31 186 50 206 250 123 108 113 182 216 236
96 48 177 144 242 208 130 121 3 16 51 212 160 121 222 218 51 121 40 160
114 223 205 50 210 131 253 134 86 196 188 65 12 191 158 103 74 223 50 216
24 16 114 218 69 189 245 88 182 107 95 41 248 251 209 103 231 5 100 61
192 122 96 231 106 188 182 242 82 139 250 123 212 96 151 3 218 196 58 31
