92 135 26 170 178 0 178 219 90 85 26 42 127 203 76 56 96 215 182 176
205 231 212 14 29 122 151 121 121 14 215 24 148 26 42 218 50 242 21 84
24 96 186 205 4 96 46 50 101 251 201 186 96 26 96 45 136 114 92 158
158 200 211 223 186 195 136 16 114 61 114 108 201 121 192 227 69 21 91 242
114 108 173 160 114 221 134 191 152 75 131 200 170 230 45 182 26 14 241 250
96 121 218 242 66 123 199 163 75 218 242 82 242 50 1 156 174 140 170 160
97 146 31 135 121 197 50 216 123 187 164 87 66 62 194 173 121 24 147 244
24 16 34 105 163 144 14 121 175 223 114 121 151 121 114 108 26 209 147 92
158 50 210 30 91 96 141 96 50 176 251 50 136 0 35 189 24 142 178 130
245 166 219 210 57 179 150 196 210 87 35 114 178 114 110 173 223 223 189 174
151 137 148 58 227 3 150 14 253 209 106 31 234 14 121 121 141 21 223 186
151 121 114 27 192 218 176 54 126 218 151 121 245 40 37 223 135 242 200 192
163 174 114 38 96 96 50 181 50 240 121 13 248 113 135 60 187 87 14 121
221 158 211 2 14 101 82 32 83 163 7 212 102 192 218 96 114 108 133 96
102 163 174 131 146 94 208 164 135 33 123 121 50 223 96 13 186 186 114 135
92 242 87 127 121 88 14 12 38 209 186 46 175 173 245 211 143 96 113 159
160 10 242 127 21 21 56 135 121 106 235 251 152 221 19 186 203 152 247 152
58 96 38 218 242 14 38 96 159 230 182 177 14 114 134 58 50 75 170 237
185 102 103 111 45 48 242 14 74 72 56 158 0 154 11 215 218 245 175 103
163 64 186 207 66 87 121 192 186 50 34 87 152 170 170 121 10 114 14 242
127 223 114 186 181 19 12 239 233 251 110 19 158 218 251 21 157 193 121 176
21 80 197 138 107 218 96 235 195 56 163 194 14 186 200 26 241 87 96 50
145 159 78 114 96 121 35 161 135 243 207 123 21 50 215 186 108 100 85 50
231 223 50 61 76 14 242 114 72 121 242 200 26 215 85 14 103 25 121 96
151 212 195 175 242 231 44 114 27 230 203 164 171 152 170 33 34 123 136 178
185 113 135 179 194 212 149 50 108 242 42 121 45 182 242 197 138 48 188 102
242 50 74 105 181 121 182 58 205 220 245 121 85 77 7 135 192 62 173 121
58 194 14 102 2 200 209 141 173 104 73 114 108 56 83 245 131 72 4 107
243 167 170 121 127 211 87 121 245 211 198 223 170 14 230 242 14 14 159 86
58 13 7 218 109 242 99 23 131 123 135 242 176 8 251 82 104 121 7 142
103 87 135 96 12 96 205 233 218 242 210 248 135 123 113 96 87 12 158 242
51 121 14 96 215 192 13 186 186 186 96 151 244 121 194 212 14 106 241 96
74 92 208 137 186 148 245 58 50 50 1 121 126 135 143 18 26 83 93 137
96 121 182 161 113 51 121 2 14 72 95 121 58 57 12 96 69 113 201 212
194 14 42 108 242 170 121 182 26 108 180 50 215 25 242 14 96 89 241 122
185 105 241 87 25 248 4 13 7 8 87 158 218 237 0 173 227 69 113 123
58 112 20 14 208 189 87 40 154 96 12 58 106 58 181 223 120 96 38 96
223 26 120 158 96 212 96 96 113 23 53 26 203 147 212 80 135 216 122 34
221 50 63 131 158 244 121 218 242 127 82 141 188 253 69 103 113 176 79 176
212 50 50 127 231 11 232 134 123 33 176 150 108 173 223 222 196 246 28 195
223 99 38 215 218 204 96 215 24 28 250 12 173 223 18 87 218 113 123 248
200 158 158 103 34 200 96 250 241 218 242 200 50 168 26 215 24 104 14 231
253 121 253 223 212 103 50 26 91 23 178 0 26 91 194 215 28 31 122 50
253 121 242 200 184 173 69 128 74 131 103 135 121 200 253 7 203 147 177 121
96 135 242 192 81 114 121 50 50 135 63 14 173 121 248 189 194 151 160 245
163 106 223 35 114 37 5 135 242 178 87 83 185 219 7 212 200 228 108 87
192 173 223 189 136 200 26 194 158 23 87 96 25 232 200 58 158 96 77 221
158 50 56 135 135 203 135 56 21 201 51 231 235 242 127 16 211 0 25 208
37 13 36 91 26 108 19 161 108 96 133 163 13 87 62 230 96 38 121 96
205 14 121 239 158 121 128 218 204 215 159 16 10 13 200 211 45 137 215 174
252 50 26 91 194 212 96 250 106 178 173 94 208 58 218 242 14 186 108 26
163 139 212 211 144 241 182 215 12 163 215 251 148 65 103 87 212 69 83 196
196 108 208 56 88 121 248 223 147 103 38 72 120 158 96 220 31 175 168 200
236 147 121 95 121 198 121 182 254 193 220 72 58 13 87 158 147 209 94 231
107 16 131 223 85 66 199 50 233 200 242 82 158 96 26 96 96 250 242 136
138 218 51 35 196 158 46 87 23 218 241 204 64 25 135 148 227 159 131 242
114 178 173 121 176 243 177 211 111 104 251 50 80 143 230 182 207 12 151 182
242 200 253 186 96 96 91 120 223 106 178 182 161 242 148 26 96 173 69 175
160 211 178 0 122 186 250 196 242 21 197 108 42 102 153 197 96 250 217 164
50 34 123 34 245 58 169 223 113 176 160 114 235 207 216 122 107 212 14 188
158 96 96 50 14 209 170 106 173 34 133 50 251 139 121 136 242 93 99 212
74 160 219 199 158 135 51 121 29 122 253 245 42 198 12 148 96 50 169 122
24 16 76 193 209 147 178 196 27 24 18 56 62 173 121 245 102 150 242 66
223 159 159 44 114 27 26 93 32 209 69 242 250 179 126 114 96 38 17 182
