205 247 177 103 121 151 121 185 80 80 121 242 136 158 218 71 122 26 96 26
163 174 200 96 151 158 103 83 41 87 135 179 194 87 152 200 197 218 168 113
242 31 135 82 184 130 83 185 212 96 239 111 34 174 251 121 182 96 31 135
74 37 50 7 135 2 200 96 231 235 202 151 14 77 29 209 212 77 108 8
58 14 31 114 114 108 23 87 51 56 96 103 46 45 107 16 5 122 173 69
107 252 120 44 114 35 201 211 203 108 104 98 30 231 27 144 76 44 3 108
242 87 178 23 216 108 140 171 148 177 160 193 31 186 186 236 108 192 121 143
247 120 121 122 186 108 178 212 11 250 108 143 96 96 96 26 111 104 200 96
174 170 14 212 7 135 242 200 147 121 203 112 252 192 14 195 210 182 20 242
242 200 26 0 218 215 218 50 56 12 29 14 72 185 57 26 241 87 135 7
114 187 186 26 0 111 144 21 97 163 87 186 96 211 121 176 50 201 153 114
58 218 106 251 173 69 199 20 212 158 111 209 74 128 121 231 209 24 104 33
138 14 123 136 200 46 34 12 114 158 87 30 42 194 173 242 208 247 138 173
245 243 231 24 108 160 245 108 26 92 158 50 210 87 135 200 78 30 66 50
189 151 146 242 231 95 33 187 108 114 4 215 121 158 103 113 106 143 31 185
223 186 108 182 42 219 120 247 203 245 215 96 65 175 203 33 147 121 95 121
24 16 211 94 166 108 96 250 189 237 110 239 185 251 218 63 127 178 114 176
211 14 216 186 120 173 94 62 173 121 182 199 82 253 158 50 72 62 96 51
16 193 9 186 131 50 27 114 108 146 161 242 231 165 231 19 50 216 122 26
161 50 8 204 104 24 108 131 135 242 114 205 220 103 121 209 93 12 203 108
160 218 123 229 109 248 253 190 82 221 158 228 148 218 96 112 182 190 141 244
253 223 69 172 215 121 2 14 241 0 31 175 251 31 158 96 50 210 178 160
163 253 107 93 195 164 223 186 19 42 136 135 200 230 96 231 50 84 122 26
194 23 0 170 45 182 84 247 87 60 152 174 233 200 210 200 248 163 96 45
243 242 200 170 121 182 114 27 195 72 87 186 93 215 218 245 254 6 170 26
58 144 82 120 221 164 50 1 111 212 253 14 96 193 200 51 135 212 224 242
69 142 96 96 19 96 219 146 31 58 16 193 11 24 147 147 177 219 137 178
192 65 242 14 173 58 24 147 27 76 234 209 178 103 164 27 144 200 96 205
114 218 191 42 136 150 221 26 218 204 135 121 69 107 16 239 11 244 120 109
242 178 186 186 186 158 147 212 204 41 158 123 95 34 87 78 204 158 212 65
107 227 91 58 223 14 187 223 191 42 84 113 114 121 133 242 200 96 50 251
231 160 245 108 239 114 104 98 192 10 108 173 121 182 23 237 114 108 178 140
137 45 51 158 108 147 142 102 180 242 66 186 181 189 189 189 241 235 138 32
58 35 96 250 241 114 121 209 121 235 242 179 62 242 83 12 219 158 35 211
151 121 243 177 142 96 144 82 50 27 160 204 158 218 208 58 107 200 112 205
193 104 103 34 182 242 200 186 108 30 96 121 105 168 106 14 114 233 114 108
58 218 176 50 236 121 45 182 96 121 205 227 231 135 242 200 45 215 96 121
158 186 233 87 28 72 126 200 26 242 200 83 231 58 170 165 19 163 108 242
58 160 242 82 247 242 147 76 182 51 158 34 58 65 181 137 30 121 192 121
242 200 108 19 189 207 113 106 114 232 95 121 34 25 248 218 113 123 135 109
138 14 96 231 248 135 82 164 222 72 31 241 87 16 242 82 52 46 221 0
91 194 178 180 241 174 165 168 196 26 103 50 135 242 191 121 96 251 67 174
221 26 103 190 242 66 199 96 192 51 4 141 188 121 69 114 113 212 121 45
114 27 26 108 178 212 64 50 5 50 254 128 72 12 87 14 77 67 223 251
114 211 81 91 103 12 158 50 27 196 26 181 50 189 25 7 87 190 151 176
205 14 201 109 136 82 186 108 239 253 13 110 52 163 26 135 173 231 251 196
253 121 205 121 182 109 26 103 0 113 135 200 56 96 50 66 121 170 160 8
50 0 18 50 86 136 114 27 105 242 190 108 178 84 223 200 22 50 26 96
245 9 159 16 100 31 6 66 121 205 242 14 186 223 186 108 173 121 182 176
96 184 211 42 121 34 36 170 25 4 209 104 135 238 108 133 218 245 65 151
192 184 32 96 121 241 87 45 121 39 123 23 198 121 56 91 242 39 87 164
58 218 215 218 7 113 135 114 218 255 135 242 200 51 144 200 26 241 211 21
58 93 182 210 30 134 121 114 239 209 140 66 248 158 146 96 126 135 136 114
211 243 114 223 106 185 6 114 35 141 212 106 123 12 230 45 58 6 190 121
107 16 14 108 173 223 69 41 95 231 46 27 108 46 173 251 199 50 1 157
91 197 19 245 231 109 186 241 26 240 126 197 250 21 1 13 104 50 21 4
58 107 197 96 250 218 218 71 122 7 113 106 130 146 242 179 218 74 92 21
97 137 195 40 104 218 96 50 193 181 21 122 50 113 152 147 231 177 87 164
50 242 178 177 208 36 151 121 182 51 158 231 212 204 209 223 26 3 34 51
176 160 121 114 108 203 23 105 35 114 143 96 231 242 114 23 164 12 252 24
74 235 73 62 251 173 65 121 21 109 121 121 209 0 51 67 175 251 113 95
114 223 186 159 197 50 108 251 33 19 186 186 148 99 242 113 95 152 126 58
58 96 26 96 96 210 45 182 251 10 186 251 135 19 35 136 200 50 251 173
209 14 121 176 8 241 182 242 179 12 114 75 211 186 181 87 87 121 0 215
