37 50 240 201 121 48 113 113 152 114 108 23 242 87 14 121 73 58 200 138
192 186 186 186 182 108 67 114 35 58 239 58 34 242 241 87 121 186 148 6
201 186 242 200 26 241 251 96 250 108 46 173 177 199 160 215 135 30 141 0
242 3 152 102 242 200 186 114 108 131 242 200 186 33 142 96 121 35 114 232
146 231 50 86 30 42 82 27 26 42 144 244 83 39 123 112 242 182 216 111
223 50 23 108 173 242 82 121 218 58 242 200 207 208 114 205 92 242 201 192
58 218 96 151 208 96 50 173 231 8 241 218 74 128 242 182 113 114 108 242
37 87 119 23 121 127 172 121 2 14 31 14 186 186 186 114 23 87 190 26
74 27 58 128 34 94 208 164 50 233 113 151 121 58 223 251 231 4 83 246
121 160 104 121 218 218 216 122 121 205 106 80 158 118 251 95 231 108 206 72
205 158 102 211 122 186 96 74 237 131 168 113 123 200 209 245 11 248 223 114
209 121 20 96 188 242 190 186 186 186 108 96 151 163 50 189 14 85 255 245
102 58 218 113 123 40 199 11 214 108 44 133 58 142 189 174 218 51 108 255
151 147 173 243 177 198 121 20 231 33 158 153 96 205 34 59 74 94 121 35
205 177 55 242 152 20 26 96 186 96 24 108 173 231 34 196 197 200 73 12
160 215 62 212 93 72 13 186 158 251 50 240 232 145 6 26 0 30 160 189
138 50 218 182 151 182 38 201 58 55 182 26 83 211 73 205 210 87 218 96
50 220 109 75 170 121 182 176 173 220 76 44 114 114 104 7 92 203 152 10
58 16 148 62 248 123 113 108 121 186 108 186 185 215 9 189 66 241 0 158
58 215 14 231 242 250 152 247 168 195 31 104 241 25 135 87 181 33 121 99
205 227 21 14 94 242 87 14 27 0 50 165 242 182 87 19 215 62 35 186
228 50 148 96 72 121 182 58 164 251 33 218 71 50 209 100 159 123 182 57
179 75 218 141 25 135 121 182 58 188 121 151 160 65 21 10 240 143 191 106
160 220 56 135 200 91 182 250 26 143 193 31 209 71 228 58 108 242 87 186
97 93 170 114 186 14 148 62 242 87 152 10 201 182 82 10 52 229 83 219
106 131 185 3 181 159 121 223 73 170 136 65 77 240 161 242 200 208 58 198
243 103 34 25 87 154 47 135 41 191 23 31 111 121 182 182 250 184 91 244
205 121 182 58 242 208 241 218 160 41 87 185 123 41 198 20 186 14 101 102
185 189 231 196 45 37 67 61 74 21 122 26 96 26 241 87 151 147 243 64
242 72 21 104 175 134 179 87 42 110 173 34 31 114 27 193 108 182 215 126
201 121 94 200 167 250 127 182 96 231 30 214 118 92 37 29 76 83 46 114
205 34 178 235 242 57 23 87 23 62 10 158 177 27 242 200 42 52 137 178
196 114 201 212 241 174 200 208 50 108 56 83 83 11 151 231 238 20 196 207
151 64 242 77 5 235 19 186 200 26 41 158 108 211 207 254 103 62 173 114
58 218 182 38 242 200 96 174 203 201 115 103 12 242 71 252 208 58 252 145
158 121 96 208 192 227 121 176 242 170 77 140 21 14 27 215 186 108 114 19
245 211 193 243 242 82 114 187 186 108 104 203 106 196 114 91 54 139 212 85
252 50 26 96 99 242 14 96 109 244 189 103 181 241 218 242 135 82 175 46
74 92 242 87 121 242 99 42 21 152 61 20 171 131 45 121 205 158 108 140
125 163 177 191 95 66 154 196 87 16 109 83 242 66 83 11 51 231 114 7
205 223 114 4 96 6 194 14 91 103 122 34 174 186 186 83 74 137 230 0
185 32 103 241 10 173 34 201 143 245 136 114 27 242 159 147 121 23 11 25
243 146 231 121 161 96 253 192 186 108 173 34 90 19 127 178 173 223 14 148
58 121 151 122 192 215 218 96 50 189 138 215 16 22 32 113 186 212 239 251
145 212 96 148 218 96 251 52 112 87 96 113 37 110 177 69 29 104 50 21
196 158 35 114 38 158 96 121 205 77 112 148 245 64 186 108 114 148 108 178
151 121 182 58 121 97 186 50 27 221 104 135 52 23 30 62 147 121 121 248
58 218 103 10 95 219 223 122 186 148 112 175 114 121 158 53 244 46 3 96
30 70 196 109 151 121 243 123 62 121 192 178 96 182 51 27 7 114 35 148
58 194 14 190 109 186 46 127 252 253 168 218 226 209 241 96 151 121 200 96
160 253 24 82 185 50 216 56 232 218 210 242 62 147 121 212 121 241 151 121
58 218 242 127 182 51 121 19 200 205 178 121 200 103 34 21 103 121 114 102
176 215 218 241 251 231 112 135 242 179 188 178 143 189 207 12 35 242 200 72
58 205 14 142 182 66 31 5 50 207 150 210 186 181 127 242 200 186 26 241
205 201 231 106 87 121 136 121 205 121 182 150 179 25 135 21 251 19 208 192
114 223 103 147 45 242 127 179 230 182 230 242 147 2 14 14 198 121 58 34
50 116 104 249 99 212 227 231 123 22 197 114 14 26 50 240 186 26 50 23
16 9 247 227 0 27 21 109 186 186 186 148 91 194 45 106 122 106 94 28
145 121 154 215 158 210 218 51 160 103 75 108 26 0 242 82 40 104 114 223
99 218 254 236 212 151 212 253 104 50 182 212 121 58 91 62 173 121 58 168
68 14 75 83 242 42 19 123 218 64 121 253 207 235 180 151 121 182 205 223
102 242 21 107 152 53 212 158 201 99 108 178 104 205 223 252 114 22 132 96
138 96 203 196 173 210 114 121 22 84 125 123 12 114 135 192 158 108 173 242
221 242 250 179 12 12 114 96 26 50 215 96 113 212 239 168 186 108 186 4
