85 251 66 6 163 113 106 251 232 242 14 199 222 160 7 200 58 137 218 172
158 144 14 54 96 151 177 186 209 148 121 182 58 18 202 14 23 31 247 23
128 185 194 142 148 190 233 242 110 103 135 151 212 121 151 231 160 227 242 14
16 211 5 186 193 214 135 123 229 229 26 144 241 56 87 96 66 186 186 93
10 144 200 50 143 242 21 19 41 83 104 135 111 173 121 2 108 66 121 182
24 16 108 60 104 71 16 114 108 56 96 112 176 229 96 96 235 250 123 12
161 218 34 123 95 133 46 121 114 114 108 212 160 74 125 27 150 245 253 177
242 200 231 255 50 5 103 123 232 218 95 196 114 178 87 177 207 87 164 50
160 198 121 185 81 114 37 216 151 96 121 51 21 108 36 94 96 186 238 121
242 14 113 9 69 219 102 223 26 111 200 58 241 174 200 96 186 136 200 28
192 37 148 28 175 223 212 96 50 122 186 114 19 224 96 106 23 223 186 186
138 26 96 186 141 96 96 215 217 102 117 121 205 60 241 87 135 71 247 108
96 151 147 243 103 23 135 87 108 152 62 227 182 14 121 151 101 121 182 201
182 161 241 138 120 96 50 251 123 12 200 158 142 26 108 121 242 200 186 181
201 121 200 168 45 182 251 199 241 174 3 105 181 223 3 111 167 182 176 100
58 218 96 168 250 21 244 123 12 234 170 34 95 10 18 19 121 182 43 242
10 65 41 255 227 218 106 122 58 13 114 188 245 50 35 114 88 168 93 114
221 62 131 50 216 122 26 170 142 54 96 121 230 182 176 198 17 215 3 108
161 193 197 186 93 242 200 209 218 9 129 212 96 26 181 14 245 239 46 114
205 103 247 20 108 148 182 128 242 77 19 196 170 121 101 121 253 227 106 114
160 118 96 73 218 113 176 242 242 30 190 139 46 147 142 114 241 212 122 96
37 219 67 233 197 174 170 23 0 210 82 95 30 113 102 23 218 226 241 123
24 16 1 10 215 218 113 95 152 192 144 148 242 200 186 18 200 26 21 215
250 21 108 242 12 253 58 87 152 19 136 114 22 148 151 205 134 110 142 184
242 166 182 20 148 146 197 96 176 160 92 152 5 251 173 199 103 75 230 26
192 186 186 138 96 177 45 80 0 45 212 253 96 160 96 113 164 181 50 108
68 215 108 182 126 195 200 26 194 173 251 162 7 192 85 196 26 0 247 50
180 105 65 163 239 211 175 160 10 126 45 23 0 218 244 114 56 213 200 56
16 130 121 87 47 152 151 121 115 237 148 240 121 205 10 96 96 109 26 82
161 50 182 199 219 191 173 251 160 128 71 212 146 146 16 108 9 230 3 96
58 13 87 39 111 162 133 218 144 82 189 96 96 176 160 38 114 121 114 171
211 148 138 50 20 106 20 77 165 127 208 58 13 82 185 152 205 189 250 204
160 101 121 8 182 107 107 113 123 229 114 108 26 87 50 75 247 152 90 222
37 148 11 158 193 197 221 224 26 203 62 154 176 8 45 114 121 114 168 230
106 168 87 27 37 138 194 38 107 13 87 96 121 50 210 31 246 96 14 50
223 114 114 96 187 114 223 189 58 82 247 131 0 242 87 76 118 170 147 121
58 96 38 175 223 69 218 108 255 186 92 244 128 14 96 121 153 114 121 158
192 215 186 108 186 96 144 209 121 160 241 87 7 87 18 50 33 34 200 11
74 189 242 250 25 14 121 182 121 248 223 186 159 185 95 102 137 26 181 114
158 253 121 188 182 96 106 48 50 148 205 35 108 26 83 179 12 96 186 223
81 205 115 96 231 151 121 182 58 176 176 173 242 45 22 57 62 242 87 14
114 168 230 14 23 53 95 242 200 26 170 21 1 201 201 121 182 58 182 58
104 100 170 1 62 121 239 2 218 219 22 168 170 109 121 205 170 243 85 203
10 93 185 19 127 208 131 56 142 170 10 176 127 178 215 151 96 32 241 242
243 103 103 108 19 83 11 83 182 199 1 189 180 242 182 216 153 184 108 242
58 34 239 253 121 114 27 203 7 173 10 173 223 223 0 114 38 96 38 96
209 193 197 148 242 152 242 127 208 25 32 12 135 200 26 136 76 45 231 135
176 215 26 218 210 87 96 58 58 77 212 71 228 218 96 231 223 233 14 101
11 250 200 18 208 50 168 114 159 48 160 188 174 219 13 173 207 66 12 244
58 13 93 170 189 96 42 65 245 108 250 170 103 103 196 253 31 158 228 108
114 26 218 56 111 104 107 25 121 104 71 163 160 96 121 237 251 12 203 126
121 242 200 51 94 242 87 152 113 182 73 216 247 170 112 38 209 151 19 186
50 27 50 103 0 144 241 14 185 81 35 38 121 158 226 135 114 114 235 45
223 186 186 186 50 215 25 242 14 62 197 208 192 194 193 94 48 106 134 196
137 200 250 108 255 185 15 242 114 23 62 135 160 175 239 121 58 106 121 114
163 245 91 231 88 231 171 196 186 148 218 242 127 26 57 152 108 182 30 182
223 114 134 205 114 62 147 123 12 14 192 160 65 0 42 123 62 199 121 95
50 147 121 160 95 23 46 2 200 38 12 23 152 87 127 144 54 96 107 13
176 160 8 104 50 0 171 14 242 119 21 173 65 62 158 108 163 38 253 14
245 134 33 56 251 248 135 123 176 200 136 45 19 26 189 66 241 218 12 173
10 141 235 3 203 229 72 34 218 34 2 108 223 87 14 215 215 186 108 184
211 8 26 218 50 237 114 33 87 121 223 93 118 14 96 173 253 14 220 76
107 252 50 200 26 241 218 96 219 218 58 128 108 121 52 37 242 19 178 215
158 67 96 112 135 163 50 213 158 96 212 64 108 62 173 178 143 118 152 83
