1 228 184 170 102 56 96 186 111 12 175 223 69 159 66 96 218 176 106 35
58 34 200 50 22 108 216 92 242 87 152 221 2 218 254 6 18 87 241 107
28 114 65 175 177 45 121 106 251 173 231 121 2 104 158 18 196 242 87 72
58 194 215 205 26 170 177 50 76 136 114 19 158 103 113 34 121 182 121 182
163 174 200 50 133 96 22 250 108 133 158 103 241 212 215 218 241 146 31 135
158 50 136 114 112 96 121 23 147 121 87 121 114 26 42 186 230 211 152 104
176 160 131 215 56 126 45 182 41 104 125 135 72 123 25 184 106 0 50 213
205 188 96 121 106 203 176 144 190 113 176 160 223 147 177 215 10 65 26 18
58 194 14 50 50 136 105 242 200 242 122 96 50 251 182 87 23 75 218 96
58 107 71 181 82 157 148 237 197 72 167 223 120 150 121 114 27 12 158 182
161 148 138 96 54 151 106 105 158 158 26 103 219 108 113 212 185 242 200 60
107 96 91 194 109 136 114 108 163 239 78 58 194 14 169 252 211 243 45 109
58 208 163 215 25 135 242 200 253 121 151 137 121 50 173 223 69 42 176 177
212 160 215 13 118 178 85 57 173 223 50 12 248 27 74 198 21 109 242 245
91 194 148 96 231 74 7 146 82 17 83 50 15 102 207 87 91 23 163 75
223 114 38 205 115 48 23 136 60 87 121 181 114 27 173 237 186 114 62 16
151 121 158 18 121 50 223 234 170 212 24 170 177 73 218 66 199 151 121 136
192 178 223 113 205 177 69 66 42 215 253 87 186 186 181 14 209 219 96 215
211 243 118 253 241 185 181 0 3 108 121 223 118 244 125 144 14 50 56 176
158 19 107 218 96 50 211 190 175 27 31 252 250 200 108 26 163 73 170 121
252 92 150 179 177 230 87 23 218 92 211 14 121 87 82 10 42 200 136 135
106 131 24 147 76 186 227 148 110 197 141 108 46 3 181 108 199 243 71 69
242 200 96 8 151 104 158 160 240 106 211 8 62 147 21 223 14 230 13 87
52 242 200 42 158 114 23 87 135 19 135 128 200 58 196 242 87 14 186 245
158 250 108 11 87 182 99 113 212 254 6 231 110 114 11 210 87 158 96 51
114 223 148 108 26 215 154 221 7 26 241 174 190 215 218 71 14 28 148 29
24 16 102 211 75 2 200 168 118 250 196 96 186 131 232 29 234 170 14 242
192 186 96 250 223 250 21 189 34 251 208 209 148 242 191 201 131 106 106 114
158 126 218 242 123 182 113 106 14 121 137 200 253 121 210 131 177 114 186 108
74 194 14 108 255 253 121 141 14 121 38 121 114 223 203 174 114 42 223 20
28 30 19 20 14 110 173 147 121 120 210 96 231 205 50 72 135 176 167 251
185 111 7 105 245 253 235 241 211 170 158 90 114 19 250 136 161 50 61 186
37 240 36 138 14 194 23 53 14 141 215 123 218 219 50 97 62 147 87 70
43 186 30 83 209 252 120 108 114 243 130 158 96 182 38 170 23 62 147 102
50 72 95 121 182 182 113 106 164 13 47 87 14 80 114 135 182 242 200 26
201 211 223 251 173 223 181 148 218 96 10 131 106 122 51 227 159 31 35 186
185 111 245 91 11 130 182 26 2 14 114 37 176 106 8 109 109 121 114 67
192 186 148 141 14 185 0 45 242 66 42 87 241 135 108 242 113 75 218 96
151 165 142 215 91 103 23 218 11 152 242 40 182 207 229 208 92 96 66 12
161 114 148 218 210 182 191 196 182 196 114 177 76 248 92 106 121 51 158 37
231 151 51 87 148 7 148 158 242 200 96 71 251 231 21 135 160 194 104 56
194 3 205 50 84 251 70 174 180 113 16 136 199 135 135 123 33 87 135 121
58 168 2 0 223 25 135 200 78 27 50 30 95 138 7 70 2 208 218 204
205 223 96 151 182 58 135 114 114 192 186 108 186 147 87 135 121 39 164 192
185 147 108 121 46 11 107 113 135 121 9 242 179 178 69 96 215 218 204 6
74 58 194 23 131 190 242 87 121 223 135 82 114 168 108 136 113 232 140 21
192 45 175 177 189 250 179 218 218 24 209 67 212 7 135 21 230 42 87 152
10 221 50 20 244 151 216 122 66 25 242 21 152 147 103 123 231 23 242 200
56 93 3 76 121 189 136 114 108 26 96 186 193 101 102 16 102 242 189 179
160 41 28 197 66 241 170 177 160 0 18 123 136 200 92 208 58 50 218 158
207 199 106 251 22 26 111 200 91 158 188 242 21 91 177 147 121 212 96 170
158 92 248 135 28 152 192 141 85 182 94 208 209 223 105 218 218 71 122 74
58 34 182 45 114 56 135 121 152 196 223 114 19 188 133 218 215 218 71 227
114 252 250 127 200 184 186 108 114 33 1 194 14 212 253 122 205 188 245 242
192 251 50 21 255 134 160 77 212 50 14 73 151 2 208 186 236 142 178 36
223 26 218 109 114 96 112 135 191 152 1 112 135 50 190 0 12 135 114 14
115 158 18 103 87 14 186 87 182 216 75 208 209 16 114 186 108 160 25 121
107 16 30 66 0 96 38 111 175 173 185 142 231 23 242 106 109 186 96 114
58 245 106 211 144 14 121 61 163 112 195 108 182 182 251 19 107 218 50 152
24 16 247 218 66 96 218 190 142 174 108 242 231 12 242 87 53 14 96 250
120 141 158 96 106 114 108 221 0 18 83 6 128 223 215 42 186 163 50 123
58 13 12 158 158 50 208 96 231 57 42 186 108 173 136 151 121 2 46 23
211 72 99 189 50 114 59 42 164 127 200 54 170 243 159 247 170 242 82 127
96 121 7 182 66 121 159 105 176 158 26 111 152 31 251 248 33 114 27 189
