10 118 196 90 220 253 247 218 144 14 92 231 52 114 223 114 114 108 114 27
100 113 253 62 242 212 191 77 95 121 97 27 26 93 135 252 58 218 181 114
58 148 218 253 121 245 58 218 212 242 82 192 219 51 98 37 98 218 11 71
201 186 186 186 114 223 114 112 239 108 231 86 186 87 96 6 136 136 200 118
211 81 253 121 99 251 173 242 182 182 38 205 52 58 245 200 60 200 26 50
58 218 216 122 96 218 113 123 177 108 52 45 165 182 26 197 239 241 87 218
223 159 51 232 231 135 121 114 108 31 242 82 152 221 158 26 26 50 5 96
58 218 242 82 3 152 211 241 25 30 66 83 158 50 5 251 50 66 0 121
185 72 212 96 96 113 110 244 189 94 148 143 96 106 121 57 106 187 228 184
223 114 27 108 196 109 42 192 200 209 160 101 231 8 215 121 253 10 212 241
58 69 242 148 218 218 242 127 199 1 0 19 231 120 123 87 218 254 215 205
242 14 168 99 135 242 66 242 14 35 186 108 250 106 10 108 95 231 58 32
10 160 237 173 107 200 89 209 10 242 200 238 53 96 50 84 242 182 38 227
243 48 108 11 66 152 147 177 199 121 185 230 87 96 87 216 98 96 107 16
107 13 3 203 222 50 242 127 182 20 14 96 241 182 42 148 251 199 242 14
243 123 34 202 99 201 182 242 239 160 126 51 121 106 27 26 62 100 26 186
234 175 247 173 242 127 178 85 82 102 182 242 85 182 50 23 23 62 96 239
51 121 242 200 184 173 231 176 11 93 218 123 248 251 173 10 141 219 50 148
35 108 160 39 164 181 242 19 165 14 230 182 176 248 154 103 0 223 87 159
185 41 240 193 136 178 239 22 218 242 179 25 253 243 103 164 135 108 42 186
50 21 244 5 50 122 26 203 108 200 185 230 151 227 203 123 248 177 85 189
107 252 250 67 218 218 242 182 242 127 2 179 218 71 163 13 87 200 226 105
209 227 65 114 27 50 5 122 186 114 218 153 5 218 242 182 176 144 2 14
58 13 173 100 200 185 0 158 67 114 27 26 123 66 2 13 114 108 159 173
163 188 176 242 114 108 196 26 247 103 103 216 113 212 146 16 131 242 212 56
194 211 94 199 121 245 234 134 136 200 26 148 205 205 251 41 114 27 105 223
205 241 182 163 209 173 242 87 78 182 66 158 204 10 218 106 94 242 127 82
245 211 52 26 215 218 113 51 5 76 242 99 108 173 104 121 58 170 241 135
86 141 136 114 19 251 179 150 179 152 168 114 230 189 134 94 231 182 231 176
223 167 239 168 114 27 144 203 38 10 144 14 151 215 121 2 127 14 121 108
151 231 21 1 96 40 36 1 192 173 176 50 33 34 178 136 200 50 26 241
243 243 135 231 242 138 168 211 131 4 14 96 66 19 47 119 23 87 23 31
163 174 96 50 50 210 151 39 241 131 223 253 218 50 210 87 78 14 77 7
58 50 1 75 85 113 106 131 223 0 50 105 246 230 218 215 96 205 69 242
141 187 168 83 112 210 87 83 185 113 34 2 200 253 121 106 56 42 186 239
185 194 151 34 83 234 170 125 218 242 162 223 64 247 227 12 45 152 199 121
205 34 127 2 108 250 2 174 170 121 167 136 96 114 19 253 136 200 50 251
24 108 242 19 152 56 56 89 242 196 173 121 58 135 148 210 245 4 96 66
21 48 177 242 200 96 141 104 114 242 250 21 148 230 170 121 114 12 186 114
252 192 218 210 162 252 247 109 121 114 218 141 215 42 198 123 218 66 159 121
234 2 200 26 245 170 156 218 242 200 42 247 92 114 108 121 212 96 235 26
163 223 190 172 103 203 108 164 223 158 168 114 27 144 127 104 158 218 96 50
242 87 23 62 173 121 114 27 223 114 26 186 181 203 223 38 253 121 223 14
138 3 50 95 231 248 197 138 31 171 104 10 167 108 114 94 30 209 26 26
245 211 74 33 158 218 218 204 135 121 158 220 96 186 96 96 45 201 46 114
107 13 160 196 211 244 87 215 96 122 188 119 33 12 230 62 147 121 114 14
50 163 22 12 216 50 122 31 114 108 10 205 242 14 87 135 203 172 160 41
160 227 96 239 158 144 14 186 215 182 113 153 114 4 93 31 215 186 186 186
250 108 133 58 56 96 153 94 121 26 170 87 96 14 59 10 236 121 9 114
114 223 152 148 218 242 127 178 87 87 209 230 62 158 144 14 72 137 96 96
175 45 108 73 182 47 121 182 58 28 16 5 123 12 114 223 186 0 230 105
112 12 26 186 200 108 104 218 226 175 12 126 218 151 158 96 50 193 223 36
58 194 14 151 193 65 170 39 87 27 56 121 96 151 103 103 113 159 108 141
145 8 96 50 33 114 108 141 144 241 163 205 115 75 96 69 208 16 242 170
57 121 58 215 218 50 162 67 175 34 12 114 223 114 27 187 50 50 84 170
160 41 231 87 121 73 193 114 108 9 180 173 223 113 106 201 114 235 38 99
192 186 114 62 19 186 166 230 175 115 42 200 108 19 186 62 148 255 158 121
243 85 242 127 113 152 138 31 42 108 241 26 170 242 19 83 242 19 23 128
82 150 221 207 103 34 179 12 114 134 56 111 194 242 250 106 114 27 108 99
58 7 234 170 66 2 6 5 253 94 16 250 108 131 188 242 14 185 22 111
163 253 10 35 114 168 38 96 37 242 182 120 28 176 173 242 182 4 241 19
58 96 66 121 215 218 26 186 108 173 182 182 242 234 2 182 176 176 170 85
161 163 188 46 126 218 218 58 60 200 138 241 0 3 152 16 108 186 147 121
245 116 186 120 231 204 199 212 182 215 171 244 135 97 121 163 209 227 29 31
