58 196 177 242 182 19 209 146 0 38 144 14 83 243 160 92 158 58 242 179
58 223 135 175 211 127 197 109 121 176 160 237 16 79 121 37 126 218 160 242
58 107 122 42 237 105 37 165 201 242 23 62 148 41 242 82 186 87 135 23
192 163 253 96 215 218 182 232 106 114 27 108 206 244 194 96 113 108 230 87
209 221 50 182 210 87 120 242 208 168 85 152 83 135 242 77 33 203 179 12
223 135 197 30 174 178 26 218 216 122 103 135 90 69 69 158 50 82 83 182
158 251 246 28 31 252 26 148 216 237 197 138 11 231 106 72 197 139 121 86
58 50 14 114 178 114 196 114 223 186 186 247 111 121 114 168 114 135 150 138
11 13 136 200 26 111 158 42 163 26 241 87 14 77 215 108 66 223 158 96
138 205 103 7 192 13 87 158 96 212 96 42 0 218 246 242 182 16 242 26
58 103 194 14 186 148 211 42 123 242 121 223 148 242 69 66 121 96 215 179
192 186 203 215 91 12 138 7 113 141 236 33 62 147 121 178 50 121 253 12
0 80 121 176 123 21 4 112 135 200 58 18 14 148 41 231 108 36 50 212
92 193 223 50 6 7 209 93 200 248 158 118 108 26 103 87 222 66 174 186
192 121 218 50 50 110 23 114 72 223 142 96 238 35 42 121 223 114 23 72
97 158 96 212 250 50 200 93 210 182 41 158 113 25 121 158 186 96 186 96
241 104 218 71 50 73 151 160 227 164 223 250 21 245 110 113 212 236 127 123
114 178 192 200 96 181 185 93 242 14 114 72 31 158 163 170 121 176 173 231
16 37 109 189 141 108 141 101 127 242 83 41 99 244 163 215 96 151 121 242
163 253 14 186 114 27 114 143 118 251 66 126 14 218 103 113 10 199 87 27
91 106 251 109 136 200 96 23 218 231 242 200 253 91 123 179 66 42 194 178
58 32 25 96 187 247 170 2 82 100 40 251 231 121 195 131 253 181 242 19
102 158 103 95 217 10 143 215 16 189 107 251 231 109 114 178 212 96 114 235
41 245 170 65 123 200 80 29 122 173 65 196 23 62 147 103 87 91 59 72
205 221 95 133 218 151 18 122 26 218 130 114 223 113 93 114 27 196 210 134
223 38 97 96 45 109 121 182 113 121 118 20 215 108 114 221 42 108 103 65
73 114 168 114 27 12 114 79 242 248 163 190 113 147 231 52 33 178 192 23
211 94 242 250 108 148 218 103 190 62 121 92 30 179 85 138 191 215 121 205
163 242 170 61 31 203 108 141 102 160 163 253 12 45 121 182 97 201 245 66
74 194 212 151 147 121 0 31 175 242 200 78 6 103 5 251 50 33 212 121
144 200 148 58 80 121 158 158 226 65 151 186 0 72 56 96 71 203 66 152
96 212 50 122 186 108 147 147 212 102 242 127 95 242 44 200 218 51 112 56
192 186 148 227 230 39 152 170 34 221 207 26 170 165 179 186 215 138 99 38
231 201 192 221 50 218 96 186 181 159 14 239 114 223 18 197 96 109 136 219
253 121 82 83 243 242 82 200 209 143 131 188 59 50 114 112 242 114 108 19
223 114 27 168 174 73 218 45 46 121 20 231 27 93 123 12 113 19 83 104
163 174 93 93 219 218 71 186 108 105 35 161 241 56 152 136 50 152 96 38
192 7 200 27 186 114 112 27 58 218 50 242 200 250 0 136 54 96 121 106
33 231 242 164 203 87 10 175 173 199 199 77 45 143 96 38 110 164 13 179
89 74 114 27 122 26 62 168 128 158 186 28 114 131 219 223 87 164 242 14
192 26 111 194 186 239 177 137 38 159 65 186 108 26 209 147 121 101 231 110
253 121 205 121 242 200 72 95 96 121 114 50 93 182 94 2 250 30 179 215
192 178 108 26 42 212 215 91 238 174 7 135 242 50 180 99 109 186 148 250
50 201 35 108 104 199 135 235 242 82 31 114 200 64 168 218 73 218 204 121
160 41 242 73 0 87 152 16 103 108 221 164 218 103 88 14 186 179 87 62
192 173 251 209 211 14 14 219 27 108 90 169 113 135 51 121 195 136 114 27
160 185 194 215 62 123 92 212 114 104 235 135 2 14 170 38 177 75 218 71
74 194 14 212 171 96 173 178 173 86 73 114 76 44 87 170 45 182 151 9
10 193 31 186 114 121 12 45 152 114 108 11 231 215 113 108 173 34 243 81
122 203 95 242 138 234 14 220 186 121 102 242 12 242 76 83 92 117 121 182
99 144 82 211 14 13 133 218 34 87 16 109 175 34 123 178 159 242 215 170
242 20 170 14 169 113 141 28 203 95 231 61 121 209 14 93 114 27 192 12
253 67 74 147 121 58 50 69 211 122 26 186 108 186 105 41 208 220 31 164
160 92 170 244 212 151 212 170 23 80 123 232 96 42 37 152 192 11 26 211
201 121 205 14 239 44 160 8 218 192 58 218 182 250 136 114 135 121 148 211
145 69 151 171 121 95 196 211 77 27 108 133 211 96 152 114 16 4 121 93
192 121 106 114 135 109 186 114 121 242 241 23 242 200 218 51 242 14 186 203
250 245 62 197 221 92 242 200 26 41 147 231 114 21 42 108 242 200 26 96
223 203 212 242 127 104 96 171 31 251 66 152 19 231 92 10 108 242 250 66
242 127 203 62 173 193 97 37 242 20 14 152 81 96 80 242 14 215 138 170
216 122 26 148 241 25 87 121 50 110 244 7 218 113 123 127 121 116 35 108
97 96 121 192 186 96 58 3 108 86 158 18 50 148 99 186 181 110 97 10
114 186 108 193 251 219 223 186 108 173 242 210 87 27 235 114 58 121 158 200
205 185 34 121 95 182 121 182 182 176 215 19 148 96 159 12 45 251 23 62
