58 218 242 127 248 66 103 113 148 243 111 242 87 190 189 25 242 14 14 6
102 251 50 1 58 41 182 152 176 12 114 24 69 36 121 218 242 127 242 142
160 92 158 251 33 114 200 114 35 186 108 26 186 223 154 178 75 174 72 193
209 242 14 135 200 51 121 205 151 121 245 153 95 185 111 201 231 10 106 201
192 186 6 151 147 121 50 105 245 74 114 178 57 121 181 121 205 225 223 114
162 21 81 211 96 152 104 208 102 242 211 110 177 19 82 80 150 141 196 242
160 92 154 101 242 21 98 252 170 76 137 73 136 186 158 158 250 108 242 87
58 3 50 1 252 50 10 38 106 85 219 96 186 96 6 31 96 96 148 205
131 238 114 108 173 112 135 31 105 227 121 96 235 211 73 135 238 143 251 50
245 211 81 76 14 76 189 50 87 173 185 121 158 117 240 215 218 71 144 82
253 227 188 159 16 242 113 66 121 192 186 108 16 170 243 81 32 88 14 26
58 218 138 71 114 121 186 96 173 121 2 144 14 14 135 121 215 121 216 122
50 147 16 230 62 219 180 35 250 179 87 168 14 230 87 96 121 34 192 173
58 194 14 114 27 243 121 189 182 38 218 113 231 109 210 72 210 87 72 12
102 158 108 143 146 123 12 218 242 200 96 121 35 151 121 248 103 23 158 103
58 34 170 23 207 12 87 135 21 189 174 31 114 72 87 173 209 151 59 198
58 35 114 239 193 46 203 8 218 242 120 210 104 223 135 121 186 108 170 46
200 26 253 158 251 56 64 56 208 87 189 218 65 160 177 242 66 242 87 14
173 242 127 94 208 163 174 136 114 114 52 223 135 167 4 13 186 186 61 189
96 121 205 220 170 75 211 201 192 31 131 50 7 182 242 14 114 114 108 69
242 62 173 58 182 176 215 203 152 170 51 212 144 241 87 158 96 96 201 121
253 59 113 219 141 178 59 123 113 34 13 203 147 62 86 2 200 46 242 66
74 203 106 131 85 219 221 152 211 110 0 108 197 195 27 170 2 200 250 164
121 58 194 14 114 195 121 114 112 204 66 121 53 219 12 114 235 158 96 50
96 121 114 152 196 108 114 203 27 196 12 170 85 144 2 14 96 66 203 22
185 194 14 186 108 42 90 218 242 82 222 223 135 76 121 99 14 53 186 203
24 16 4 182 230 14 181 75 218 96 73 176 203 147 158 21 87 121 103 50
145 38 96 186 96 211 199 205 186 114 131 61 82 58 134 208 198 33 135 200
245 211 25 142 121 58 14 209 4 102 19 93 170 103 34 247 81 196 41 152
195 227 16 121 205 170 115 107 25 187 223 14 77 205 186 186 203 62 196 150
112 160 163 34 215 108 255 121 69 212 96 191 95 242 86 179 12 158 96 112
176 64 244 30 95 121 58 82 247 58 34 94 133 127 82 170 121 20 96 188
205 209 188 134 28 182 242 242 200 42 186 108 239 46 158 96 38 195 58 12
10 211 123 95 103 50 152 242 141 231 192 186 50 108 2 108 182 113 244 212
192 168 26 170 127 242 200 113 218 242 212 161 50 251 251 34 144 14 196 0
114 211 72 95 121 35 96 22 114 176 114 59 61 81 173 185 0 151 242 11
181 28 148 176 215 37 113 109 121 212 14 121 77 76 234 168 113 212 71 111
253 121 205 121 34 200 208 158 210 87 110 114 27 150 242 200 218 242 176 53
97 208 97 47 203 176 242 76 83 193 27 144 14 121 218 242 189 90 62 186
106 131 158 50 152 242 200 50 109 83 223 50 189 31 113 212 58 50 5 218
114 96 113 76 191 182 66 242 30 179 175 31 61 75 218 218 251 16 187 170
202 96 112 114 230 19 138 96 121 159 94 200 46 83 160 92 196 114 4 93
50 201 121 242 200 42 235 3 108 152 221 186 200 96 186 205 198 178 173 231
242 200 83 45 67 207 67 50 251 123 66 12 114 121 178 106 197 26 121 114
185 35 148 182 215 181 218 251 248 135 242 200 124 193 14 58 121 209 58 158
192 144 104 233 14 114 114 186 158 160 121 40 104 123 56 76 20 14 113 120
158 242 173 211 14 186 166 211 100 170 77 127 178 215 96 210 162 87 230 151
205 34 123 20 242 200 26 218 65 114 114 108 177 160 103 242 178 136 200 197
90 207 245 228 203 24 147 212 14 178 160 34 144 14 242 200 148 96 73 177
96 77 212 242 170 152 16 121 114 27 192 144 241 50 46 87 181 113 69 223
242 14 14 219 185 202 114 108 247 114 158 186 114 135 108 16 9 88 182 177
242 208 203 152 52 199 151 121 136 83 62 185 215 218 218 50 242 200 186 147
221 56 107 25 87 7 87 14 239 242 196 2 7 50 108 30 52 57 121 159
205 34 136 114 50 27 164 176 106 223 215 50 5 241 174 218 210 127 191 121
253 58 50 242 82 179 12 0 221 50 20 96 96 106 251 248 135 168 190 14
197 174 61 158 186 3 108 19 3 77 70 110 95 182 45 104 135 3 243 123
37 196 242 152 170 147 150 152 199 113 152 242 231 2 232 182 189 242 200 6
58 218 218 242 189 82 95 196 242 127 255 94 231 102 204 245 243 160 9 114
10 186 96 219 151 121 99 211 50 251 118 134 101 62 173 199 121 82 57 114
205 209 231 242 82 50 27 87 22 122 186 186 108 23 199 102 27 137 218 200
58 251 241 62 18 131 141 188 58 34 108 207 95 176 242 250 2 208 242 114
107 105 227 114 235 78 14 137 85 10 52 210 137 218 167 230 20 14 25 241
160 8 218 38 35 223 135 196 139 121 114 235 58 50 20 46 25 45 23 87
145 112 9 170 85 158 97 151 135 121 143 218 96 67 242 14 211 203 170 121
