86 191 173 231 223 173 223 34 238 121 114 205 200 56 96 42 178 201 2 16
186 50 0 96 103 34 200 181 114 235 114 85 178 215 96 42 65 103 42 105
158 134 28 2 218 58 123 250 176 219 225 240 199 251 12 106 232 96 223 50
160 242 139 178 173 121 193 211 231 23 223 218 242 82 16 158 212 50 251 248
252 94 231 121 114 164 58 93 135 219 189 10 207 123 231 114 223 186 108 193
158 218 50 233 218 45 56 96 186 181 121 114 72 181 182 216 251 209 170 84
173 121 40 178 178 23 62 147 231 192 218 121 176 144 154 178 85 242 218 56
192 104 135 21 67 223 230 106 235 186 163 253 186 181 142 170 85 109 96 141
96 115 218 71 122 239 114 205 176 186 50 26 108 196 204 33 186 186 203 245
16 26 189 174 96 205 138 218 71 122 26 50 148 235 191 110 92 231 87 78
231 94 118 66 186 166 178 27 26 144 88 14 34 121 248 194 178 108 117 242
58 218 242 136 114 22 253 122 141 14 42 239 111 21 84 114 121 207 87 135
248 163 10 23 62 37 199 242 14 186 212 50 193 178 31 60 191 76 230 45
192 186 50 113 108 196 150 4 104 35 248 135 242 87 152 11 148 245 170 243
58 217 102 146 223 230 220 93 214 66 186 186 102 245 68 77 141 144 183 96
64 251 33 108 184 108 179 215 23 105 184 134 221 123 95 196 140 108 26 93
114 4 13 19 221 87 141 218 113 123 176 114 27 242 200 71 203 103 50 72
37 98 50 251 177 66 163 96 112 38 177 160 243 242 87 252 108 178 251 242
37 110 243 242 66 82 174 19 151 251 112 50 73 189 139 50 227 120 251 50
192 148 11 250 174 223 189 230 211 14 96 212 241 94 130 104 121 196 108 250
242 200 42 114 108 114 23 128 92 71 168 14 64 96 211 58 215 231 241 10
58 69 56 154 215 7 87 76 23 31 131 223 114 27 37 102 192 164 218 24
178 23 163 96 112 46 159 72 95 199 215 87 50 61 170 243 103 103 108 242
250 218 96 50 50 63 231 186 166 208 192 215 108 188 74 131 242 127 21 106
24 108 104 11 208 186 142 231 160 56 96 218 96 50 87 216 122 26 96 215
58 218 24 28 119 91 160 13 242 200 22 22 76 113 161 170 242 151 201 6
138 218 242 127 242 200 42 198 42 239 242 19 66 25 87 218 103 242 77 212
189 78 182 121 114 27 191 42 186 108 133 160 242 21 56 208 194 3 19 251
31 218 210 87 27 186 186 135 26 241 73 118 41 50 148 181 144 78 203 170
50 37 23 87 135 3 58 51 121 52 210 95 121 208 192 12 96 96 151 45
137 0 148 65 110 109 186 114 27 104 21 152 16 131 32 189 50 108 182 216
58 201 200 26 241 218 140 97 192 50 110 173 121 10 73 135 170 87 135 211
70 50 196 114 96 239 121 114 27 192 114 35 186 19 186 185 186 148 62 186
43 114 156 25 212 74 65 212 146 242 127 234 2 200 96 215 96 215 230 3
158 158 109 114 205 14 225 242 200 78 182 38 96 136 82 239 96 69 151 160
243 219 223 223 50 233 148 242 2 200 168 170 214 96 42 126 94 136 90 62
102 128 251 50 72 123 216 114 108 205 198 173 121 182 215 5 75 87 16 4
253 182 135 118 2 14 223 114 18 173 182 196 109 137 218 38 170 251 136 120
192 225 227 174 131 114 7 135 130 122 96 225 223 50 247 108 25 192 173 242
158 242 127 21 66 23 211 120 103 76 199 14 121 108 186 181 83 244 7 21
158 26 215 218 242 113 179 123 184 209 20 96 151 212 204 215 96 38 209 242
252 247 191 231 114 27 130 135 242 127 127 208 111 251 160 114 108 29 14 31
74 131 242 200 174 72 198 253 152 170 243 228 114 108 172 21 56 96 121 209
163 253 16 218 242 242 14 14 75 182 88 58 242 196 230 140 0 237 108 173
91 158 223 114 135 10 67 217 102 39 56 121 105 218 204 255 160 103 7 151
170 203 211 122 186 50 108 173 182 242 200 96 219 218 96 235 242 14 151 160
43 148 242 250 179 114 70 200 38 209 151 121 158 186 34 28 200 96 186 96
114 178 236 108 114 173 178 160 86 26 241 87 209 241 122 91 173 194 96 26
40 200 39 201 195 168 247 87 186 186 148 114 16 164 253 84 242 200 226 39
231 146 16 108 69 219 96 42 108 20 189 218 140 20 232 215 25 135 121 58
192 168 170 103 176 144 219 159 223 114 72 23 163 75 134 196 107 123 31 245
58 106 241 87 27 2 12 182 242 25 114 50 0 204 245 188 234 209 175 177
114 62 159 14 63 93 219 114 27 21 122 26 96 189 244 242 182 230 211 48
253 160 123 210 178 127 178 182 242 127 200 73 215 159 135 121 242 14 239 242
10 196 34 223 50 27 108 114 131 242 85 113 66 138 208 153 148 245 96 26
221 56 208 137 241 218 96 58 18 11 253 195 110 103 92 195 26 151 83 52
65 189 182 212 94 51 227 69 135 179 42 92 219 218 242 30 81 223 50 182
112 114 72 212 50 48 138 14 111 182 182 58 98 242 200 250 218 242 127 3
58 218 50 0 210 95 248 135 219 210 182 242 182 219 108 148 251 199 231 215
50 148 242 178 151 21 122 51 65 147 113 212 100 242 82 46 200 23 189 231
192 26 148 26 96 186 181 23 218 170 177 121 209 137 2 152 120 123 176 114
199 242 127 82 158 250 242 200 176 160 61 215 218 107 31 122 62 227 24 147
151 104 212 26 50 255 192 186 96 215 96 216 80 134 197 96 231 122 26 241
192 201 242 200 26 170 103 87 16 21 56 96 113 106 31 135 197 24 16 123
