173 34 210 182 26 212 195 9 119 182 182 38 219 221 210 140 42 187 114 121
37 215 218 215 52 74 8 242 208 223 170 121 114 27 238 173 10 38 31 148
151 121 248 58 3 12 250 87 166 91 221 123 34 121 182 242 127 133 138 218
65 189 63 219 58 121 106 48 208 242 105 163 174 186 186 181 23 203 123 223
223 114 182 242 87 14 34 247 227 242 45 23 31 135 114 37 212 99 10 113
252 114 13 144 96 199 127 165 138 208 203 170 14 69 205 34 36 230 212 96
242 211 108 84 185 141 223 96 42 103 0 186 93 135 76 195 182 2 76 208
158 91 245 160 122 29 96 42 65 203 25 142 127 196 196 58 158 96 113 106
16 160 31 19 96 250 108 250 103 190 210 20 96 42 121 223 208 50 223 189
10 8 50 108 173 84 173 121 106 223 186 108 26 108 193 1 158 163 218 51
114 223 69 110 12 208 50 30 152 242 179 87 253 75 223 90 87 14 109 176
151 209 102 111 104 135 94 250 199 231 176 187 218 254 91 245 24 147 121 235
234 40 3 16 77 131 253 209 10 102 242 159 248 56 111 200 107 171 212 193
245 109 201 121 97 96 112 73 87 190 177 243 71 31 148 227 69 248 228 200
94 211 136 114 27 106 235 207 231 87 121 253 5 242 200 20 232 96 121 58
58 218 241 62 168 30 141 216 138 139 121 50 201 160 92 181 181 121 18 158
245 237 114 195 14 130 142 250 235 242 200 218 51 121 242 127 208 50 243 103
209 10 215 218 26 50 135 242 200 163 26 96 215 218 51 69 34 2 14 1
58 158 71 251 218 71 247 252 50 56 121 58 128 241 134 136 14 254 51 121
176 242 200 96 121 108 2 95 121 182 136 82 23 170 121 31 192 186 96 64
74 10 33 158 173 121 58 28 72 121 139 29 14 215 152 92 163 12 114 195
242 200 186 148 41 231 242 14 77 242 216 122 26 96 216 180 51 158 96 38
221 170 151 103 180 242 179 0 107 93 135 242 250 176 242 231 108 186 108 248
122 250 230 114 186 96 215 141 114 114 121 12 104 135 136 200 96 66 186 26
185 219 221 16 235 255 91 170 159 218 94 231 20 51 160 243 95 121 181 21
137 50 186 163 223 114 72 87 135 241 182 150 242 87 14 42 12 46 148 96
92 200 72 95 185 1 102 58 245 96 113 182 20 182 141 71 135 108 231 163
37 146 121 58 58 118 200 96 186 205 135 92 2 108 255 104 21 126 114 221
221 56 218 215 212 96 42 208 58 194 244 212 13 182 224 251 221 108 105 79
187 158 108 251 181 50 148 218 71 234 170 121 52 72 7 121 108 200 46 253
170 121 127 69 133 113 186 209 105 245 37 110 50 209 96 172 217 151 121 73
160 102 218 189 182 210 2 14 26 45 46 23 14 20 215 121 114 200 158 211
201 9 215 18 50 108 177 219 114 108 244 123 248 28 207 12 218 218 71 114
58 108 173 121 242 87 127 175 95 121 50 48 45 23 87 164 223 135 227 121
50 143 11 50 133 218 51 231 121 73 212 242 14 203 196 231 114 187 125 108
186 163 139 192 173 200 78 69 104 242 178 26 186 193 193 103 101 186 186 203
212 215 134 104 93 95 12 204 7 26 241 218 50 33 123 25 87 135 121 100
65 147 103 87 103 152 223 94 30 12 64 114 235 203 26 96 247 203 217 20
243 223 50 152 97 96 118 26 0 186 181 216 42 11 135 242 161 148 242 87
185 50 5 243 242 115 173 231 87 87 186 186 111 93 95 121 58 23 25 128
29 14 69 23 199 242 231 218 71 32 32 223 135 182 26 9 141 215 62 147
158 253 241 107 25 242 200 131 143 26 181 50 7 113 105 35 114 12 161 96
205 223 72 245 228 27 125 108 46 61 215 134 123 21 175 177 121 195 31 135
64 193 143 20 96 66 186 186 163 144 14 163 170 103 223 189 170 85 208 121
145 174 186 0 186 163 96 173 27 158 37 173 219 150 170 85 96 215 18 151
205 177 218 215 108 223 135 112 103 181 207 12 114 37 23 104 94 231 87 135
158 103 91 91 121 103 87 247 81 14 50 163 212 106 58 144 14 253 121 189
107 16 108 193 114 164 111 242 87 27 144 96 153 114 200 96 210 58 158 242
137 215 218 96 50 50 56 178 173 182 96 114 205 186 148 26 96 170 121 159
242 14 72 121 171 128 168 120 28 114 176 243 177 159 114 114 108 101 102 208
100 2 14 152 157 193 14 148 101 121 193 94 121 26 186 181 87 96 75 96
182 176 144 14 41 195 58 197 195 210 251 231 106 233 51 187 14 223 77 159
151 207 135 248 223 189 34 178 191 107 91 87 102 75 245 57 121 87 121 96
51 121 193 31 251 179 245 173 34 200 131 20 96 107 27 113 212 151 251 205
58 120 107 104 135 114 108 223 120 205 174 197 96 151 27 11 208 245 135 125
58 218 204 11 64 96 121 96 205 78 14 234 78 114 168 218 210 241 182 182
151 121 160 242 200 247 96 123 24 168 251 21 64 16 121 34 115 12 23 175
152 195 126 83 83 178 212 118 252 192 178 215 108 11 102 158 204 122 186 200
199 113 212 102 218 99 66 147 253 35 96 232 37 99 23 74 114 108 186 163
200 186 16 193 136 147 121 244 242 127 200 251 31 114 178 186 209 122 186 141
231 50 5 65 147 177 142 184 14 176 215 108 182 20 212 96 253 55 176 255
223 212 64 121 182 182 121 45 104 135 27 108 211 2 232 21 196 242 25 121
58 160 111 40 5 164 135 58 114 7 50 87 203 152 42 0 121 37 182 242
66 16 77 5 163 50 251 173 223 69 103 23 218 102 92 162 87 203 160 218
