205 223 18 19 186 108 239 11 51 138 170 96 121 137 45 182 181 231 56 30
18 104 208 209 165 66 223 151 231 103 34 179 108 173 101 231 52 136 118 14
242 66 87 111 13 200 238 50 213 217 236 135 142 114 192 108 173 207 229 27
209 74 192 215 26 152 108 26 93 13 248 218 210 89 242 159 125 2 138 135
158 215 218 58 28 186 186 181 2 66 242 87 139 121 215 12 114 7 243 235
58 217 158 4 175 110 163 174 50 103 111 39 95 199 231 148 73 25 243 54
58 218 160 123 199 231 103 176 160 0 209 147 103 135 30 152 127 102 208 24
243 184 14 77 63 212 151 158 51 7 196 52 233 50 242 200 50 209 94 143
160 198 199 215 189 215 96 118 14 10 170 200 96 216 113 106 87 147 121 58
10 99 27 219 22 31 114 114 223 217 18 52 23 120 173 58 103 21 242 250
26 194 87 218 215 215 114 121 181 135 39 12 73 151 215 212 121 114 104 135
121 37 248 135 193 114 4 13 102 170 242 3 208 50 56 96 96 167 114 96
228 200 96 188 251 66 112 103 121 199 170 243 242 200 148 218 96 251 21 122
234 200 136 178 170 121 106 69 135 66 111 185 87 31 223 181 203 73 87 190
92 242 66 87 152 126 108 185 93 185 219 223 223 106 72 223 87 7 56 96
50 108 212 193 108 178 52 31 98 2 196 28 200 96 50 201 176 114 7 7
145 26 93 162 50 121 223 151 121 121 182 17 242 200 186 61 215 194 14 9
58 108 192 251 70 152 114 104 200 107 252 51 143 251 33 242 200 186 18 121
58 253 12 135 242 200 220 95 121 138 218 96 250 121 242 170 21 244 50 27
37 196 236 108 152 197 223 50 165 100 108 66 186 144 82 134 152 193 182 189
242 200 164 134 242 0 83 196 247 96 38 173 34 200 145 38 81 8 38 182
114 114 211 114 92 12 29 16 83 128 246 50 58 194 35 108 105 99 215 112
82 158 148 205 65 103 75 52 136 114 114 187 37 23 87 218 96 50 9 195
160 158 103 135 26 111 123 32 158 215 218 210 136 114 230 204 212 251 50 240
151 18 36 4 13 121 29 14 121 158 220 96 96 26 96 6 93 41 35 158
151 20 96 152 252 24 200 250 144 82 137 127 82 194 200 168 151 217 147 121
50 146 147 121 114 134 205 160 223 14 152 108 10 48 85 96 253 14 121 114
193 243 38 170 121 15 10 148 218 45 121 211 211 69 242 179 218 30 12 241
99 189 94 184 173 223 18 25 208 163 26 241 174 190 87 7 114 135 147 242
245 189 252 220 236 16 4 231 207 21 1 242 114 186 108 186 215 234 2 14
57 178 23 29 122 186 26 83 242 14 211 73 8 215 174 114 245 153 114 200
126 14 205 10 241 95 231 248 194 215 23 131 199 105 227 152 74 131 1 163
114 197 74 163 212 151 182 12 148 176 144 191 104 158 50 108 255 121 245 186
176 243 121 220 139 242 200 168 108 174 72 248 164 181 220 152 250 170 12 233
221 50 223 0 186 108 121 114 168 161 111 170 215 211 242 196 93 218 160 81
221 104 216 50 205 103 77 164 12 122 186 212 96 245 24 71 109 42 12 175
161 137 191 242 250 200 182 46 23 136 114 223 106 109 231 235 242 152 46 152
58 218 198 95 21 152 46 212 182 45 122 223 114 223 77 170 242 231 23 218
151 212 188 242 82 186 93 103 173 147 121 240 121 211 56 209 148 246 121 176
57 168 250 108 0 211 93 114 186 239 239 87 66 152 170 23 0 207 75 134
242 14 186 159 147 109 121 208 223 218 218 224 242 109 1 145 50 121 96 23
205 35 114 235 201 50 211 48 96 250 210 87 209 28 193 151 127 26 215 62
194 158 108 173 245 214 215 121 103 12 50 1 58 16 96 38 185 76 121 121
74 192 242 85 205 38 174 96 174 60 178 144 245 10 242 19 21 122 186 26
39 87 194 141 159 231 160 114 108 121 146 58 121 111 251 205 209 158 168 191
205 58 151 243 242 200 231 86 192 31 114 72 152 163 152 109 191 122 186 96
58 65 77 110 160 8 12 170 10 34 84 106 108 250 245 113 108 193 121 182
107 186 135 242 200 218 34 144 85 152 230 203 152 108 174 147 121 176 33 34
209 192 67 114 223 186 186 103 23 30 121 121 108 196 211 122 81 96 151 223
74 242 3 108 26 122 26 42 83 171 244 212 96 187 122 65 182 143 108 231
205 158 254 96 245 26 96 239 215 87 135 165 121 185 0 223 69 152 90 187
185 111 240 143 215 186 96 114 144 41 182 250 179 218 71 122 74 193 134 194
102 242 200 66 209 242 210 182 182 250 108 193 108 26 138 205 96 121 58 13
102 242 170 76 14 220 152 136 82 114 27 108 251 96 236 135 21 56 14 186
252 192 108 178 52 211 110 186 185 230 114 87 23 243 243 160 254 96 138 215
201 223 114 223 142 159 35 108 121 2 127 208 10 65 151 104 135 121 151 251
96 185 111 251 173 106 195 118 108 92 121 182 242 200 72 95 200 58 136 216
10 114 168 114 135 121 182 20 51 31 111 10 182 51 121 35 186 92 121 242
173 216 35 108 121 176 160 158 35 141 235 51 168 170 92 57 121 110 135 90
160 92 123 147 121 205 123 34 200 66 136 200 108 182 13 200 158 11 253 56
151 163 112 150 87 186 148 151 121 106 193 131 114 50 72 87 121 185 190 0
161 242 178 109 45 223 114 114 108 23 114 23 237 239 58 96 42 25 187 252
253 24 147 108 182 207 87 121 57 121 10 26 241 87 135 242 45 136 50 182
223 26 193 114 108 253 121 57 69 62 223 148 96 223 241 218 96 50 176 114
