120 186 195 112 113 106 122 186 209 96 251 52 199 186 247 108 88 143 252 192
231 223 50 177 56 25 158 121 242 87 14 94 21 96 66 138 11 183 20 141
158 146 247 114 203 108 178 167 188 242 11 96 151 158 186 96 108 26 26 93
138 158 194 14 186 159 201 162 147 231 5 121 148 237 251 241 25 122 42 25
58 194 14 186 186 108 173 121 160 218 91 245 145 69 103 50 5 75 200 245
252 211 14 182 33 87 212 121 205 74 34 210 200 58 175 223 3 74 87 50
114 72 87 135 136 114 26 186 148 170 242 138 219 218 58 148 205 69 104 14
160 92 158 50 242 21 50 27 164 218 191 66 217 10 74 211 172 8 159 174
160 121 243 128 76 161 218 244 241 95 231 33 108 188 121 245 121 205 121 178
50 20 96 251 66 242 159 16 192 200 94 210 2 14 114 131 50 182 242 82
96 121 182 250 108 108 46 215 62 173 165 160 111 205 251 66 96 250 179 150
37 212 255 158 91 184 96 120 200 44 114 72 95 121 189 134 31 158 96 203
58 181 203 200 136 186 50 190 160 227 69 215 107 87 66 42 212 224 231 121
211 14 121 143 108 209 101 85 162 50 61 174 186 148 205 26 186 200 114 207
24 108 202 218 242 87 23 31 11 26 240 186 148 215 42 103 218 233 26 96
37 106 108 146 251 179 196 185 34 31 114 27 164 195 197 92 168 186 157 103
253 121 58 28 58 110 177 85 50 251 66 152 39 56 93 222 0 158 26 158
164 50 218 242 231 122 50 251 30 216 135 114 186 23 223 50 108 152 193 114
192 186 148 26 96 87 96 38 96 186 170 159 77 200 242 200 248 27 247 242
223 114 27 13 181 218 38 223 186 186 108 42 91 185 60 50 105 158 182 242
74 136 102 242 135 2 218 106 240 232 242 200 73 21 159 34 200 121 176 160
58 194 14 108 42 108 26 75 186 50 61 175 221 134 83 83 242 200 26 45
159 121 121 58 194 205 93 111 104 168 90 230 189 80 227 242 50 147 121 178
160 41 53 45 27 211 186 96 247 85 71 203 74 200 209 74 131 191 236 196
86 151 20 127 3 186 108 239 191 179 99 158 106 69 37 95 231 113 204 158
245 4 21 69 91 58 223 151 21 1 74 160 233 215 65 96 45 245 92 219
192 94 76 121 182 20 14 23 173 121 205 10 57 139 199 77 212 241 46 121
194 244 0 203 14 252 192 0 178 200 26 123 2 236 230 104 121 241 182 215
242 82 250 56 66 9 175 137 191 51 123 102 35 163 174 165 173 242 127 82
185 219 159 113 69 91 217 236 108 184 36 242 82 244 73 127 242 16 46 121
120 186 108 178 133 96 139 251 218 135 31 122 26 203 170 121 115 19 205 170
106 131 135 108 182 182 216 247 113 171 121 58 34 196 114 235 242 66 42 75
58 194 14 66 186 30 23 12 182 176 200 20 96 253 176 215 218 64 186 108
211 242 200 22 192 178 121 210 250 127 242 109 76 3 113 173 121 58 50 213
138 13 87 78 10 160 215 25 158 50 86 218 58 244 99 31 186 42 130 50
96 121 182 38 96 168 200 250 108 141 174 0 109 97 209 23 58 227 159 174
114 252 135 114 109 96 121 58 117 121 226 121 99 143 151 158 251 113 152 138
193 163 0 10 42 212 121 73 215 218 71 111 186 159 212 121 114 159 109 199
70 200 26 148 245 250 176 242 14 173 10 186 108 138 173 114 27 96 114 27
58 218 51 121 223 203 126 211 239 35 96 158 242 62 191 139 160 131 242 82
253 121 123 66 195 12 114 22 105 65 212 96 67 250 176 160 242 123 66 19
223 135 91 26 87 121 55 196 99 244 160 179 62 168 114 165 31 113 69 113
58 117 241 11 25 121 58 223 14 114 104 104 121 114 108 186 108 203 10 151
91 158 186 108 203 236 135 242 200 108 242 244 96 121 242 179 52 130 103 87
223 186 19 193 242 200 242 200 230 87 135 82 121 106 108 178 45 242 250 176
28 114 212 96 38 96 231 12 46 135 114 114 135 242 148 175 106 14 186 181
58 127 178 242 96 118 26 72 104 50 216 122 26 174 170 192 215 96 151 65
121 193 100 193 25 223 50 87 54 14 121 158 194 87 121 38 218 96 18 3
242 127 66 152 69 219 96 108 187 83 188 121 127 178 36 50 182 1 16 178
231 151 121 158 50 61 186 103 91 23 114 108 141 239 218 245 158 144 200 22
50 146 121 205 72 240 23 12 227 69 66 73 25 37 216 106 56 96 50 110
252 50 251 152 99 33 27 136 114 195 87 19 215 62 231 182 182 135 121 83
221 56 95 138 108 242 3 212 96 42 200 26 158 18 201 118 158 108 104 223
242 114 121 114 26 120 186 186 200 27 26 218 96 113 212 197 20 69 91 244
234 170 14 136 200 193 23 175 101 133 38 96 241 50 205 176 160 75 175 242
121 50 251 248 135 121 50 108 121 97 16 160 8 160 243 188 175 223 0 114
223 186 99 215 218 216 122 245 218 113 27 250 242 66 217 91 88 98 3 108
58 107 252 50 116 108 141 159 69 108 26 103 218 242 113 190 31 38 76 14
114 178 114 227 16 211 186 18 65 147 135 121 136 114 123 192 168 207 50 158
195 193 109 50 5 22 20 14 96 242 200 152 30 22 106 197 174 239 26 170
10 160 103 87 154 215 158 139 121 134 27 108 26 39 95 197 73 66 34 41
50 153 238 84 170 128 242 200 26 127 182 254 1 35 114 154 96 131 50 95
219 16 10 38 10 0 103 113 23 12 137 61 218 113 71 103 50 113 164 33
151 158 96 250 33 23 218 182 135 110 65 138 96 186 96 71 123 136 242 178
