192 186 151 121 28 182 242 136 200 114 108 173 121 205 242 96 45 143 26 219
16 140 113 228 148 178 210 87 144 158 241 87 142 148 179 85 127 200 169 25
160 240 147 123 62 147 121 241 123 136 205 121 234 182 10 14 96 186 203 108
134 21 217 102 158 208 192 173 242 82 247 121 114 203 175 121 178 0 96 50
104 135 121 192 178 103 148 218 242 23 218 77 83 158 56 208 37 207 163 110
209 151 34 184 40 223 69 119 114 23 0 173 121 200 57 186 186 108 242 85
205 121 35 114 121 253 142 108 179 12 230 114 27 113 121 96 114 135 193 121
242 14 186 186 212 144 93 103 0 135 5 189 145 176 177 23 173 56 121 52
31 122 186 108 173 102 137 73 218 103 50 27 223 186 93 158 0 248 230 189
242 218 71 21 148 242 87 16 170 14 148 242 127 242 50 166 65 135 114 192
58 194 215 198 95 138 12 114 114 135 121 114 235 242 203 106 235 242 250 196
97 186 247 71 223 186 50 147 102 114 135 212 204 87 135 192 12 192 122 50
13 131 114 223 114 38 96 45 242 191 152 199 212 182 242 200 42 127 178 200
185 189 0 242 38 96 121 205 14 212 96 38 218 192 122 151 45 160 146 251
192 186 186 144 117 243 142 242 178 85 14 235 22 141 16 85 146 31 122 96
58 200 92 242 14 170 186 173 231 105 87 168 147 212 121 122 16 211 56 158
97 3 50 111 182 63 1 212 146 251 218 242 102 1 223 26 181 93 253 242
163 174 114 114 186 186 108 141 211 207 133 218 219 223 223 69 32 223 218 50
92 87 16 186 167 186 108 178 85 22 96 151 160 96 121 112 58 16 62 104
58 218 218 235 242 200 152 147 135 243 103 87 135 164 209 16 189 242 178 170
58 12 16 243 103 113 120 178 114 59 72 204 87 152 207 52 42 57 12 26
158 50 197 218 51 121 21 223 118 236 186 114 10 212 166 66 240 36 121 106
156 218 146 109 83 112 54 26 96 83 182 215 92 114 223 50 224 147 123 113
163 174 210 106 121 58 218 182 212 219 241 218 191 121 151 123 95 231 108 176
58 194 14 91 212 200 26 144 121 50 212 100 245 87 241 87 98 158 218 96
65 151 121 181 14 121 37 173 121 219 35 163 74 230 168 120 247 227 0 223
13 200 242 179 62 52 184 138 35 250 108 114 37 152 14 223 105 181 37 182
161 50 72 147 121 114 203 119 231 114 204 87 121 96 121 216 50 122 108 211
103 163 26 144 14 121 185 105 77 112 26 240 195 211 122 52 37 86 112 182
58 13 83 192 144 110 158 243 242 200 250 179 170 182 127 11 113 102 58 176
176 223 159 195 6 118 14 96 177 8 12 19 96 96 50 113 106 186 163 26
223 114 189 174 114 121 114 223 3 23 87 23 31 58 149 215 186 87 186 250
250 144 242 200 83 103 209 16 83 103 154 215 218 189 182 182 216 50 206 38
231 50 35 114 227 50 201 87 96 45 27 176 200 96 205 77 212 215 38 218
58 194 14 148 218 242 50 136 114 121 126 218 96 115 72 227 50 23 242 87
242 14 26 111 168 216 228 218 242 82 109 121 114 14 96 26 170 69 135 7
151 121 207 33 201 211 121 106 224 85 114 140 221 26 96 26 111 178 96 193
58 50 101 231 134 81 205 14 230 195 21 66 121 176 114 104 218 218 189 87
37 110 147 236 158 121 157 189 189 242 179 218 212 245 242 200 26 241 80 185
159 174 114 223 203 170 215 102 242 127 178 40 31 158 96 96 50 251 160 240
223 203 23 62 147 121 114 172 121 233 108 221 242 66 42 2 200 51 163 50
227 114 114 131 39 87 107 42 88 14 168 114 27 235 103 76 83 41 104 65
158 37 216 108 146 201 114 121 189 251 50 72 16 104 158 96 56 96 12 114
221 174 131 164 223 135 108 46 144 56 5 56 119 121 158 7 122 114 4 64
163 253 121 245 253 158 103 0 198 179 184 212 104 50 104 148 207 210 114 104
192 144 241 200 205 210 158 242 208 219 170 211 12 114 29 14 81 164 99 113
163 174 252 26 41 170 136 200 238 35 114 27 108 173 121 103 75 207 56 242
121 151 158 96 193 234 82 133 179 26 50 73 136 113 23 0 223 50 61 113
234 78 123 95 30 95 187 170 245 10 215 103 121 181 114 108 109 121 190 148
236 147 5 242 76 87 76 212 94 242 87 14 247 148 205 114 108 239 158 103
10 160 50 216 122 42 50 56 121 194 23 8 197 242 42 0 121 31 114 121
160 144 158 103 215 218 218 96 121 114 242 200 50 201 170 121 195 179 31 252
192 121 112 147 113 231 5 108 42 121 31 186 114 187 223 186 186 106 178 133
201 105 97 7 139 242 174 170 170 0 144 242 66 183 223 14 189 92 121 201
223 26 144 135 50 103 238 27 96 186 108 133 151 18 251 87 50 165 23 116
205 158 67 26 111 185 111 7 200 26 71 50 148 62 193 136 161 50 160 242
148 112 104 187 181 114 238 158 141 0 114 223 114 26 96 163 26 241 56 96
242 1 222 233 91 242 85 255 211 52 108 182 219 24 147 223 144 14 121 114
158 223 230 200 245 103 31 113 14 250 87 196 186 186 200 85 244 242 152 82
58 13 163 173 205 50 56 96 176 56 236 71 105 50 128 105 108 11 42 186
58 218 176 235 205 103 113 109 236 96 34 121 200 94 30 31 227 114 27 192
173 231 245 51 77 109 241 0 184 186 108 42 23 114 252 252 211 14 186 184
242 200 96 34 174 170 0 241 73 12 45 212 109 241 211 235 50 33 12 135
176 160 41 14 244 215 182 113 122 58 121 205 103 111 121 114 219 75 186 39
