205 4 103 108 152 91 138 118 141 90 186 91 218 122 215 114 7 212 219 96
96 121 102 58 20 14 186 23 158 121 181 23 73 8 205 170 76 45 121 121
223 200 97 3 42 251 87 203 12 25 121 192 186 19 212 231 241 134 182 219
41 212 96 241 14 141 197 96 50 251 66 12 242 200 73 120 181 19 152 221
242 121 56 218 42 121 128 242 151 127 231 182 176 146 150 248 10 67 176 144
163 62 163 162 126 96 242 200 42 226 114 38 50 235 5 251 12 219 123 69
58 18 247 126 96 28 173 182 196 215 42 123 95 121 37 19 152 95 12 183
158 170 242 200 211 189 193 205 170 178 109 186 26 241 218 107 28 141 106 16
74 62 148 237 186 181 136 114 27 223 114 223 114 168 203 127 100 230 217 65
65 103 113 105 13 186 200 251 173 10 186 186 108 121 153 151 121 242 127 200
153 114 108 45 11 228 56 41 158 96 186 205 50 235 35 191 135 242 182 242
114 37 91 28 74 105 65 231 91 23 94 231 110 147 121 58 218 71 74 41
24 108 186 221 87 23 87 25 14 212 106 131 231 108 178 223 186 87 230 118
176 242 200 50 251 173 242 127 63 73 218 242 152 82 170 121 158 218 26 56
11 66 215 216 122 96 205 121 13 87 96 23 190 34 243 21 206 143 230 85
58 205 135 169 55 87 218 216 122 186 174 200 26 96 96 96 186 148 205 251
114 178 163 253 58 163 152 141 18 121 21 96 244 248 108 146 97 96 186 108
245 178 177 179 12 76 108 199 242 9 241 182 250 140 177 108 20 221 181 215
76 87 96 179 38 37 110 87 1 209 10 46 200 186 91 19 186 218 135 50
58 96 99 23 177 87 121 106 134 158 223 114 135 114 235 242 87 14 209 77
58 103 66 2 144 170 0 72 87 111 30 121 182 20 96 186 253 96 216 215
65 189 251 66 0 182 66 87 96 215 121 205 167 92 158 121 218 227 50 66
50 33 120 96 112 228 50 121 94 2 14 18 200 126 230 28 207 208 52 173
192 253 58 103 186 5 218 125 125 137 83 192 14 96 58 200 45 121 115 26
192 239 35 186 160 194 86 19 161 208 218 243 212 69 83 104 231 135 108 242
58 135 243 29 244 121 233 215 211 61 113 62 165 219 146 21 152 221 163 22
114 168 159 123 103 221 9 83 158 112 135 52 205 231 21 146 242 99 105 244
103 0 127 191 121 26 247 121 91 92 89 251 66 121 65 162 26 136 82 185
205 37 7 113 196 186 108 26 186 236 135 57 78 26 209 37 20 231 158 218
163 253 121 58 107 200 96 186 81 51 121 158 215 123 87 78 114 50 27 19
253 121 65 223 50 21 152 31 170 14 14 34 23 53 134 121 114 23 163 218
163 69 66 87 241 0 209 231 192 207 199 151 121 153 189 16 211 200 208 186
192 186 170 66 41 158 103 0 248 163 50 186 108 213 80 158 121 2 178 147
102 163 253 13 136 218 50 123 12 109 87 218 241 242 136 191 233 91 194 182
114 112 108 19 212 50 48 58 218 96 113 201 23 101 29 14 42 87 247 241
114 121 185 19 0 158 96 241 174 200 51 121 158 50 56 163 146 123 212 11
114 221 108 192 136 114 35 114 121 97 93 79 82 186 83 231 12 176 173 251
182 141 13 186 93 200 24 147 103 120 253 235 26 151 178 97 208 203 87 209
121 181 121 124 93 87 158 181 31 56 25 135 163 181 20 96 214 212 251 33
58 194 14 148 41 45 122 192 223 158 50 189 211 24 13 16 248 121 158 96
201 91 96 121 182 133 12 106 220 134 47 223 87 230 45 152 92 212 14 96
235 158 96 250 108 186 148 41 8 87 96 121 69 135 242 178 14 27 239 50
151 231 135 58 96 6 137 35 203 31 218 179 25 164 242 87 87 151 121 248
58 50 160 201 103 186 108 173 223 211 93 7 0 209 252 50 80 35 232 96
105 223 250 64 181 192 186 96 58 77 83 101 119 136 114 223 50 27 242 176
74 102 209 242 173 232 51 121 248 204 182 113 87 173 121 179 12 85 212 241
114 104 32 121 114 211 0 186 203 225 196 182 96 50 50 97 96 45 86 51
253 121 176 96 201 58 12 219 135 242 200 174 73 101 121 182 215 13 87 96
205 243 231 110 114 131 253 225 35 186 102 51 121 41 158 223 250 196 85 242
179 225 110 177 85 210 26 240 12 87 209 168 151 121 182 215 25 135 242 250
137 186 186 180 181 203 75 25 209 83 248 135 108 160 177 242 200 148 11 216
37 26 215 25 56 135 242 87 152 82 96 231 201 3 106 10 215 218 51 123
138 158 50 241 56 208 21 136 200 83 242 87 66 174 247 190 103 75 37 179
58 58 34 16 125 147 121 34 136 195 200 180 114 76 83 251 196 50 135 182
31 50 104 107 135 30 24 108 90 81 46 138 39 123 232 189 12 94 242 200
253 121 242 250 200 108 26 158 186 181 23 103 106 164 218 216 122 239 35 186
96 121 216 67 242 200 27 22 240 121 58 34 200 152 46 31 186 185 194 182
194 16 4 14 4 68 96 242 208 174 10 212 96 7 113 66 218 113 113 182
106 56 245 65 251 160 134 121 242 182 99 66 14 176 160 179 4 65 141 41
13 200 104 13 87 7 212 160 103 123 86 83 191 232 56 147 121 245 192 137
242 200 36 113 212 209 51 36 209 242 71 31 87 50 2 203 123 66 111 39
74 172 59 2 234 22 182 242 66 83 99 123 114 163 106 131 219 108 152 114
141 146 121 138 104 158 117 121 82 121 114 108 114 19 197 108 122 112 148 158
114 38 223 211 241 202 58 218 188 210 87 30 62 31 190 212 191 74 236 212
