209 253 121 231 242 176 85 69 141 219 221 251 170 103 111 239 158 87 158 103
24 135 16 242 200 126 218 189 113 121 66 79 242 170 215 88 14 126 242 87
74 131 133 34 251 47 223 170 113 66 152 42 92 45 248 135 242 162 241 85
205 137 173 160 12 64 121 205 108 42 136 114 23 227 114 181 203 141 85 200
163 253 170 170 121 127 242 162 14 72 176 79 121 106 254 141 242 219 217 90
96 160 218 135 242 73 114 144 66 42 92 242 127 82 211 72 227 121 209 192
114 135 242 87 170 177 81 177 114 108 186 136 216 122 19 151 160 212 245 108
120 50 212 144 208 241 223 25 114 223 87 14 243 71 92 77 152 163 196 231
242 87 93 219 42 121 111 182 46 217 196 53 147 108 178 253 225 158 51 121
102 158 227 250 218 211 101 147 212 245 243 142 20 14 189 159 27 60 173 180
114 218 210 95 138 25 144 220 152 53 193 144 14 194 231 177 242 20 152 114
201 108 23 131 135 200 114 2 178 135 242 173 34 26 96 62 243 244 242 178
96 121 62 208 194 1 250 50 251 73 196 85 122 175 77 133 181 159 23 31
107 92 135 242 19 93 208 198 39 87 107 127 251 171 175 234 19 231 212 96
201 247 237 251 50 251 248 87 14 121 198 90 121 72 104 218 71 227 181 218
242 178 160 203 96 91 10 11 91 194 151 143 158 108 34 83 184 14 121 160
223 186 186 144 14 121 189 186 181 218 218 254 103 34 170 215 221 240 87 96
37 103 135 243 219 24 6 170 121 135 200 97 62 71 113 103 66 0 151 127
58 218 50 63 135 193 131 114 62 242 82 130 182 250 108 208 136 114 186 159
96 242 109 186 96 26 170 242 87 14 188 210 2 168 234 2 14 61 14 91
176 67 200 72 158 66 65 180 96 151 231 118 96 94 200 65 121 250 200 96
231 106 106 212 253 29 122 186 148 181 158 121 50 27 4 96 71 186 91 211
160 215 218 51 121 242 200 168 170 78 182 182 133 233 51 123 12 50 184 173
253 121 10 92 130 182 242 66 83 240 103 241 50 251 199 242 179 129 133 176
24 147 121 2 14 223 151 34 170 215 136 142 121 128 87 156 218 51 121 160
192 14 51 168 151 141 223 209 186 108 165 73 121 186 108 91 231 201 186 34
160 65 148 175 173 121 69 160 212 185 1 131 114 177 199 231 38 220 12 96
58 194 45 199 242 96 176 2 212 245 239 242 240 186 203 108 221 87 218 87
96 151 121 170 121 93 14 92 248 24 147 103 123 135 178 37 242 169 182 151
223 159 114 4 13 218 218 245 58 135 242 250 181 230 218 135 242 200 22 134
10 90 114 235 211 159 218 213 242 30 76 95 199 1 66 185 66 214 6 118
151 121 242 14 38 96 211 42 23 203 83 101 104 3 135 242 159 182 127 178
58 106 26 241 85 152 26 157 216 50 173 24 147 121 134 39 192 178 215 218
151 121 185 135 148 45 242 133 106 44 108 26 232 19 200 106 122 141 185 233
221 184 96 205 50 72 23 123 212 96 108 120 106 56 50 108 178 184 42 186
37 196 26 65 251 173 242 208 247 77 108 182 32 151 158 91 28 13 87 168
24 16 130 196 114 108 23 123 184 173 185 223 159 162 148 41 62 147 102 242
158 96 218 56 24 96 1 50 9 51 242 200 108 250 52 221 56 83 62 147
37 199 242 14 158 163 218 113 106 235 82 20 96 186 147 220 41 66 31 122
138 218 227 159 50 33 121 242 30 150 244 120 214 31 242 200 108 133 151 121
58 218 28 200 86 96 250 108 143 96 66 95 14 239 236 31 135 248 5 85
10 108 96 90 174 14 96 38 139 168 151 86 58 65 0 121 218 96 50 135
151 143 11 96 218 51 240 252 192 26 0 96 66 192 87 186 0 175 113 87
58 218 50 242 178 212 85 114 104 27 174 99 23 101 62 112 242 95 248 135
158 201 121 209 96 45 121 151 160 158 160 180 189 56 218 218 91 98 39 92
58 93 253 235 242 190 218 151 121 248 248 135 121 96 251 209 14 121 242 87
250 112 50 65 188 182 240 113 50 2 27 245 66 96 66 217 62 104 135 114
37 196 114 19 158 96 106 4 50 203 254 248 121 231 176 103 95 212 242 170
196 26 96 50 182 16 134 27 144 82 106 188 182 242 182 215 218 96 212 176
192 121 50 251 173 231 87 82 83 90 174 24 90 247 230 182 87 135 200 247
176 215 218 182 242 200 182 26 241 215 96 38 96 186 159 203 234 14 59 76
96 45 14 219 22 239 158 67 114 114 121 159 209 211 182 182 75 211 131 50
12 253 54 186 148 60 119 2 135 21 5 215 23 136 114 87 121 135 231 215
58 194 14 14 186 96 87 78 243 103 177 218 215 14 103 123 203 12 174 14
242 135 242 82 106 9 242 150 196 218 218 245 106 165 231 106 114 158 108 240
59 135 91 40 147 103 135 130 30 5 121 141 85 212 107 25 135 121 118 114
79 121 10 26 50 182 15 244 242 23 114 23 131 227 87 12 114 192 101 141
185 50 128 227 50 200 184 186 83 20 186 18 31 158 96 109 223 50 242 66
192 112 96 223 114 186 108 114 96 121 234 100 136 200 114 27 26 190 103 190
58 108 102 16 102 96 118 181 12 14 221 223 35 147 121 181 200 96 14 96
58 107 252 50 80 175 23 123 135 121 50 164 134 10 110 223 113 16 160 8
219 111 251 173 251 19 196 114 108 250 179 60 98 114 96 121 182 245 245 66
160 237 192 123 108 211 14 218 113 212 121 114 220 96 85 121 182 159 77 248
242 72 112 113 106 152 30 248 216 50 190 103 121 185 103 103 135 21 6 209
