92 242 95 33 248 223 152 244 151 123 12 191 231 121 106 69 223 186 108 148
105 223 135 114 50 87 23 87 152 252 218 242 200 26 96 215 234 158 121 158
223 114 203 108 114 121 151 121 58 242 200 26 96 112 26 241 56 244 241 19
41 105 242 121 173 121 137 200 220 186 205 115 164 121 96 114 37 152 163 131
114 187 223 114 23 131 45 165 109 186 108 30 175 177 103 108 250 237 108 26
161 148 56 242 26 0 243 0 121 144 82 200 163 174 20 96 113 251 152 11
176 215 179 230 179 12 114 105 101 210 135 231 151 212 14 242 82 174 108 178
16 233 110 178 171 170 182 216 186 108 173 198 219 64 121 96 233 114 235 26
186 186 186 92 135 66 182 19 66 152 170 135 121 182 211 223 96 54 96 186
185 121 205 223 50 61 218 242 127 82 121 106 131 211 144 203 102 251 50 240
11 113 212 200 118 95 109 199 118 104 56 14 66 178 96 136 200 26 245 170
10 23 209 236 108 26 81 83 231 182 1 163 75 170 85 14 1 163 188 251
96 121 178 178 23 104 29 247 122 96 218 51 121 114 235 114 135 242 208 114
245 211 247 87 96 215 62 26 162 215 96 215 62 242 127 251 199 50 163 218
24 221 50 251 173 242 106 143 218 94 231 35 108 26 164 25 235 242 66 42
99 242 87 14 77 108 196 244 41 147 150 179 0 114 121 195 148 205 158 50
96 136 143 191 121 158 140 243 45 182 66 185 18 11 170 234 165 152 97 50
192 186 181 218 4 50 242 200 83 242 182 196 118 76 114 13 114 235 173 201
10 195 84 103 122 42 136 114 14 23 218 215 218 71 242 82 200 26 241 174
223 186 96 113 121 192 50 23 152 53 1 176 114 108 251 173 121 145 2 200
137 200 253 174 173 251 50 20 108 66 230 215 218 65 159 35 186 108 178 203
211 178 90 230 14 121 176 26 96 211 2 14 141 174 203 254 13 248 163 107
57 90 174 114 27 218 51 121 5 58 103 241 152 20 96 250 244 146 243 158
231 104 50 242 165 21 152 223 186 186 148 245 134 94 231 121 151 62 160 31
58 13 158 50 182 242 50 27 208 114 211 11 26 144 111 39 56 87 119 21
192 186 96 121 65 69 160 27 65 219 223 114 72 23 87 209 158 246 96 65
106 252 121 192 215 69 75 26 200 253 186 108 121 182 114 232 160 69 96 212
58 194 138 219 23 128 218 50 233 86 182 136 114 112 207 216 122 201 141 114
100 26 228 218 254 241 25 121 96 216 26 215 96 121 182 189 25 137 96 211
58 189 245 50 66 109 23 0 158 251 121 92 151 185 77 253 121 128 76 182
160 101 231 198 121 114 27 110 177 48 148 66 217 62 104 96 92 242 200 72
102 58 50 242 113 248 41 163 121 35 96 69 136 209 112 106 232 103 135 114
58 218 96 50 206 122 26 170 121 203 196 242 21 66 173 74 120 96 107 14
120 35 186 108 201 114 27 186 108 26 121 162 239 111 152 158 91 96 51 123
10 216 25 135 130 242 21 87 121 74 131 103 123 121 209 10 35 218 218 71
58 13 87 170 134 174 218 140 113 106 121 37 148 112 110 45 87 14 77 113
163 176 186 186 195 94 200 27 58 161 50 170 136 121 114 189 200 138 218 51
192 215 179 131 113 176 85 242 82 74 14 238 114 121 253 127 82 242 30 81
209 153 148 205 114 251 121 96 108 250 160 65 32 96 159 77 31 189 251 212
242 14 19 219 230 45 178 14 158 108 11 13 126 182 73 208 58 209 177 228
7 208 50 50 54 182 244 212 14 50 214 6 82 73 127 58 21 56 154 251
227 164 50 251 199 241 239 14 121 58 50 1 243 12 182 182 71 83 63 14
121 10 215 218 24 231 108 178 23 168 208 58 218 106 122 26 91 69 107 16
197 96 50 110 10 122 50 206 216 253 101 69 196 212 100 50 87 23 75 174
242 115 87 186 120 186 19 91 244 199 106 186 14 38 14 135 26 179 7 50
192 121 205 194 14 50 251 91 128 194 69 23 135 218 51 123 12 25 185 31
223 114 38 205 231 160 122 106 168 242 20 148 96 50 27 251 160 8 236 114
209 175 177 210 72 95 182 38 51 92 242 196 26 155 218 50 251 173 34 164
223 3 196 211 11 46 138 111 248 158 242 85 66 127 104 107 104 218 242 113
58 194 14 130 197 250 179 50 95 120 114 121 58 13 87 77 110 108 69 173
58 218 96 23 135 121 58 242 200 195 108 241 52 66 245 173 115 12 242 87
58 218 235 195 184 170 2 208 233 215 218 144 82 2 200 5 164 223 50 114
231 16 242 189 150 242 87 14 78 14 141 168 250 196 242 23 175 133 242 45
192 186 108 26 186 91 81 151 158 103 50 21 152 252 250 174 200 133 50 251
136 219 74 62 242 200 209 92 114 160 41 212 158 96 38 250 174 200 251 30
74 131 242 87 200 95 133 91 138 230 182 75 189 5 123 210 114 26 96 26
242 87 190 11 93 71 150 231 22 186 116 186 203 182 216 203 248 5 41 104
223 69 50 135 50 126 178 114 121 114 12 35 186 144 14 73 114 163 205 114
58 107 218 96 250 184 236 200 28 197 250 210 87 218 174 104 14 96 136 51
145 159 14 14 185 7 219 26 241 174 231 27 114 235 114 108 52 26 186 93
57 96 148 218 218 251 12 50 87 121 96 107 251 21 0 121 170 121 106 241
137 140 178 151 160 121 205 158 242 151 253 121 128 223 53 186 108 239 237 114
114 104 228 218 71 243 242 200 46 79 148 216 134 158 235 242 136 242 109 121
24 16 193 27 46 148 237 186 108 90 186 230 87 14 83 201 121 205 223 182
