167 130 35 114 223 231 114 223 151 121 7 114 108 30 130 207 0 24 173 121
221 251 42 108 121 182 20 113 23 32 127 241 218 96 50 251 231 121 114 108
245 136 200 10 151 182 38 42 12 230 2 14 136 178 114 235 173 231 16 210
253 121 3 50 109 186 108 146 158 186 108 152 16 96 121 205 34 200 242 210
50 223 50 23 103 173 10 34 95 231 224 188 152 16 96 186 186 148 110 103
58 121 252 50 72 245 244 178 224 246 96 231 33 12 123 62 147 212 92 112
163 218 161 135 50 67 212 144 14 101 242 100 12 64 185 181 121 251 229 12
114 173 121 248 72 245 131 114 72 158 231 22 114 145 181 239 35 144 121 58
58 34 96 151 182 189 218 204 65 34 46 26 42 113 106 56 121 148 194 14
209 109 106 186 148 52 121 114 218 51 194 104 245 113 108 87 152 250 95 30
223 50 76 82 173 121 57 121 205 201 176 102 126 218 218 96 244 182 26 107
242 244 87 50 191 75 56 96 121 186 96 133 242 200 169 190 108 182 23 153
114 66 121 253 209 251 199 193 113 212 24 236 185 87 215 251 23 33 62 134
192 186 144 96 2 95 241 174 72 104 104 192 56 19 212 67 82 10 45 94
74 201 114 58 152 163 253 121 114 201 14 58 121 181 50 66 73 118 163 176
56 65 127 128 154 232 123 182 38 129 142 168 217 198 121 220 253 121 160 243
102 58 93 16 121 182 114 205 235 139 104 135 50 242 87 152 152 163 174 186
194 14 186 96 108 186 108 186 20 148 215 141 212 96 38 96 38 22 121 175
192 178 144 81 14 223 186 26 152 102 30 58 218 12 73 151 212 102 121 30
74 192 122 38 96 52 33 62 242 19 13 30 50 127 95 94 71 114 2 196
107 135 204 245 121 138 242 99 135 82 134 107 13 200 42 87 87 203 46 152
114 37 69 18 182 113 212 102 2 135 200 209 201 242 200 26 50 144 14 230
209 163 176 253 96 51 51 121 33 108 201 58 242 200 26 96 121 151 121 160
151 242 66 208 96 120 74 194 201 104 135 192 96 94 114 147 236 5 76 135
158 158 19 153 99 127 9 226 114 108 173 10 212 215 218 65 103 102 30 231
114 178 239 90 203 179 52 114 121 114 223 18 21 106 106 56 25 135 204 87
185 170 7 85 85 195 184 14 239 137 200 26 218 242 127 208 241 87 93 50
58 218 215 218 242 121 182 151 106 131 114 72 25 244 242 87 14 249 191 112
107 13 30 95 66 42 121 181 187 193 223 0 31 105 227 159 251 219 218 144
158 96 242 250 244 7 50 216 122 50 80 158 45 242 248 72 244 121 252 192
24 16 136 14 135 137 218 14 96 151 121 72 98 160 204 215 218 113 212 54
185 107 71 247 92 114 121 50 6 114 108 26 25 21 152 134 208 121 177 242
137 200 28 50 242 87 35 186 147 121 178 177 0 10 210 0 87 169 104 236
52 136 185 184 141 103 108 26 66 127 66 243 106 197 19 13 244 82 136 251
146 158 112 212 96 215 218 96 253 56 93 135 85 215 178 121 196 26 83 242
192 178 223 135 123 12 95 121 163 174 22 186 96 50 35 108 186 108 178 12
160 65 103 95 121 201 114 108 239 242 182 58 82 152 26 76 151 0 181 34
250 181 148 112 244 160 103 212 11 107 71 137 215 218 71 186 108 26 50 243
160 128 251 21 165 231 248 135 21 221 108 182 182 171 158 158 201 65 210 240
223 45 23 198 12 131 158 16 74 35 108 56 83 196 26 241 218 103 42 114
114 27 192 150 42 62 163 174 186 108 159 114 163 253 118 133 230 182 121 121
58 18 104 56 208 93 14 121 218 26 96 113 114 27 160 108 65 188 160 105
112 158 79 77 23 45 87 77 21 1 121 218 241 135 50 160 62 158 163 26
223 114 27 160 114 23 101 121 239 58 64 135 21 235 26 212 96 210 182 185
37 146 114 27 150 212 96 114 108 104 187 98 46 110 212 242 76 147 121 90
192 52 115 186 114 62 244 121 209 57 185 93 185 62 139 212 151 203 242 200
74 21 170 109 121 182 216 106 122 26 11 96 50 139 251 173 185 34 16 209
120 192 186 108 90 83 12 237 114 108 197 108 178 173 10 141 203 36 231 173
127 94 123 34 191 121 218 79 121 114 27 87 135 112 105 65 158 35 1 138
58 194 3 16 130 59 72 104 135 242 170 66 186 108 186 135 212 113 108 113
26 96 6 82 27 244 185 1 58 218 96 212 104 14 186 148 91 158 103 114
185 74 131 12 135 114 168 218 94 147 121 114 72 173 185 248 163 205 177 164
192 121 162 170 96 30 57 96 96 250 125 200 218 242 127 82 58 96 38 10
223 50 72 152 186 108 190 4 170 113 212 189 230 170 234 127 200 26 241 135
185 190 230 182 2 25 241 66 245 96 96 73 87 14 141 223 114 33 142 135
192 186 148 65 8 182 73 118 108 113 109 121 121 114 108 130 186 198 196 150
50 251 95 21 138 186 157 212 121 178 177 121 250 218 106 153 114 250 204 104
131 242 208 50 1 151 121 182 216 242 114 168 113 107 230 210 182 196 108 248
205 102 19 186 148 215 121 218 96 94 208 247 121 201 121 182 189 179 1 160
58 194 14 50 122 186 108 19 83 245 113 251 244 182 250 235 242 82 18 252
160 148 41 95 71 92 248 135 231 161 184 109 26 170 94 2 20 14 96 215
253 242 14 212 175 177 207 167 126 135 193 182 212 250 179 144 14 12 114 144
114 178 144 137 14 50 72 141 218 51 123 33 87 152 4 183 144 14 251 136
223 186 186 108 42 186 108 26 219 42 247 189 255 121 122 26 50 193 186 108
