185 242 151 147 121 182 127 133 218 113 231 121 26 241 170 14 220 152 141 87
242 66 241 12 12 50 72 131 106 27 170 85 196 221 50 109 232 96 50 111
107 252 13 114 108 152 114 12 32 96 69 26 166 121 211 175 115 242 200 108
74 194 212 146 66 182 176 163 215 65 77 209 186 108 230 96 45 121 103 135
114 14 50 87 121 194 14 109 186 111 104 104 14 135 198 26 236 108 159 212
253 227 148 201 121 96 96 205 26 96 6 65 103 19 25 121 121 106 148 174
242 14 108 203 23 52 211 195 18 240 34 31 186 148 135 114 27 245 218 182
58 194 14 173 121 176 211 30 62 242 196 108 11 250 210 50 200 226 211 12
151 121 88 121 231 114 108 186 147 121 12 135 114 168 14 101 121 128 96 151
58 144 14 92 121 13 200 226 87 180 77 121 27 191 12 121 122 186 96 45
43 1 105 103 121 218 160 218 103 66 93 154 19 3 110 173 207 123 223 135
192 50 137 51 108 56 71 14 186 181 151 121 137 219 170 223 203 176 173 182
65 223 239 50 42 186 108 86 83 243 106 121 114 159 121 35 26 252 50 60
137 200 143 250 108 166 212 242 113 14 239 48 103 66 148 131 148 218 2 135
57 31 186 108 69 107 25 135 90 83 231 135 189 255 123 232 121 10 95 143
160 216 122 251 66 245 14 63 163 108 26 100 14 224 208 58 218 158 240 205
253 178 167 186 108 58 248 135 103 111 165 83 244 90 195 0 87 218 50 176
163 174 200 168 26 241 174 72 91 12 99 23 31 114 108 239 160 131 246 121
192 58 32 96 87 78 121 45 122 223 188 251 50 240 102 242 133 230 218 47
58 163 96 161 50 215 186 96 45 160 160 227 96 207 218 96 251 136 242 171
223 50 67 242 35 108 26 96 6 216 113 212 96 113 38 114 22 148 24 108
58 151 121 103 75 113 106 114 97 186 93 152 176 127 242 200 209 190 79 82
64 251 50 50 84 158 141 204 121 200 78 200 96 196 210 121 252 92 82 185
242 127 26 186 241 218 99 14 126 45 114 58 69 137 151 182 134 7 69 152
58 96 121 45 95 196 135 11 241 218 151 121 58 231 50 242 200 96 188 242
247 163 230 38 76 83 182 192 34 59 239 23 230 87 51 215 42 186 186 148
196 186 108 168 99 168 163 75 108 146 16 103 177 203 106 223 189 121 34 39
107 93 120 12 158 218 71 25 203 170 61 14 121 173 34 186 186 108 26 83
163 253 121 106 168 208 58 135 165 231 50 121 114 187 186 158 212 11 250 218
223 50 190 243 208 58 188 223 151 212 241 122 114 205 194 14 96 250 136 114
58 163 253 182 96 251 42 34 95 23 135 121 108 193 31 227 147 185 69 234
58 218 50 251 173 223 250 210 30 242 179 42 247 92 185 197 127 199 244 113
252 200 30 42 215 66 121 218 54 96 231 108 182 151 143 109 110 197 196 206
58 34 200 136 200 200 26 144 83 24 35 108 114 10 102 230 87 96 121 205
176 114 178 59 76 14 186 114 62 173 69 57 190 186 103 212 14 185 0 171
37 212 51 121 42 50 193 87 0 186 181 189 104 209 141 211 70 66 12 230
58 194 14 186 108 141 27 151 201 182 114 69 231 110 23 65 147 135 104 135
121 205 103 219 103 32 96 186 87 96 186 193 148 46 241 174 200 96 42 50
114 121 45 189 182 51 7 16 114 72 77 176 142 1 213 31 19 71 186 108
131 161 144 14 121 187 78 72 244 135 21 233 50 206 48 53 26 186 181 200
223 3 181 203 95 21 14 198 151 121 183 102 242 109 66 121 167 231 121 116
58 107 105 203 12 104 218 50 243 231 242 200 126 208 108 56 209 158 96 26
58 0 92 173 121 182 242 127 200 26 166 1 121 50 72 158 196 108 182 71
91 223 103 239 186 108 182 36 158 195 206 175 231 215 218 96 10 200 96 96
112 38 121 106 186 108 26 42 186 181 142 120 231 121 182 10 103 75 218 242
211 245 74 182 251 152 242 66 2 152 5 242 182 176 151 133 159 105 34 56
58 194 14 50 27 12 158 26 193 207 245 121 248 72 139 121 30 95 127 208
58 107 13 151 170 34 178 182 114 182 230 99 23 0 236 114 178 108 178 185
120 173 251 177 114 158 218 63 105 237 238 114 61 81 0 96 38 211 94 200
24 147 160 182 105 242 87 23 131 211 121 182 184 96 171 242 250 21 66 93
114 27 252 192 251 12 221 137 158 186 181 19 87 231 14 71 186 16 148 61
223 50 189 182 113 32 108 173 59 30 136 114 121 53 191 23 223 205 23 25
51 121 148 17 7 108 113 26 95 242 127 200 41 128 227 123 135 51 182 176
223 108 23 114 108 193 27 239 223 113 159 136 200 251 50 177 248 135 231 27
151 160 227 135 242 82 200 96 96 174 231 152 210 242 178 85 241 178 216 96
205 198 21 14 114 121 131 231 118 27 192 122 26 186 200 26 215 96 6 31
9 103 103 21 90 244 121 50 66 121 7 186 252 192 179 186 186 96 6 170
200 242 127 200 58 147 121 210 220 22 186 181 186 186 181 114 9 135 121 7
242 19 182 192 216 26 50 209 106 113 176 232 135 178 37 242 190 170 66 103
23 53 44 114 108 176 242 200 6 200 96 50 8 103 176 190 0 114 121 26
242 200 186 114 7 87 93 95 121 158 96 96 211 69 106 168 189 182 242 200
161 223 114 108 239 112 153 208 96 121 200 168 108 250 17 108 26 163 174 120
176 223 189 1 96 161 91 160 102 126 45 23 0 119 27 26 26 241 50 170
201 136 114 27 211 96 215 121 138 135 96 148 96 215 96 78 35 118 152 197
