176 144 200 104 144 200 152 242 200 161 50 240 121 182 20 14 215 186 96 96
138 25 135 121 158 28 197 148 242 218 11 207 75 250 223 69 181 147 121 187
185 209 186 93 75 218 242 82 121 200 163 106 114 35 223 144 185 123 62 173
245 211 243 106 175 121 58 23 31 114 114 27 108 178 223 50 123 121 154 2
145 159 16 192 23 0 114 37 121 128 19 231 178 182 187 170 173 243 231 7
197 96 215 186 239 50 33 121 186 141 14 186 108 186 186 147 212 14 234 156
10 186 96 151 214 35 186 186 217 62 168 212 96 250 204 181 87 152 179 25
106 188 178 23 56 87 135 50 30 21 122 42 144 158 50 226 87 93 135 242
86 250 75 26 50 216 122 26 211 41 182 126 114 168 114 27 196 85 22 51
209 96 218 242 151 135 4 121 106 164 66 163 174 6 195 179 120 158 96 38
189 120 103 113 56 2 147 18 114 33 214 162 152 131 114 35 114 186 144 14
201 205 69 212 20 188 122 97 227 50 152 128 134 25 114 236 23 87 121 158
176 144 2 14 108 141 16 35 148 211 75 134 11 254 77 56 218 242 208 186
58 194 14 78 58 223 118 182 38 37 242 148 218 242 158 242 19 42 243 123
114 108 239 114 131 92 150 12 114 121 51 121 158 103 121 106 27 196 108 97
107 227 120 18 46 241 25 121 181 110 120 223 218 38 109 151 87 87 121 223
223 18 50 210 182 94 243 244 121 106 0 186 223 189 197 96 206 38 96 253
176 158 195 178 133 195 200 27 26 26 103 108 148 175 219 235 148 11 215 108
79 10 148 6 143 137 45 140 127 242 82 186 96 121 114 27 235 159 10 215
209 14 223 114 72 121 158 50 26 241 218 244 185 242 243 242 2 200 158 186
58 151 173 121 128 160 121 245 243 123 211 65 121 205 218 71 247 85 77 212
160 215 71 215 65 69 207 218 242 178 109 205 235 211 245 10 12 203 134 204
58 13 185 19 186 186 111 208 121 50 27 114 196 170 231 215 163 205 220 179
108 193 108 26 87 96 95 242 182 196 37 232 96 186 26 241 87 241 189 250
58 13 152 114 223 114 38 215 168 218 192 122 26 30 242 200 108 26 56 218
52 60 121 218 96 121 205 106 114 135 108 192 211 131 252 192 186 108 131 253
160 114 203 158 158 158 113 212 96 231 106 5 215 203 148 98 8 26 93 114
58 158 218 241 218 38 242 170 136 200 78 14 69 51 246 71 164 223 14 239
58 102 195 94 242 48 231 151 231 196 211 87 27 239 26 170 54 58 185 223
161 50 106 106 122 96 42 186 193 163 245 215 218 144 14 5 14 77 27 196
16 186 62 168 191 23 0 123 34 200 208 58 102 208 192 241 87 87 12 95
223 114 190 239 27 104 197 113 108 23 34 200 197 50 152 242 244 121 242 200
58 58 121 111 251 241 182 176 34 123 196 210 226 11 107 25 150 196 242 121
50 242 82 138 252 50 108 178 179 12 252 58 50 216 122 26 170 110 96 96
117 101 11 102 128 31 111 152 130 121 192 173 58 121 156 30 135 137 200 205
125 16 108 182 91 102 241 50 182 217 160 176 160 69 91 244 121 107 16 239
58 107 135 56 254 96 215 65 152 230 6 198 102 137 218 71 122 186 96 96
58 218 182 126 45 212 96 145 0 230 114 121 87 158 147 115 87 185 111 185
114 62 148 26 96 6 95 34 152 109 201 69 102 170 14 136 10 94 200 131
108 193 58 223 50 61 171 83 244 121 35 108 216 122 96 96 112 113 38 96
114 168 230 87 135 21 56 113 152 170 148 144 14 83 254 111 102 242 200 30
37 212 185 241 158 218 241 251 248 134 135 7 158 50 242 82 253 158 50 240
242 21 152 123 114 87 19 167 126 218 242 127 242 179 212 50 46 122 173 245
178 185 87 23 0 83 244 158 242 179 87 14 138 205 121 91 148 45 104 33
209 16 186 108 242 178 163 253 97 234 170 72 244 242 87 70 151 103 121 8
237 114 22 197 12 215 108 178 26 0 14 186 9 207 0 242 189 174 108 23
242 14 26 14 189 106 122 141 174 147 121 181 121 131 135 200 26 241 218 103
252 50 56 96 81 121 182 148 242 66 52 62 26 209 151 123 56 111 121 35
231 195 123 251 50 136 242 14 210 136 114 108 178 160 96 250 108 186 159 72
245 138 96 81 26 96 120 19 186 200 11 207 179 123 184 109 186 144 170 223
37 196 108 25 218 224 96 65 188 253 101 160 144 121 57 121 25 87 27 93
106 69 242 96 231 108 114 96 96 160 148 45 121 114 26 111 35 52 172 181
160 51 158 121 158 194 182 250 50 242 138 14 148 242 144 14 200 148 242 200
91 128 65 69 92 173 58 158 103 23 62 223 230 87 218 135 108 30 242 142
205 10 179 120 186 114 0 107 113 108 174 73 147 150 248 135 209 242 200 186
50 122 158 82 185 173 121 114 187 12 178 99 170 121 220 152 205 170 65 185
20 14 152 221 104 218 241 66 179 123 21 93 58 69 217 215 218 65 212 93
58 218 96 153 114 135 242 200 148 205 121 253 40 138 152 30 215 81 87 87
192 173 251 199 185 148 179 218 135 25 167 182 250 218 96 176 114 27 104 196
195 26 241 87 218 218 182 58 216 158 50 122 245 250 179 174 113 23 62 147
192 144 170 121 167 186 96 19 151 128 96 121 106 187 7 191 87 160 215 102
114 178 239 8 87 223 114 61 170 96 66 87 154 212 14 51 26 50 147 121
121 205 121 114 181 159 251 253 111 182 100 58 223 35 114 117 242 87 0 223
185 194 14 26 108 104 121 114 135 5 164 242 127 104 56 76 83 244 160 14
