192 69 207 218 176 113 201 131 252 186 19 170 211 100 230 87 87 121 91 12
128 158 135 242 200 175 186 106 72 87 121 151 212 96 96 26 170 121 205 223
58 73 113 106 127 104 62 160 61 71 31 50 72 240 152 6 147 17 31 114
141 120 114 235 242 200 27 215 14 50 251 52 7 191 152 221 42 87 186 186
253 121 242 82 186 186 108 57 186 166 144 82 10 41 95 121 151 231 110 106
106 131 51 121 114 27 168 102 252 170 85 159 138 185 152 53 212 245 170 96
223 250 21 1 121 158 96 114 112 72 196 223 195 178 191 240 212 64 108 201
157 234 96 38 170 121 218 71 50 205 227 64 194 14 42 123 12 26 186 142
223 107 147 118 95 176 122 26 181 96 113 27 121 162 121 205 59 122 81 170
58 218 113 113 232 96 215 216 94 21 31 114 108 186 4 185 113 34 31 104
160 41 228 114 168 118 14 114 112 239 50 240 160 240 227 106 168 134 205 241
96 136 118 2 200 64 232 144 162 146 120 231 235 19 107 13 186 108 56 218
188 10 114 108 114 104 50 121 34 240 123 200 136 161 144 179 171 42 247 215
242 189 174 104 71 122 26 96 96 151 73 103 34 162 74 103 108 27 83 242
192 10 151 160 227 3 152 170 173 121 58 251 95 121 222 12 72 23 133 151
58 158 146 121 195 200 96 114 114 108 121 121 114 75 203 127 182 165 14 32
102 242 200 186 141 121 205 153 114 218 216 122 205 69 21 33 219 108 79 20
242 66 199 122 186 173 143 215 121 114 35 114 72 166 121 114 152 114 121 178
160 41 104 135 121 176 160 85 96 51 121 65 144 14 77 26 96 6 212 182
221 112 74 58 216 20 96 58 200 75 230 99 139 191 5 108 148 205 65 0
242 196 46 152 204 96 255 13 83 95 178 160 100 159 114 121 114 223 114 108
158 218 96 71 194 69 212 96 151 240 121 131 230 87 152 234 50 103 87 7
192 186 120 23 53 104 163 253 210 21 1 243 227 242 200 31 114 27 109 42
106 251 148 41 242 138 103 56 12 251 209 218 122 19 13 3 33 173 121 151
242 21 42 198 136 121 136 195 164 115 152 146 123 12 45 118 20 96 67 34
223 114 135 42 112 38 228 102 151 121 158 242 200 76 114 26 96 211 241 25
58 13 136 200 168 118 250 179 218 210 95 66 138 14 80 160 138 96 66 121
176 253 121 209 188 143 237 42 108 26 96 83 160 181 121 243 121 173 10 118
157 189 103 0 91 74 21 8 104 224 189 182 109 209 42 34 4 200 251 50
58 243 227 176 160 245 165 91 244 65 95 66 121 186 108 42 108 110 62 251
10 8 10 215 108 250 218 254 242 82 231 135 242 127 16 248 135 160 189 141
141 223 105 223 186 148 65 0 7 50 5 235 86 126 218 218 71 251 33 87
176 160 172 135 30 76 231 160 245 121 182 250 210 2 26 30 199 163 50 26
58 50 200 242 45 2 127 182 196 130 254 96 250 218 65 218 10 106 186 27
158 251 160 95 231 192 186 108 186 108 133 135 242 14 23 218 218 63 242 127
37 196 96 112 30 175 177 110 62 114 215 110 53 244 212 196 61 121 53 211
221 26 93 185 103 181 121 111 13 158 251 186 96 215 66 152 31 56 96 136
145 66 253 240 200 160 56 158 212 96 108 174 61 80 31 160 246 114 27 186
244 121 231 109 151 158 207 216 122 245 242 14 212 96 42 31 114 108 114 37
160 158 215 218 71 227 50 251 173 121 121 45 158 51 160 121 136 200 73 205
205 10 106 170 23 242 45 23 114 72 123 147 121 248 205 121 121 205 170 121
243 71 252 231 242 14 42 108 23 164 21 106 235 218 96 114 7 200 193 44
58 28 64 212 20 96 250 112 20 114 121 252 192 144 14 14 215 218 96 135
221 26 111 106 105 35 212 158 158 96 50 182 242 200 230 114 254 96 96 250
160 92 242 179 12 114 121 158 96 218 215 218 218 242 179 23 87 16 235 137
138 50 251 33 232 160 175 81 35 178 201 26 182 216 52 173 208 158 50 52
185 103 186 181 21 0 199 91 188 242 113 152 104 253 40 242 21 244 175 121
163 93 218 71 101 207 199 64 163 215 218 51 242 14 114 232 160 239 154 227
245 178 230 45 208 194 14 19 118 14 86 208 253 134 247 218 51 21 80 73
160 5 227 205 217 85 14 113 232 121 96 231 186 48 66 229 235 26 170 66
158 140 83 160 233 92 96 121 178 148 174 104 195 87 200 192 168 212 161 241
163 174 100 170 103 75 218 218 71 209 11 26 170 103 21 19 121 151 184 14
114 12 114 121 245 38 218 71 123 152 250 56 104 130 158 18 142 187 221 168
221 158 209 242 200 6 135 136 35 82 185 181 121 69 219 221 203 103 19 82
158 144 82 81 94 4 121 52 72 95 196 95 212 200 251 149 53 145 99 176
192 186 170 87 170 121 233 218 215 11 232 50 242 87 16 77 248 121 201 121
242 87 39 164 96 136 151 212 196 121 114 87 158 50 67 160 25 121 107 82
223 120 181 114 235 82 106 85 69 212 218 50 241 122 223 186 141 250 30 113
114 121 35 108 245 96 38 96 112 108 242 114 33 87 27 87 14 103 181 81
192 121 223 38 96 45 180 138 171 96 121 45 182 20 143 96 218 204 96 210
10 245 92 253 14 51 209 148 242 200 186 136 35 203 67 120 160 243 173 35
163 107 200 78 46 7 113 54 96 38 178 148 112 205 58 120 231 231 242 12
223 114 108 186 186 108 207 12 16 21 221 16 46 0 121 92 200 96 26 103
242 148 215 96 242 21 240 221 75 108 127 219 93 45 114 27 104 14 203 170
