69 244 21 240 159 242 0 41 182 216 122 102 94 135 211 223 202 205 96 121
243 87 93 135 242 179 12 114 223 135 21 113 106 122 81 56 209 173 121 199
176 144 14 121 114 121 114 72 121 182 214 42 50 207 236 12 242 200 51 123
245 151 121 80 182 216 122 96 96 151 96 231 245 231 146 160 227 223 223 218
151 160 241 218 96 121 205 242 200 2 179 218 113 212 114 96 14 151 158 158
58 107 114 217 96 38 96 96 218 51 121 158 158 77 108 243 212 251 179 218
58 102 128 245 218 113 187 227 190 96 127 206 126 82 186 197 221 209 76 83
253 121 163 40 193 7 218 38 135 242 208 12 221 207 87 214 212 196 1 158
161 26 103 218 123 232 182 8 176 242 87 121 159 114 168 170 182 160 131 242
24 16 108 250 218 210 211 87 216 186 221 50 67 39 164 138 114 114 23 218
221 38 50 251 205 82 52 45 114 38 10 26 193 11 121 186 203 158 211 184
160 8 57 48 45 207 164 176 85 96 96 250 91 103 34 200 50 163 144 200
221 251 50 190 104 121 195 238 178 245 131 190 30 127 121 200 242 82 201 83
163 253 10 11 111 104 245 126 114 223 223 186 108 19 196 126 218 96 50 152
35 192 31 113 135 216 122 26 21 255 197 185 160 185 215 218 242 87 72 23
145 159 121 114 19 215 121 58 218 41 103 66 199 219 50 80 122 186 50 26
23 87 78 231 223 14 19 196 112 38 209 69 242 99 77 236 26 181 87 111
163 253 10 242 200 26 103 0 66 185 34 2 200 186 108 250 9 99 23 170
64 161 136 218 50 242 208 242 219 80 14 170 34 215 218 218 71 122 191 205
145 85 79 200 250 26 152 92 29 122 114 207 52 153 159 210 203 243 103 123
24 16 121 136 121 209 69 215 91 245 215 121 200 96 96 218 58 167 186 186
102 158 186 144 200 186 96 14 231 97 135 211 215 195 94 104 200 78 182 102
185 230 136 178 123 50 27 121 37 70 42 151 103 91 209 190 189 58 251 87
185 215 81 58 64 209 251 231 34 0 217 142 253 7 50 103 111 117 121 194
242 200 26 207 136 114 27 241 87 194 31 14 210 31 96 50 122 96 12 95
16 235 30 83 141 92 150 191 154 236 50 166 251 21 179 83 158 171 66 66
107 50 216 122 221 26 144 104 218 96 171 244 214 203 209 233 114 27 96 65
127 229 174 26 93 175 30 121 182 200 91 244 242 119 114 112 34 123 37 242
247 53 126 38 107 208 79 121 182 216 122 26 208 122 186 158 147 106 178 48
221 50 26 160 123 147 212 14 118 170 11 81 218 111 104 196 168 200 226 209
58 128 103 123 66 253 40 21 91 37 103 102 153 114 108 250 108 42 15 113
253 121 205 121 35 57 121 45 182 4 158 242 179 218 113 123 25 248 135 135
107 50 190 14 148 216 122 50 26 103 21 226 1 158 65 87 135 219 246 118
50 102 128 245 102 137 91 144 200 42 243 231 34 131 253 94 114 235 114 48
158 209 106 251 21 63 1 121 182 58 135 219 200 37 242 250 218 50 242 182
54 182 72 95 31 250 252 192 123 210 138 209 152 87 16 243 108 1 181 36
102 137 148 211 205 247 227 114 121 114 87 239 87 78 163 176 33 9 103 127
138 107 13 218 210 238 48 26 96 215 96 174 251 196 204 196 26 186 207 128
16 212 131 135 230 39 87 194 23 87 14 121 18 234 3 50 67 24 141 215
58 196 108 178 212 121 200 197 75 26 131 50 223 87 14 14 48 103 181 53
120 28 200 72 104 77 218 65 242 200 26 2 254 96 66 172 58 148 211 175
192 251 219 218 71 106 161 144 219 252 102 163 151 178 243 123 54 126 16 186
167 121 178 121 248 74 5 27 158 160 241 87 111 121 173 58 33 75 66 182
242 208 242 87 14 172 75 108 250 108 108 221 26 66 234 189 122 141 32 96
24 200 96 144 16 211 2 96 66 121 57 87 121 58 174 151 103 219 163 23
192 168 218 51 240 136 114 38 160 0 185 111 161 242 114 134 50 182 216 91
51 16 242 200 161 218 242 200 114 114 5 114 135 108 133 218 96 96 38 174
96 151 45 120 121 186 96 112 38 66 42 176 50 106 178 215 91 0 23 101
234 170 14 242 83 185 152 196 158 223 123 62 104 50 33 48 53 148 108 11
114 223 114 114 186 186 181 0 121 226 227 152 127 24 16 21 56 71 240 62
160 212 14 14 215 108 250 236 200 52 52 112 210 218 242 127 82 178 102 136
58 18 240 105 227 0 186 203 142 160 141 160 227 23 31 135 242 200 66 34
151 121 97 163 174 100 182 242 85 250 9 219 12 114 135 231 224 114 108 36
243 76 208 62 158 96 218 76 201 242 127 82 174 162 14 121 12 218 235 242
201 37 151 82 77 212 242 127 21 21 5 168 203 123 90 233 218 85 14 21
193 46 23 72 123 87 121 253 210 30 211 111 82 50 83 41 1 102 58 184
160 104 135 128 171 139 160 231 210 182 241 77 209 16 0 158 96 26 50 108
245 218 50 72 212 96 38 196 135 204 96 50 46 164 106 23 31 114 104 135
121 57 141 85 245 188 71 122 186 148 11 30 113 200 163 50 75 170 121 103
163 85 96 231 146 82 223 50 173 34 193 126 234 14 80 190 23 51 251 152
163 107 13 99 108 26 96 215 135 136 114 108 173 121 10 152 74 23 114 35
193 46 16 61 142 187 131 239 64 137 151 96 250 242 179 218 102 164 135 30
209 245 177 62 90 121 194 14 96 42 50 46 14 215 9 239 158 158 26 50
96 2 200 1 234 61 113 14 121 248 238 114 160 103 50 80 58 35 212 94
