97 108 250 221 94 76 83 170 14 119 121 200 248 223 113 181 203 90 121 159
163 13 123 105 242 200 78 58 241 135 123 123 22 189 174 218 232 70 152 141
242 200 83 26 103 114 205 121 96 188 242 200 163 26 179 96 174 114 186 181
114 14 178 99 23 31 122 186 188 46 16 231 160 158 144 14 233 50 35 108
252 50 200 192 186 108 226 224 200 209 211 0 208 87 194 23 77 110 243 16
223 3 51 10 45 23 240 203 159 119 50 108 164 163 12 218 71 206 122 107
223 50 72 152 147 187 223 251 135 114 27 134 31 113 123 248 135 197 108 30
192 50 72 96 231 34 146 182 38 138 113 107 25 142 148 81 152 24 147 158
50 108 186 217 103 170 85 136 204 87 152 221 207 251 66 173 69 96 199 135
243 186 244 189 152 192 73 35 114 100 142 211 152 210 127 242 127 109 151 121
161 200 50 251 173 33 114 130 114 121 158 26 241 25 121 96 242 200 93 66
58 135 19 42 218 210 200 201 50 251 173 34 200 250 208 192 51 58 13 87
50 26 91 92 114 223 159 23 31 135 121 114 164 56 166 160 189 146 28 182
74 194 67 99 23 38 35 147 170 121 92 242 87 87 19 186 186 203 98 245
192 223 247 227 174 218 242 190 20 14 215 26 93 170 231 207 21 113 106 56
58 16 215 175 164 10 6 128 218 106 223 151 182 26 148 218 96 218 210 87
223 114 135 200 105 242 138 110 244 248 65 23 0 218 204 241 87 121 114 72
58 196 26 3 113 4 114 181 223 69 185 230 121 45 114 110 218 123 232 242
10 186 114 27 51 143 237 19 182 244 7 135 136 85 242 127 178 243 99 160
201 91 21 232 96 231 110 198 12 99 22 58 96 76 189 22 170 176 85 159
158 158 50 251 122 250 50 50 105 242 242 200 215 218 236 96 71 50 158 146
163 205 50 223 114 224 160 170 121 106 211 131 211 170 160 103 23 123 231 87
195 200 210 58 24 135 242 200 136 114 7 135 114 54 141 111 115 219 87 10
237 168 114 114 27 223 35 230 87 218 103 241 66 231 148 26 83 231 123 160
242 200 186 212 121 218 65 209 223 0 19 96 96 99 37 242 179 10 38 223
161 221 50 251 182 38 34 123 21 106 122 13 178 87 96 107 135 242 115 152
58 103 19 135 21 122 186 147 7 52 209 158 168 251 66 245 218 245 211 14
114 235 26 241 25 121 159 108 148 245 107 135 242 73 53 215 25 121 242 14
192 251 42 114 114 121 114 121 223 186 0 220 170 18 64 148 128 135 242 200
160 111 196 112 94 182 121 105 223 23 12 95 31 14 151 163 133 58 159 161
158 144 82 90 76 23 158 173 173 69 158 158 135 242 151 182 182 51 185 159
58 92 182 96 151 35 135 27 204 138 107 14 130 182 141 244 66 181 12 50
151 121 188 143 168 95 25 248 223 50 21 148 218 51 240 121 115 54 51 67
100 151 251 32 241 99 27 114 38 96 174 239 114 172 7 215 218 204 96 122
175 223 50 27 244 245 58 103 135 242 200 168 170 179 107 24 108 159 174 14
158 118 160 159 121 223 3 12 186 220 74 110 0 147 121 182 216 134 160 65
37 196 96 253 121 120 212 71 252 24 108 11 113 12 100 96 51 10 158 200
253 186 186 42 121 243 123 12 182 232 242 14 158 135 136 121 114 114 61 66
215 96 26 194 104 144 14 14 215 42 233 26 96 42 215 136 241 127 200 96
245 215 50 56 50 82 193 243 185 142 96 121 35 52 52 114 229 113 25 212
58 174 136 253 252 174 227 38 218 241 251 189 25 135 91 95 196 22 173 251
154 245 131 200 242 200 230 45 14 87 21 152 51 121 28 221 78 96 34 136
175 137 200 78 114 23 182 212 14 10 102 197 96 34 174 14 19 107 13 87
92 20 244 121 223 135 19 50 236 16 23 136 114 121 215 69 179 218 118 126
163 205 115 241 106 108 178 236 121 46 147 100 37 66 42 52 73 91 136 242
50 27 194 138 218 96 51 121 195 240 114 138 135 121 114 58 191 56 96 231
114 27 37 160 242 66 240 190 109 121 151 121 182 242 82 242 200 152 128 123
245 192 184 66 121 186 186 108 85 219 91 244 177 23 164 177 173 223 242 127
138 158 201 154 25 114 134 196 26 170 103 120 212 96 113 212 212 51 160 215
189 251 50 241 122 245 96 96 113 176 50 182 141 182 242 87 82 186 96 181
228 200 253 96 52 151 223 135 21 146 31 241 25 65 200 22 192 253 251 50
96 144 14 186 163 112 114 58 251 77 136 159 205 121 106 114 114 72 121 251
58 197 203 225 242 127 200 131 106 131 114 27 186 108 108 211 114 158 34 200
137 158 108 183 151 147 103 218 103 113 212 227 247 211 48 33 12 26 96 91
242 200 137 183 200 251 63 14 218 38 194 160 96 121 181 211 60 121 96 50
252 4 50 181 252 197 96 165 14 12 114 38 96 239 50 72 231 240 121 35
201 230 46 87 121 121 16 213 83 199 219 253 121 209 10 61 143 253 182 22
97 218 113 123 171 160 42 87 223 14 0 111 121 96 38 195 145 114 27 215
187 223 114 121 253 185 189 179 218 56 113 108 26 96 85 229 219 184 96 151
163 112 215 108 42 201 244 92 114 58 14 200 108 221 158 158 158 146 135 21
65 103 103 103 186 181 135 2 200 186 181 66 215 121 205 34 94 200 158 245
158 26 96 66 218 50 148 205 65 19 148 26 96 87 14 173 121 253 251 10
106 131 106 251 231 108 104 208 230 131 135 114 94 121 96 50 200 242 82 196
24 108 34 200 51 121 50 189 87 209 16 189 123 64 193 144 7 16 102 242
