242 200 148 158 190 135 20 69 253 121 16 212 185 111 104 96 45 201 114 108
58 107 16 142 102 136 242 14 186 193 159 136 14 168 82 27 26 50 251 23
50 11 102 2 121 192 173 86 251 174 114 223 186 14 247 203 38 96 121 173
231 146 16 109 121 242 204 201 212 96 38 106 223 50 34 59 215 121 205 134
205 10 23 218 212 102 50 72 240 231 108 11 215 236 66 199 151 95 254 189
192 136 50 108 56 121 96 121 18 94 29 36 121 137 200 200 24 16 160 8
160 8 108 26 96 151 121 107 175 48 113 181 87 223 35 186 114 72 69 73
231 160 92 120 16 160 110 140 171 144 19 93 96 249 14 234 200 63 215 50
58 107 16 114 121 108 207 30 127 178 120 12 135 200 251 21 189 245 250 176
58 252 252 26 50 186 217 121 154 80 158 242 200 35 114 27 50 108 251 173
10 245 62 96 73 113 14 123 62 26 151 147 121 34 184 96 50 22 184 212
231 223 114 14 114 232 37 242 95 182 113 106 27 131 200 73 148 50 84 65
146 28 148 235 242 191 121 221 164 218 113 123 7 114 13 150 196 192 114 108
245 102 2 200 96 58 151 121 182 121 182 114 176 156 189 138 186 234 170 224
102 103 219 186 111 178 51 158 91 194 138 69 148 96 251 66 207 114 35 20
37 148 22 75 85 189 152 23 128 35 160 211 136 159 114 22 58 162 178 207
24 16 192 26 50 148 91 23 197 50 20 141 212 96 251 66 242 200 251 209
209 10 58 58 77 39 176 50 87 247 241 223 186 26 241 87 209 148 178 11
253 121 146 86 168 93 120 173 205 205 121 114 27 26 147 21 66 158 218 20
242 120 83 24 193 131 45 122 50 251 107 209 0 137 200 168 114 195 122 26
158 209 242 82 50 197 176 33 23 53 51 121 242 96 210 136 200 30 222 251
161 242 99 38 9 114 27 131 106 27 96 186 35 192 186 189 19 148 91 218
221 208 50 135 103 242 127 200 141 28 6 120 68 122 186 114 52 108 245 173
245 198 121 238 205 108 159 113 14 178 97 223 50 14 83 12 99 38 209 170
47 121 112 215 136 192 113 7 135 114 235 26 170 87 103 34 184 109 136 242
242 200 26 233 212 254 108 90 120 92 147 103 135 26 50 5 235 86 182 207
163 174 14 141 218 176 64 243 76 212 121 128 134 35 102 181 12 7 242 203
138 122 229 250 203 99 103 114 121 192 148 96 188 65 176 146 69 248 135 210
195 182 96 135 82 30 170 138 113 231 23 144 82 185 121 120 150 221 186 108
74 163 58 0 177 130 87 158 96 127 251 57 23 95 22 121 120 39 87 135
65 189 121 38 69 250 179 218 248 242 178 23 31 122 186 186 108 221 52 65
114 178 106 240 121 121 58 196 170 96 121 114 223 186 135 200 178 18 50 103
196 108 42 108 26 19 63 1 103 57 186 108 26 103 108 250 218 251 50 35
176 50 5 75 203 223 200 152 20 212 127 104 232 244 114 37 152 92 135 28
158 50 251 56 242 12 114 163 174 72 182 113 106 122 239 104 218 215 250 50
192 14 200 250 223 0 220 96 14 109 186 181 0 12 242 127 50 0 148 75
205 125 30 134 141 0 177 102 163 56 96 6 136 121 135 242 66 209 16 231
114 178 173 182 10 151 158 18 227 50 122 42 218 50 251 121 158 209 26 21
91 185 163 62 96 136 200 112 54 96 136 200 78 14 121 193 118 108 133 114
212 102 117 182 216 122 242 148 65 176 151 121 120 121 218 242 182 176 106 187
58 218 96 134 136 38 218 51 121 128 242 151 142 243 243 160 34 254 96 218
96 200 215 28 158 96 112 250 108 46 12 158 50 242 12 114 50 21 109 31
57 173 121 58 223 101 102 2 138 138 131 158 96 50 251 209 247 170 211 56
253 182 58 79 242 114 108 26 56 83 19 245 136 200 96 58 96 38 50 240
24 16 230 121 178 242 200 96 186 108 173 121 159 96 112 5 77 135 242 127
221 134 31 185 131 212 96 122 139 212 224 104 96 114 178 96 34 26 241 25
50 103 241 96 231 181 242 200 253 96 250 34 200 205 235 96 186 70 56 19
10 212 14 107 135 200 58 233 242 110 182 121 78 135 242 87 76 110 104 112
205 223 114 114 35 108 178 192 92 143 215 42 12 192 186 108 201 186 144 14
74 223 131 50 242 82 164 209 189 87 87 121 118 127 121 127 23 31 50 56
102 245 50 251 96 109 186 186 186 148 182 58 114 72 95 30 133 114 168 203
10 176 215 210 182 38 106 200 96 178 18 26 144 170 100 62 158 34 2 179
96 239 160 245 211 94 114 121 2 82 50 1 248 135 86 114 108 110 147 121
223 114 181 203 148 218 210 182 182 215 173 251 253 247 252 192 242 85 203 50
102 163 218 109 121 158 237 41 210 182 182 22 96 176 215 153 201 57 114 186
79 121 58 182 45 8 250 204 93 50 57 242 87 231 14 225 123 166 114 108
221 26 228 218 11 51 218 218 51 121 128 96 231 135 242 121 151 121 57 39
58 107 135 166 20 196 244 242 95 56 127 242 82 186 108 239 242 150 179 66
245 92 231 207 152 46 218 38 58 0 27 196 108 133 176 148 182 176 107 16
58 12 158 215 112 12 215 170 81 182 242 20 96 121 201 35 108 250 221 52
120 16 108 193 11 242 200 143 96 50 251 167 252 219 184 121 182 151 11 104
37 20 96 66 200 22 205 223 18 203 20 14 114 114 27 223 186 61 170 121
10 248 65 160 96 2 144 14 186 193 114 62 148 121 209 10 26 103 19 186
242 200 148 205 121 114 108 26 111 87 7 14 12 203 170 243 243 223 170 177
