81 205 34 55 182 45 86 186 200 186 148 42 241 87 96 84 113 120 121 182
106 114 121 95 121 163 87 223 14 44 27 150 179 62 128 123 231 128 242 87
192 114 114 168 186 96 93 118 178 141 174 72 123 12 104 134 127 231 2 248
114 37 23 32 218 204 232 54 64 7 38 94 242 200 96 0 26 50 35 45
138 242 82 16 121 197 121 242 114 23 58 121 114 223 241 174 243 225 223 235
175 58 34 80 121 65 114 13 30 123 66 58 241 182 245 50 0 212 158 146
37 41 106 144 148 182 51 184 36 242 3 135 136 114 135 135 242 200 114 205
114 130 186 186 114 223 114 135 200 20 244 172 212 134 170 23 245 4 121 136
160 92 135 242 173 200 137 186 200 16 108 219 26 6 147 121 103 48 128 191
253 18 178 147 121 199 219 219 184 186 186 181 23 144 82 121 39 181 223 35
221 50 251 122 26 96 45 121 45 182 216 58 50 21 240 182 46 200 83 245
192 186 148 92 173 103 23 56 121 138 158 96 218 96 121 148 42 121 182 242
114 203 245 102 183 58 96 174 186 96 247 141 194 42 34 184 96 12 200 206
243 102 137 118 148 211 6 209 193 198 23 136 233 66 95 34 254 210 144 208
253 121 96 156 218 191 121 242 2 14 23 154 242 45 165 173 188 242 104 12
58 252 51 212 96 107 113 212 64 121 39 167 186 186 148 81 62 71 186 108
242 96 111 165 182 51 23 218 113 212 45 160 34 185 34 170 242 127 242 23
242 200 193 31 11 58 159 3 77 22 96 29 31 219 96 187 26 215 87 241
74 11 83 192 108 34 245 146 87 168 114 239 238 212 104 96 121 6 137 184
141 146 135 114 27 76 20 215 136 200 186 96 50 152 114 108 26 134 201 175
158 96 58 167 144 83 121 96 186 114 148 223 114 87 159 121 223 151 121 248
253 121 242 241 174 239 193 121 97 96 121 58 159 147 121 193 212 223 189 174
74 10 114 27 108 185 23 31 92 231 34 87 24 16 193 242 200 51 87 121
121 158 144 191 50 108 46 212 121 205 121 106 187 223 230 87 114 96 87 7
192 186 96 65 189 223 186 93 108 26 186 50 186 181 121 234 254 96 96 235
121 163 176 160 233 51 56 246 50 87 96 121 251 173 147 223 200 166 127 242
176 100 123 123 152 179 184 22 251 123 66 121 182 242 87 14 230 182 201 114
96 106 96 74 27 108 148 148 205 14 121 218 96 173 242 208 251 229 50 44
163 99 186 108 26 87 215 121 96 231 109 186 96 205 141 218 71 122 114 223
158 168 114 38 170 159 121 0 185 0 135 242 170 121 119 182 216 144 48 113
37 135 26 186 30 178 223 50 2 34 87 16 189 207 21 182 52 74 58 194
245 218 118 117 197 50 62 173 199 121 209 74 90 26 123 91 0 242 200 108
50 197 179 135 148 114 27 192 65 23 208 139 68 212 246 208 186 200 96 26
158 201 242 2 14 38 159 209 231 69 172 123 135 37 113 152 163 26 169 21
158 106 114 7 193 212 96 223 45 1 230 45 36 247 250 245 234 170 2 200
121 103 50 87 16 32 19 14 23 87 218 241 87 158 245 243 79 121 182 63
158 59 242 215 218 113 123 135 121 9 170 103 101 108 160 85 118 12 135 242
157 151 231 121 248 223 218 38 51 242 12 114 235 242 21 106 201 46 241 174
58 128 71 122 69 50 148 182 242 127 182 242 212 14 50 173 242 182 113 66
37 199 175 173 10 212 232 96 205 250 12 14 205 65 230 87 152 141 248 223
114 108 186 23 62 173 121 161 192 144 82 186 186 170 121 34 182 33 130 87
37 151 106 197 236 135 114 72 122 170 121 181 121 39 136 114 187 75 34 87
99 201 231 146 88 14 186 186 23 61 147 121 203 14 8 198 243 103 102 243
192 227 159 200 109 242 114 16 242 14 251 201 136 242 82 251 121 7 186 111
151 121 2 14 14 121 182 182 215 215 218 113 123 123 178 160 227 107 50 10
231 158 16 235 147 222 251 199 121 120 242 106 242 200 208 58 223 159 77 137
192 186 148 255 121 218 242 182 127 82 114 37 110 243 142 175 32 209 186 148
253 186 96 26 144 14 92 82 164 50 38 50 87 14 189 98 178 204 207 52
58 181 30 103 121 218 226 72 135 28 182 142 71 16 69 123 62 146 182 22
163 57 74 23 223 247 141 85 219 152 221 65 34 242 200 26 170 2 179 182
114 178 186 108 26 163 186 186 212 189 141 224 103 135 103 121 87 96 6 128
74 223 159 186 186 211 202 51 14 201 108 121 96 106 5 186 186 186 241 138
194 14 186 186 186 148 96 231 182 103 242 189 103 108 255 100 253 209 219 151
252 200 65 23 197 24 16 29 251 209 16 243 33 35 108 182 160 242 45 87
58 21 108 242 210 30 22 121 23 35 108 178 114 121 182 38 169 152 223 135
35 108 186 108 241 251 66 218 51 104 135 195 184 112 51 76 244 121 7 14
96 121 112 114 38 253 74 136 175 135 123 24 123 62 242 231 0 96 160 245
242 200 44 136 12 242 126 14 186 186 181 211 241 105 96 215 141 87 158 96
97 91 121 45 242 200 203 222 219 163 219 218 103 229 228 200 186 14 186 212
242 87 14 77 26 3 181 121 114 37 243 177 37 128 182 96 176 212 96 50
96 33 85 1 231 223 19 245 179 218 160 242 82 16 184 14 23 237 123 23
96 42 108 182 46 189 2 200 42 168 182 38 230 114 14 114 23 208 58 218
58 194 178 110 188 93 135 200 168 200 226 231 251 209 210 182 219 22 184 141
58 194 14 186 96 118 182 215 218 215 212 112 50 71 122 223 186 181 0 163
