50 122 61 102 121 99 223 230 45 23 152 189 23 31 114 38 253 121 35 9
107 25 131 223 87 190 115 223 215 174 131 242 203 164 25 159 251 152 245 108
74 194 23 114 12 64 108 26 216 209 197 51 236 232 14 121 243 123 242 200
96 118 200 205 160 227 141 212 107 14 66 73 71 75 39 26 207 95 66 212
185 34 133 175 12 114 187 108 114 121 176 181 50 182 102 1 65 160 1 126
37 151 236 121 93 99 101 244 14 77 148 12 52 253 218 96 186 114 14 123
211 192 108 178 173 240 114 121 121 58 106 14 10 99 152 42 48 103 108 221
58 194 14 170 242 127 82 56 240 51 159 121 80 25 126 114 168 114 168 151
245 234 2 14 84 14 109 216 122 26 148 96 231 242 66 174 114 230 182 242
57 239 94 104 231 58 242 200 112 108 42 16 102 199 173 121 97 242 200 250
245 153 215 151 160 185 111 152 185 230 6 236 9 48 121 50 182 241 121 182
144 234 127 94 30 95 88 14 121 248 65 198 20 152 31 114 56 135 242 170
58 96 200 111 95 14 121 96 12 72 128 158 96 192 218 96 42 50 251 173
102 223 251 7 3 50 0 24 147 121 38 96 151 58 176 191 75 17 170 9
245 65 182 192 210 136 200 210 63 136 45 164 135 21 33 16 247 37 242 82
58 13 3 50 95 179 32 186 50 110 31 101 244 95 193 11 62 94 21 67
178 211 173 242 200 42 12 121 122 108 185 26 159 77 90 161 26 93 120 85
242 151 182 242 182 216 96 50 56 158 218 218 176 50 108 9 170 62 210 110
221 26 170 111 78 148 110 177 114 195 108 94 231 72 160 185 148 182 41 144
189 50 209 209 94 54 175 77 200 26 96 170 103 170 242 200 210 185 143 74
24 96 50 190 197 195 197 7 216 122 134 117 121 106 76 215 159 190 251 190
114 114 223 186 108 26 108 179 179 85 245 170 62 178 125 184 139 56 96 58
177 193 178 160 223 114 114 223 230 121 201 205 231 118 108 52 226 96 216 122
176 200 230 159 121 151 106 14 247 139 133 218 210 182 242 14 159 27 16 50
205 192 31 114 211 196 174 114 187 211 176 242 152 203 0 135 182 26 96 112
114 134 212 242 14 85 139 104 200 209 231 67 230 189 182 38 96 151 121 114
160 148 60 65 146 182 242 127 82 93 114 135 242 200 108 26 140 42 200 95
74 189 189 251 231 108 157 88 66 74 103 21 209 69 107 252 192 218 58 121
40 11 154 165 50 84 160 164 135 71 111 193 11 230 182 242 200 109 18 241
186 32 96 215 102 163 218 191 121 205 35 114 114 87 121 242 200 186 182 114
96 107 102 80 71 186 16 211 186 108 148 218 96 50 251 231 135 130 87 158
10 108 104 56 92 242 190 62 173 194 182 182 215 215 21 241 30 170 32 121
192 186 108 178 201 16 170 243 177 227 242 200 216 122 96 186 26 241 218 50
201 212 14 185 14 87 96 66 121 159 242 200 180 215 186 215 96 42 144 14
58 223 3 159 114 27 108 121 178 94 83 243 188 30 171 12 72 12 227 50
192 80 251 87 19 14 121 114 134 96 231 121 99 65 216 194 14 169 251 50
74 198 178 121 114 27 207 52 114 122 186 147 121 209 10 92 242 87 86 22
242 127 3 2 218 71 50 94 242 53 193 114 186 108 26 93 99 215 108 0
58 27 186 108 44 114 114 121 35 114 72 87 23 87 91 240 223 50 105 242
245 74 182 237 197 173 185 65 242 108 26 242 152 66 174 152 15 102 242 66
161 137 45 0 96 218 108 182 186 39 179 71 113 230 87 7 212 185 111 182
245 96 83 81 41 251 223 99 65 189 174 200 96 26 241 218 96 50 72 158
114 200 96 114 186 186 108 186 186 215 6 21 56 21 240 121 182 178 212 121
151 121 182 189 174 170 85 96 96 118 26 186 26 152 245 53 11 51 51 240
96 62 64 32 242 186 186 181 189 96 6 209 143 158 140 121 114 9 58 34
10 128 160 45 242 110 178 96 151 201 141 182 113 250 123 200 253 186 203 106
96 201 186 131 135 121 248 135 242 138 87 118 178 63 207 113 212 121 218 96
160 92 182 172 215 112 232 29 122 186 193 159 211 23 223 96 220 96 114 135
74 243 21 66 96 231 66 73 215 121 181 87 96 66 83 242 200 182 22 12
242 200 106 97 174 158 174 104 42 114 108 67 223 186 108 193 178 98 223 114
201 108 42 247 203 170 14 6 21 87 152 135 52 147 121 50 177 96 38 205
242 200 42 243 45 114 121 96 96 114 186 186 96 113 212 65 190 5 75 228
151 160 111 185 189 77 240 121 128 244 163 250 210 127 208 93 87 96 66 111
192 194 14 96 205 114 26 50 241 0 135 109 52 114 235 242 230 99 151 103
113 13 200 105 131 103 123 123 134 94 200 27 210 182 151 121 26 72 182 223
97 148 218 96 73 96 113 23 56 123 95 121 182 188 242 127 182 110 48 200
120 192 221 75 179 66 242 87 152 82 185 253 13 114 121 148 96 220 72 240
58 218 242 127 82 162 170 2 200 46 87 135 12 242 152 2 144 14 83 121
240 143 227 18 242 66 87 168 114 84 85 148 218 242 179 218 71 24 173 12
114 227 203 147 121 160 103 111 104 77 108 121 182 15 242 126 114 195 108 131
50 243 242 127 127 242 62 26 181 62 26 92 208 223 218 148 240 121 96 13
58 245 177 173 178 52 144 121 27 218 218 34 152 102 151 121 82 242 200 78
65 105 96 121 209 242 14 186 186 108 152 127 242 208 223 174 186 170 54 96
192 148 96 23 164 123 135 178 87 19 242 200 168 230 45 195 31 114 38 120
