96 121 151 121 121 106 143 215 96 218 242 48 72 121 122 141 253 121 35 200
243 177 99 182 58 16 114 27 114 58 96 50 5 164 135 242 87 14 209 50
31 245 235 170 150 242 218 63 45 207 121 218 56 34 57 87 23 87 248 158
151 121 151 243 158 142 26 186 96 113 159 121 97 42 186 111 3 50 223 186
50 122 9 23 182 4 182 38 18 16 189 223 14 123 204 135 230 114 27 235
163 12 242 0 192 186 108 215 96 170 12 135 48 211 14 114 211 2 14 214
245 126 151 121 237 186 108 173 10 207 113 152 230 85 113 253 65 103 111 1
145 176 178 23 31 218 191 242 133 178 73 147 221 134 127 224 50 216 122 247
43 216 122 221 80 152 31 148 158 96 69 91 147 244 160 8 216 122 91 35
160 102 144 158 103 95 178 57 86 186 181 137 6 193 34 136 96 12 114 223
170 121 4 178 219 223 7 135 200 108 26 83 103 230 104 92 182 26 215 87
58 194 14 64 135 193 120 231 94 134 186 131 127 240 121 121 248 253 121 96
58 18 144 14 10 20 96 186 96 50 1 185 128 182 223 151 212 10 212 245
114 235 205 108 141 143 163 218 96 186 9 242 47 31 135 182 9 242 140 248
163 102 223 45 121 253 251 74 136 114 108 173 34 136 114 45 67 242 108 242
242 200 193 178 85 126 218 71 108 250 181 87 75 186 93 93 114 121 121 178
242 200 83 185 196 14 170 14 121 96 118 186 108 173 242 178 251 73 218 238
10 38 174 114 114 189 163 215 96 69 158 96 21 215 131 242 42 136 200 207
102 58 107 25 21 251 50 182 26 96 66 80 31 152 222 227 174 200 218 231
10 186 242 200 186 160 11 142 231 232 246 29 87 135 114 168 218 51 215 96
177 160 96 101 219 137 218 141 14 173 251 10 106 235 188 182 20 232 182 71
151 147 121 243 135 71 241 218 34 100 242 14 181 0 163 8 114 121 223 0
145 38 96 69 20 189 108 182 100 176 173 58 121 186 37 98 153 203 248 135
91 158 96 235 114 144 200 158 140 193 82 46 148 242 14 187 114 72 121 227
138 31 42 21 152 170 223 231 69 215 135 141 146 135 82 134 154 182 182 161
163 253 251 66 22 172 187 56 102 57 121 248 50 26 73 6 143 87 186 93
58 13 194 231 199 242 127 82 58 205 96 173 58 176 200 253 194 147 160 158
158 242 179 223 82 218 250 50 251 121 176 106 193 168 114 108 114 211 121 186
58 160 181 136 242 241 200 209 218 51 121 190 222 173 65 182 196 182 151 103
201 241 3 200 253 121 122 26 186 96 159 205 242 200 94 30 250 87 96 121
40 231 33 208 58 33 103 136 168 113 212 100 223 135 114 27 108 26 216 243
161 50 143 189 203 179 25 87 23 121 114 242 12 14 200 58 103 79 242 200
114 218 242 82 26 103 181 87 186 186 93 35 108 173 242 96 66 116 93 135
151 200 96 253 121 200 96 50 251 248 135 242 20 211 186 211 202 218 242 200
43 248 72 122 186 103 164 218 80 121 114 235 30 23 31 108 178 109 231 50
242 156 190 216 122 96 47 31 105 67 173 233 121 50 160 227 123 52 33 168
201 26 92 242 66 2 138 175 76 158 182 242 219 210 192 186 50 110 0 178
253 121 45 23 31 122 223 113 212 182 250 176 97 16 231 160 96 192 31 50
192 237 16 96 186 245 243 37 242 151 147 121 243 159 178 242 200 83 117 121
185 135 114 9 121 194 200 56 96 96 50 215 96 185 253 185 73 111 182 20
121 97 228 218 92 64 160 242 215 218 113 142 131 223 218 218 210 131 114 33
92 138 50 165 182 19 51 186 181 96 186 148 61 186 170 14 114 76 186 148
160 65 170 159 122 78 121 50 21 165 109 186 151 121 186 114 200 6 121 185
58 226 31 227 208 10 172 118 42 87 186 23 62 221 87 102 211 122 174 118
50 223 135 211 219 75 252 253 50 111 242 14 12 114 104 7 50 182 12 242
106 223 96 50 194 212 122 250 38 96 50 0 121 114 178 114 114 108 23 136
92 170 187 211 175 84 242 203 152 221 19 107 170 21 56 170 87 121 121 158
158 148 112 223 50 190 108 105 45 0 197 50 206 122 136 114 87 41 158 96
163 78 58 58 58 102 128 190 87 121 23 135 211 114 35 186 108 121 96 118
223 50 189 176 95 152 135 242 113 121 69 199 231 87 121 200 96 251 208 223
120 219 203 106 73 142 66 30 81 23 128 96 231 176 160 164 135 121 242 191
231 137 26 148 241 120 31 114 108 131 163 251 87 96 241 253 215 209 251 173
163 253 56 158 241 218 171 231 108 94 242 196 45 178 87 96 242 234 251 30
107 105 105 240 186 212 14 190 245 126 16 59 106 164 113 123 123 62 71 197
106 114 4 13 121 170 82 51 168 1 186 0 1 205 209 77 7 219 253 24
151 143 158 26 218 51 103 241 223 182 143 144 127 178 160 245 170 212 10 205
58 218 151 121 106 122 151 212 182 231 109 6 245 237 152 114 131 242 135 200
194 14 83 158 181 182 38 186 185 218 121 58 242 200 89 223 135 242 190 113
151 121 192 186 50 27 58 34 123 33 87 27 242 87 247 252 192 186 186 163
244 172 103 50 103 66 136 230 215 159 121 223 107 14 186 215 245 92 248 107
161 50 251 96 201 23 218 242 151 127 200 111 182 248 197 121 35 106 94 147
50 194 231 135 8 218 50 251 31 114 87 91 168 14 121 200 148 58 106 121
160 8 151 158 158 253 50 189 251 50 17 105 245 216 173 114 4 185 190 135
196 108 90 114 223 191 100 170 216 235 141 96 26 200 170 85 242 89 175 250
