242 200 211 186 0 203 106 178 36 135 121 128 128 244 158 208 186 18 170 198
189 12 205 241 50 110 40 130 192 67 12 208 58 223 50 21 163 113 212 146
194 109 42 200 251 12 14 147 103 50 23 114 37 196 85 250 42 238 7 105
201 84 122 186 3 50 218 242 14 0 120 71 186 148 96 167 185 0 96 215
51 242 200 46 105 152 113 23 153 227 113 169 25 142 243 50 72 121 196 108
10 215 209 144 168 189 127 104 95 33 147 135 32 168 170 2 178 26 50 108
192 215 108 178 104 50 56 135 121 158 250 50 56 25 19 13 87 14 20 221
146 16 191 87 23 31 158 96 50 223 212 200 96 250 210 21 108 114 114 121
12 191 108 242 127 82 220 96 186 250 87 78 92 108 203 170 121 91 174 108
253 121 121 248 35 163 12 26 94 50 242 127 121 218 96 45 245 15 50 1
151 121 182 182 242 250 60 200 118 152 145 106 114 235 26 144 158 103 21 196
176 144 82 91 158 18 56 93 190 34 251 21 56 242 200 45 87 23 171 33
252 192 178 69 151 121 2 200 72 87 209 165 66 121 96 35 20 96 215 108
245 243 177 92 64 223 0 16 173 231 242 178 30 92 170 37 242 14 121 205
58 243 30 48 215 186 159 203 170 177 102 136 150 92 242 200 96 151 121 65
58 223 114 27 192 242 115 244 250 181 242 21 138 71 113 174 186 108 26 103
234 209 146 197 134 152 95 170 121 164 135 121 248 104 121 114 187 70 23 175
114 148 9 242 203 223 87 27 122 26 208 186 111 121 200 30 24 221 81 182
185 189 208 50 251 109 110 53 14 38 121 74 121 158 231 122 26 96 237 58
50 61 113 106 131 164 135 94 108 42 5 123 106 121 58 213 12 150 42 32
238 147 212 121 50 84 109 121 153 73 114 152 223 50 0 217 160 160 227 0
196 108 182 102 22 110 103 21 237 108 173 121 58 86 138 218 212 14 13 136
215 218 218 242 229 136 191 135 121 176 8 58 208 230 197 19 196 0 108 121
196 108 52 250 50 87 241 19 14 230 87 241 96 38 138 31 96 250 50 123
161 26 26 103 103 108 211 31 42 19 218 242 127 66 182 38 72 12 12 135
151 134 225 123 113 123 121 12 14 219 0 97 185 95 77 6 247 114 121 69
4 93 69 91 185 194 51 147 236 71 211 170 234 2 14 204 172 121 163 107
106 108 173 121 97 104 41 119 242 200 27 150 250 152 221 108 182 184 91 34
122 186 141 37 244 242 99 127 178 186 103 108 251 205 173 121 35 158 96 24
245 211 14 2 82 178 69 130 186 215 83 134 216 122 186 106 26 241 50 240
228 200 251 123 30 75 134 27 192 235 189 77 236 218 92 216 122 186 108 9
192 121 205 50 26 87 186 148 41 74 87 58 242 42 12 192 227 212 14 50
160 134 90 230 65 0 103 181 121 227 108 34 136 50 189 19 193 137 11 96
223 114 215 204 28 76 110 173 121 34 196 114 114 37 33 244 23 114 223 35
192 196 26 163 26 186 186 148 205 247 96 205 223 14 180 87 157 118 96 135
58 194 82 85 242 50 80 123 218 56 135 121 205 194 14 50 110 242 250 200
58 218 106 56 96 135 58 241 218 71 123 179 25 137 114 87 111 121 181 223
58 141 227 50 121 127 178 188 231 121 246 58 96 121 207 152 108 239 10 193
108 231 137 130 87 186 241 114 223 120 23 197 74 192 173 58 95 231 216 122
120 16 48 145 212 244 160 114 27 14 112 191 201 179 216 108 173 251 251 219
58 102 2 46 203 170 76 147 177 121 21 98 121 221 108 9 91 122 186 96
158 96 250 106 250 218 71 42 92 221 87 218 32 135 5 209 138 3 78 38
185 111 104 212 138 24 148 245 52 163 210 200 170 170 223 186 147 103 0 57
185 111 87 27 50 251 152 162 231 27 189 251 50 34 2 14 239 26 96 112
178 103 243 173 121 114 27 92 242 87 14 186 186 114 27 215 186 108 9 211
52 56 19 196 96 71 114 27 253 121 50 27 215 218 241 204 152 90 62 121
151 160 121 58 158 158 135 242 191 12 182 176 144 208 137 191 121 58 245 136
52 97 170 243 242 12 114 27 114 13 99 122 108 114 158 121 242 45 127 200
58 194 14 66 180 215 210 87 27 230 242 87 7 165 0 19 105 188 62 211
182 107 50 130 56 71 25 159 175 177 173 101 121 120 136 118 231 122 186 96
91 16 166 45 215 182 210 73 25 248 72 14 121 114 108 215 121 18 197 121
245 10 212 251 205 80 42 87 158 28 42 103 0 52 26 241 158 87 158 158
85 148 159 223 179 196 85 71 247 242 82 211 181 87 170 121 137 137 211 131
160 5 96 205 106 226 110 114 131 253 205 114 72 231 168 250 87 27 50 56
242 83 244 160 175 177 215 121 163 174 168 6 142 35 192 241 87 159 110 142
217 133 231 108 152 132 211 87 107 52 72 135 136 205 16 223 114 114 4 245
138 151 121 200 96 151 212 204 100 127 207 66 52 240 121 23 175 121 101 212
179 251 50 95 66 14 74 211 2 189 251 199 122 199 151 158 244 103 242 127
221 251 50 152 215 121 200 26 193 110 113 64 87 111 121 138 19 65 189 189
58 241 170 201 182 73 216 122 50 108 173 242 3 23 163 230 87 23 114 27
231 106 185 230 101 231 121 182 26 199 122 91 188 121 182 205 223 247 42 87
58 35 34 184 51 168 250 186 163 174 96 18 50 46 70 254 253 170 203 2
58 93 14 48 209 247 123 66 242 12 114 58 87 181 103 0 163 203 128 158
91 223 114 58 227 114 112 26 159 212 215 171 6 104 50 243 248 135 160 111
