242 200 108 186 28 186 108 182 182 242 208 97 173 231 242 200 78 153 210 251
192 168 38 96 121 205 234 186 50 1 170 76 182 113 97 231 215 171 62 168
209 231 145 12 64 114 37 20 126 218 118 14 219 23 218 31 122 112 189 189
58 194 14 50 23 242 127 36 122 186 19 26 209 230 2 14 72 239 60 121
114 223 186 108 26 96 121 91 244 248 135 219 50 5 87 14 216 98 182 74
201 107 50 108 87 23 23 218 113 10 114 4 100 163 107 24 196 123 208 235
192 194 104 215 112 113 50 242 212 178 121 242 14 239 186 186 147 121 144 14
192 186 203 78 135 242 113 186 108 212 146 123 178 218 242 200 26 151 178 242
253 10 50 108 26 241 204 158 197 71 93 221 26 186 92 103 12 248 134 200
107 218 192 242 50 105 242 182 242 135 114 108 231 87 135 29 122 26 42 87
194 14 173 182 26 241 83 176 85 219 102 230 218 151 121 245 163 215 210 30
128 82 7 203 11 66 13 56 152 242 19 200 186 186 20 14 223 43 163 174
175 158 16 200 96 186 121 251 173 121 34 14 173 251 35 193 211 93 114 27
91 74 211 223 218 224 77 108 126 45 143 96 141 96 250 181 66 254 141 241
107 135 114 108 176 144 82 170 121 34 108 168 20 126 11 28 241 218 103 176
160 92 242 200 96 96 69 151 31 50 190 5 75 218 242 127 208 7 135 219
163 174 218 242 127 82 174 114 114 223 186 108 19 121 200 51 16 231 114 114
160 103 19 186 75 218 208 50 34 197 135 242 245 156 218 11 188 182 40 115
107 13 130 166 230 50 240 160 111 95 185 83 245 104 72 119 181 37 110 58
242 178 211 136 94 231 2 13 136 114 27 4 50 152 211 164 50 177 218 71
145 141 85 146 23 53 114 131 85 135 246 24 189 215 121 79 121 58 241 87
24 28 200 50 152 170 247 27 51 158 242 243 221 12 158 196 204 135 25 114
107 241 52 42 123 210 168 114 108 26 186 96 66 83 74 79 207 113 19 66
97 21 28 251 66 12 139 12 114 27 197 221 186 253 121 138 50 61 0 221
58 194 151 83 101 121 242 200 50 186 108 61 69 3 219 184 210 173 242 178
205 218 96 50 143 96 96 192 16 226 191 113 152 0 163 136 135 200 51 248
58 122 114 27 137 114 137 39 34 242 170 23 8 218 96 230 14 227 212 96
192 186 108 42 147 244 240 121 185 131 0 186 158 19 52 216 122 226 186 108
212 205 250 148 218 51 121 218 242 152 206 1 121 35 96 138 96 83 242 186
58 194 14 22 14 96 121 151 121 160 103 181 31 203 106 14 219 210 50 72
242 66 174 218 42 12 35 160 227 123 25 167 186 186 186 148 11 83 173 199
96 121 205 152 221 12 50 251 50 33 130 8 133 218 113 123 113 108 122 26
158 50 242 87 117 121 114 178 34 0 218 50 113 50 126 50 251 236 114 135
58 174 200 19 96 42 194 208 58 242 200 50 151 121 128 58 0 186 108 250
151 158 158 159 121 37 199 232 158 35 108 46 87 2 152 170 2 96 34 200
57 121 106 168 47 205 82 185 81 128 209 63 212 106 114 114 14 96 121 58
185 111 83 243 123 121 224 147 160 181 23 177 199 122 26 96 26 241 174 189
26 50 240 23 203 77 7 114 223 218 51 123 87 121 88 14 148 23 30 239
10 182 176 14 210 108 114 104 102 158 121 144 241 218 245 192 186 121 114 253
24 147 121 198 52 184 231 42 223 50 165 11 118 152 131 2 25 23 175 177
158 50 152 146 31 205 188 121 218 191 121 35 37 240 181 220 186 203 189 94
223 186 159 0 31 113 14 73 0 66 231 23 192 238 72 136 147 121 108 80
142 250 96 26 62 158 20 51 51 121 201 148 218 245 50 206 71 113 147 244
167 250 170 244 233 237 114 134 27 92 33 0 121 209 10 170 34 141 14 121
135 42 223 94 113 106 131 234 84 128 158 245 96 58 167 186 147 92 127 250
251 144 148 9 242 200 148 26 96 110 215 135 121 105 218 242 162 242 250 200
245 65 212 96 114 121 209 96 231 67 176 144 242 200 232 182 176 215 80 216
26 26 93 241 96 50 165 23 35 147 121 114 114 195 27 14 243 135 114 108
106 114 41 158 34 121 39 121 158 223 114 29 14 102 2 95 231 121 209 251
50 152 136 231 135 109 221 218 50 82 164 50 27 50 128 14 121 106 31 186
58 13 200 208 194 14 85 96 250 200 50 223 69 113 174 121 186 114 108 26
242 14 14 148 96 35 114 112 135 30 170 121 95 121 182 20 244 212 14 96
185 148 218 250 108 193 248 27 144 10 212 102 58 242 200 242 127 179 230 158
221 50 94 46 50 211 204 93 203 141 188 102 114 27 168 50 189 87 14 121
250 242 165 14 186 212 109 45 159 34 123 128 242 87 78 82 207 179 96 211
65 189 251 173 58 223 251 23 114 14 121 201 112 113 106 235 14 186 186 181
248 131 103 111 224 96 170 121 247 242 42 199 135 69 128 204 209 223 203 212
253 244 58 96 136 200 51 168 230 121 158 107 135 242 96 242 113 123 87 121
205 166 170 160 177 109 121 182 26 241 25 135 242 200 26 96 67 176 215 200
192 173 231 223 223 82 109 23 62 121 11 219 148 218 255 121 50 109 121 245
211 14 188 182 20 19 42 23 164 87 223 135 121 253 209 194 186 195 87 19
158 108 250 34 238 0 252 26 103 108 26 209 102 137 218 103 123 66 181 103
58 194 14 10 26 111 200 158 194 148 218 241 94 211 21 152 175 243 223 186
58 87 76 215 96 215 42 186 127 200 239 173 121 182 242 200 50 201 160 175
