58 0 209 148 58 71 243 121 236 248 72 23 175 164 34 0 103 127 200 83
185 50 20 96 118 225 152 236 231 121 151 251 25 70 127 196 242 151 222 50
145 174 218 141 223 135 114 232 96 121 251 167 186 34 170 165 14 50 175 58
161 50 251 248 235 246 218 96 50 206 122 151 160 121 210 16 131 114 223 203
242 212 189 242 14 202 114 27 58 174 61 247 19 159 111 245 178 26 241 182
128 123 87 23 163 73 232 121 114 37 196 108 192 96 189 250 2 200 218 188
242 87 14 145 254 215 182 58 65 87 3 87 113 16 141 148 41 104 231 164
58 231 50 114 27 196 173 242 182 207 87 12 87 186 170 121 234 14 186 148
114 62 147 121 243 164 135 248 93 95 121 93 87 96 218 241 16 9 58 96
221 218 232 29 14 102 199 120 168 230 87 186 241 87 0 108 141 159 16 243
205 102 160 100 14 121 176 144 208 26 170 212 64 185 93 242 200 27 11 232
58 218 50 176 176 114 27 251 196 139 121 99 58 218 96 112 216 122 65 182
52 160 245 244 241 87 96 87 50 77 236 151 101 121 41 212 162 152 81 188
158 96 201 250 152 106 211 177 242 39 87 152 230 62 114 104 231 108 90 69
50 73 25 121 58 188 10 102 128 158 96 121 151 121 58 223 50 64 25 123
58 156 218 242 82 163 10 103 247 103 113 77 212 189 31 50 251 33 178 114
253 121 106 164 195 94 170 87 7 151 20 231 177 50 56 209 62 104 208 186
99 223 26 91 215 121 65 103 148 244 65 23 216 122 218 103 114 4 215 245
253 122 11 26 50 27 185 31 158 96 65 186 108 152 193 211 175 121 182 170
192 252 250 50 128 122 42 38 10 189 170 0 186 0 107 14 14 242 200 182
242 114 223 114 158 93 215 218 151 158 144 178 14 209 253 251 139 242 151 147
35 223 186 186 50 216 122 186 49 182 191 176 50 209 74 160 175 77 83 87
211 211 23 62 148 41 138 87 76 83 250 64 7 161 108 196 136 114 104 161
74 131 58 242 121 144 189 174 227 87 152 245 170 177 121 127 215 212 50 177
58 227 205 50 142 38 146 200 78 27 150 96 96 186 96 250 233 96 58 205
58 108 221 251 182 232 96 196 43 50 242 113 173 34 52 179 95 133 218 218
58 218 215 215 178 216 103 198 21 31 203 212 215 218 218 71 76 219 196 96
228 50 215 96 251 179 92 150 231 152 130 2 200 96 151 193 212 219 96 113
58 135 150 245 175 177 114 168 203 123 229 200 211 96 123 95 200 250 35 173
24 16 147 121 200 136 121 135 226 121 35 20 96 250 33 105 181 87 83 245
160 92 195 94 211 72 95 121 176 94 121 182 172 136 114 27 114 184 42 126
242 6 136 200 81 87 144 14 186 186 253 96 113 23 56 66 164 218 138 230
209 185 121 114 108 173 242 69 212 215 121 205 252 186 203 147 103 50 52 209
253 231 219 50 176 8 33 194 186 42 101 121 176 200 45 186 147 100 96 234
24 147 121 2 252 192 239 239 29 14 48 212 241 135 87 16 121 87 189 113
163 218 179 251 113 69 216 108 102 193 113 182 184 45 121 182 242 212 14 96
101 104 16 23 114 134 31 110 159 210 30 121 182 245 153 209 189 189 245 245
96 121 205 121 114 27 186 108 23 218 71 58 123 121 13 136 114 27 186 108
116 93 87 111 182 148 121 57 121 58 137 218 96 242 200 26 105 177 102 163
55 205 220 96 212 96 122 186 69 110 173 121 185 241 209 223 14 159 78 164
175 121 248 135 230 45 23 248 135 242 87 14 108 242 200 96 50 113 16 231
58 251 50 251 12 170 182 22 10 210 82 195 116 83 237 251 248 135 242 87
205 231 5 75 22 103 12 131 142 242 208 122 108 34 94 115 87 164 223 135
52 72 173 121 192 203 74 108 11 130 39 87 23 218 56 96 112 27 150 179
58 218 88 14 110 177 197 221 251 21 152 108 133 218 254 193 242 66 31 215
192 178 160 96 121 114 223 215 37 242 178 223 186 3 50 33 159 10 215 121
245 243 121 114 37 73 105 12 58 251 123 178 173 242 127 200 26 189 31 234
192 121 114 235 242 178 23 75 230 2 25 121 137 200 130 2 200 151 121 50
163 12 218 218 254 8 7 107 25 87 14 121 135 122 112 91 103 141 243 103
242 200 72 104 135 115 75 87 96 73 215 62 26 190 245 237 114 10 7 113
98 248 55 203 103 135 242 218 55 0 42 50 26 215 212 215 51 121 211 121
158 3 181 54 96 23 87 218 254 111 23 65 69 212 151 160 41 245 10 239
163 253 218 253 121 111 182 26 41 62 104 12 114 16 50 212 251 30 95 179
97 83 3 119 114 114 33 7 92 95 192 14 108 46 152 77 96 250 200 153
58 194 14 26 136 215 223 87 14 76 162 137 203 170 103 242 87 110 106 223
245 234 134 81 104 160 158 108 255 188 245 140 127 200 93 176 85 242 14 169
235 163 253 27 218 51 158 108 121 192 251 21 56 158 34 87 78 224 168 147
201 231 56 121 218 106 34 94 242 212 64 186 42 108 114 104 160 39 87 7
7 7 87 14 215 108 42 34 199 83 212 10 148 13 83 182 218 51 14 127
250 200 230 212 112 235 207 33 173 53 14 252 161 218 25 83 69 160 128 158
65 103 135 136 71 50 173 10 114 27 164 135 121 205 130 126 218 51 121 10
7 189 120 139 251 221 42 50 0 121 148 11 232 51 240 121 114 112 135 121
10 215 186 87 91 103 215 25 144 200 103 34 196 26 96 11 215 174 203 23
37 200 122 186 148 218 71 209 107 25 87 121 163 59 158 243 141 177 113 176
