114 187 146 82 158 123 62 197 158 50 213 147 103 181 87 139 112 107 104 144
223 114 114 207 33 130 87 248 128 158 144 121 228 218 242 182 113 182 182 73
10 53 250 108 178 26 158 26 241 6 214 212 14 231 164 50 212 253 209 185
192 186 26 96 215 218 182 41 104 56 121 45 223 45 223 223 208 253 93 177
176 178 121 182 182 58 65 182 141 212 212 96 50 152 38 51 41 251 10 215
201 186 108 26 87 83 41 135 208 211 84 114 85 96 250 50 20 96 135 199
141 215 121 13 179 62 108 173 121 205 234 2 200 96 108 26 170 69 122 121
196 108 242 179 190 103 111 218 245 56 107 14 135 210 203 120 104 29 242 14
223 114 50 177 0 186 252 250 103 108 151 121 182 176 148 211 114 215 218 113
158 144 192 158 212 218 204 25 142 87 19 96 50 84 158 235 26 170 243 123
192 59 152 221 50 0 148 151 245 126 113 159 31 242 14 108 26 111 231 163
73 102 27 242 114 58 13 23 248 223 190 62 159 10 242 3 152 74 23 57
141 114 215 62 113 212 100 211 26 83 138 66 42 223 50 5 50 5 10 56
163 174 223 114 205 235 96 96 226 205 239 50 223 50 1 58 207 33 87 159
135 136 242 85 23 252 135 136 195 87 106 178 168 108 100 91 186 108 185 106
58 24 16 189 66 96 202 38 209 251 113 84 193 31 189 174 72 95 121 20
245 46 73 127 179 62 50 193 114 27 114 187 186 163 114 186 120 24 186 108
185 194 14 50 1 121 163 177 251 241 218 210 231 251 26 148 96 112 242 21
252 250 229 218 218 176 215 218 113 135 7 114 114 108 114 23 163 176 85 77
185 14 241 174 218 176 122 242 94 200 117 251 181 163 253 121 96 112 151 182
114 223 186 186 114 186 93 114 245 113 212 182 51 121 40 182 102 137 58 94
97 108 250 242 179 218 242 40 14 186 0 114 72 182 176 10 141 123 26 181
107 16 147 137 92 45 182 242 200 170 2 211 14 66 83 158 227 107 126 85
211 37 212 96 50 251 248 135 241 90 23 128 35 126 159 14 14 58 196 185
91 103 108 9 51 212 248 105 223 159 250 108 253 93 95 75 2 200 42 136
121 158 50 56 62 87 168 126 234 127 121 158 50 182 121 205 121 158 121 158
182 151 121 182 113 212 242 250 108 164 121 158 50 143 189 245 114 104 19 218
114 26 0 250 179 218 218 71 164 197 135 25 144 200 219 242 138 99 242 46
10 131 242 200 127 161 223 87 159 27 97 83 244 158 103 215 40 178 108 255
22 70 14 106 94 242 159 12 175 106 114 35 114 13 114 131 253 14 121 178
158 51 92 117 83 159 7 14 186 120 150 179 239 218 141 215 218 65 231 58
107 135 140 152 32 13 193 53 212 14 96 250 94 231 121 178 165 121 182 38
185 227 114 23 114 135 200 223 96 118 176 19 160 35 114 114 14 121 176 160
65 85 196 113 69 113 248 135 166 243 142 21 113 121 182 216 21 151 244 88
158 135 231 240 16 160 215 66 121 101 231 0 121 96 69 65 96 69 188 10
242 14 108 250 87 50 26 6 82 170 151 185 167 175 121 58 34 196 58 218
106 247 242 182 69 26 50 84 253 121 230 241 218 96 45 165 14 164 135 36
58 108 206 108 146 148 38 51 121 114 108 160 160 131 211 106 211 152 114 160
106 201 114 209 51 154 106 31 241 30 121 182 113 106 23 164 25 12 96 122
192 186 186 203 73 62 148 41 189 96 96 50 226 158 67 242 87 23 5 85
107 13 158 121 148 158 242 178 23 197 185 7 105 218 218 218 242 50 241 25
250 92 87 158 56 244 50 176 0 204 232 96 173 121 115 185 66 83 199 242
242 142 223 107 25 121 242 200 186 22 186 108 255 163 12 94 36 96 58 218
219 58 34 144 2 27 23 241 170 121 106 14 181 158 242 203 176 189 66 209
242 200 45 196 182 26 163 113 123 14 77 133 158 50 35 114 108 211 164 135
228 71 154 104 218 51 121 107 135 200 96 112 195 200 26 111 12 14 72 95
135 63 148 45 65 0 237 186 135 108 108 11 26 218 113 50 176 114 108 186
245 131 34 94 121 233 168 170 14 50 199 171 84 23 114 159 0 121 223 151
26 245 10 38 244 121 12 16 170 121 158 179 91 92 138 13 197 179 99 122
158 218 108 46 159 160 172 218 41 91 244 87 121 192 37 26 186 148 104 203
192 200 250 200 26 50 206 50 152 215 42 50 114 5 12 186 212 96 126 250
185 194 14 26 241 174 114 135 42 136 159 87 110 147 212 64 212 96 235 208
158 186 96 26 103 83 102 56 96 38 173 242 200 96 226 3 108 110 45 95
58 135 51 235 230 242 14 133 151 212 96 179 12 158 134 28 2 178 64 7
58 34 84 26 83 151 209 108 223 113 212 69 104 19 178 23 237 147 121 227
163 186 96 26 74 135 136 57 121 251 173 121 176 160 218 210 2 242 25 116
176 212 92 190 160 41 135 242 30 12 135 136 114 223 114 108 114 24 50 33
160 215 9 241 158 223 147 231 0 144 14 177 74 62 30 66 7 192 186 114
58 107 13 30 69 131 107 218 20 191 121 12 123 33 164 134 150 179 185 34
65 189 251 181 114 27 4 174 104 184 142 26 42 87 241 87 87 121 158 142
57 121 182 58 215 218 151 196 113 160 182 113 121 114 187 209 104 114 223 135
50 103 34 136 114 104 135 121 209 50 87 121 69 91 173 220 42 242 87 96
58 218 50 206 77 103 135 123 87 242 12 205 252 186 80 87 223 185 14 121
10 186 45 242 38 179 12 95 67 121 35 163 176 33 220 223 14 42 75 203
