96 234 170 234 170 121 23 175 223 16 238 114 27 192 168 215 179 218 66 242
138 85 66 39 164 218 191 212 254 205 72 212 10 215 121 201 26 96 215 96
231 223 186 50 72 158 158 209 74 192 122 114 108 121 178 121 205 115 223 170
117 165 82 231 242 113 152 232 159 138 50 27 65 242 200 195 136 114 223 50
243 76 218 113 123 95 87 186 50 162 14 190 198 23 62 253 152 31 241 25
102 57 207 20 66 87 121 181 74 5 164 135 114 205 168 218 111 96 50 50
201 211 216 158 35 114 195 108 148 26 96 62 251 17 192 48 103 19 91 87
10 176 154 242 14 121 182 242 82 170 121 205 198 136 200 113 231 27 144 127
58 13 105 174 104 121 50 106 122 186 114 108 114 121 101 121 136 150 231 67
58 251 12 43 114 172 62 26 158 102 242 21 242 14 71 186 108 26 83 107
148 242 6 136 114 223 203 2 152 128 209 31 14 130 158 106 113 253 59 218
10 171 175 121 106 69 185 254 186 148 103 121 87 241 168 45 136 144 14 239
121 68 241 69 151 87 253 223 25 29 14 177 242 87 14 186 212 215 93 38
228 50 211 122 186 173 58 205 114 186 13 186 212 218 8 94 242 241 110 45
223 218 215 114 108 26 244 219 108 141 160 178 0 186 186 203 62 14 33 212
163 174 121 182 71 50 98 72 95 121 242 200 168 203 76 208 114 235 103 113
131 168 114 195 114 108 109 121 50 242 182 113 50 33 134 182 110 175 248 135
192 65 174 72 158 125 108 179 52 173 242 62 147 215 159 123 12 216 122 178
58 50 251 42 163 196 114 108 196 218 180 242 21 228 223 107 152 114 121 193
245 211 177 223 170 91 201 21 230 0 100 252 223 114 38 96 186 148 182 26
242 108 42 12 144 158 121 151 243 30 95 87 27 148 174 205 114 235 208 235
24 147 158 102 209 242 200 209 67 186 103 25 239 72 87 135 121 158 114 27
107 93 200 126 200 168 148 241 218 176 176 160 227 242 200 108 250 179 25 224
153 114 205 121 205 115 50 95 200 96 96 250 176 144 191 152 31 251 120 106
107 13 242 25 20 178 173 242 178 177 211 27 91 92 66 121 205 223 96 186
114 223 200 250 176 121 218 96 208 223 50 152 252 19 215 96 250 50 206 186
106 114 56 21 23 136 82 185 31 114 108 51 121 178 188 58 163 176 144 14
58 96 85 176 215 241 0 181 239 168 108 16 121 114 211 122 108 62 104 96
58 156 71 192 186 142 135 21 152 1 58 223 107 190 218 2 178 54 182 96
50 46 135 128 168 151 62 251 173 13 158 200 209 120 185 186 0 93 120 50
65 151 121 200 242 182 215 245 14 57 186 96 118 234 170 121 64 108 52 46
160 186 103 147 212 252 20 231 33 164 163 186 30 243 123 21 122 141 141 174
242 87 190 152 46 173 121 58 87 154 95 242 21 52 84 160 227 232 248 243
163 10 4 54 96 151 100 242 152 126 137 200 42 186 195 144 82 239 67 114
102 58 223 0 186 186 203 236 200 14 22 111 185 111 104 161 50 67 160 158
141 131 103 87 121 151 121 10 112 195 27 173 231 242 87 50 23 66 158 236
160 189 194 178 212 96 176 140 95 127 16 175 242 85 66 42 152 12 114 27
58 218 215 50 27 138 173 253 182 130 245 131 106 148 205 65 189 255 241 218
253 121 235 96 250 254 158 103 50 95 121 27 50 242 165 173 10 53 31 87
58 194 118 200 168 38 210 242 216 170 121 43 135 192 242 200 138 96 203 106
37 104 21 34 223 87 14 241 205 96 135 160 98 33 177 208 137 200 205 186
58 205 69 163 174 108 201 173 121 182 196 14 233 215 168 203 12 114 114 186
221 209 146 252 252 26 50 148 182 216 122 136 200 35 108 51 121 205 121 58
10 114 178 215 121 121 205 227 107 13 87 96 96 58 75 151 243 121 158 195
163 253 31 113 35 114 197 242 234 127 200 100 42 151 121 201 9 31 105 227
114 178 96 218 113 242 135 130 158 196 99 106 178 67 186 108 26 50 30 12
173 223 86 250 50 108 109 121 176 216 252 26 200 26 96 189 73 239 50 242
215 174 14 242 14 210 87 212 50 72 232 2 162 14 81 87 186 186 96 66
242 87 23 131 177 50 182 215 45 182 250 25 135 242 99 73 82 12 223 87
253 121 120 210 173 80 72 115 123 96 127 242 21 14 65 103 123 95 196 62
231 210 114 72 106 131 56 135 187 207 21 218 113 106 121 37 152 51 76 104
58 96 96 26 96 215 218 50 95 196 113 231 113 243 123 62 242 200 200 42
10 74 194 14 173 251 21 19 93 72 95 231 23 31 122 250 235 80 31 186
192 200 96 91 37 242 179 42 136 252 50 108 173 194 20 252 253 252 192 186
24 16 10 18 114 121 120 218 242 150 179 65 23 234 78 159 210 191 160 121
24 147 123 197 24 123 95 176 144 165 248 135 21 146 123 19 87 186 186 93
24 108 193 114 244 123 87 209 242 14 223 230 182 66 242 190 19 107 14 14
39 12 16 114 187 131 190 2 152 175 177 243 123 73 234 156 200 50 188 108
192 223 72 14 36 241 174 72 245 215 66 23 126 215 168 38 77 212 9 47
91 244 35 192 121 200 242 174 111 182 38 2 104 242 39 87 23 0 177 242
106 34 104 215 19 24 19 114 152 170 178 201 108 141 253 194 23 150 97 19
221 227 12 114 35 114 121 114 108 173 182 182 151 212 14 121 197 205 204 242
102 138 111 255 136 135 200 11 71 50 173 242 14 42 31 114 223 18 144 14
10 108 221 170 123 208 191 242 77 108 26 136 178 193 44 114 168 38 106 94
