121 47 158 186 145 38 18 185 10 242 191 76 110 12 192 0 223 114 205 75
163 230 41 96 186 141 241 159 66 77 128 158 158 51 158 67 237 87 127 200
58 50 113 123 225 164 134 192 135 242 191 231 241 144 182 14 194 14 108 173
72 81 212 94 123 135 242 200 26 96 62 145 223 107 31 50 189 251 21 242
86 45 2 152 182 241 23 158 34 94 193 251 200 58 151 231 178 94 242 200
23 235 230 14 186 14 241 218 111 121 176 205 35 114 72 135 242 182 242 113
69 182 189 189 189 103 135 26 247 189 170 191 240 212 102 223 87 27 45 147
243 243 175 92 53 182 179 218 113 114 121 154 200 96 96 251 253 210 73 215
74 121 205 2 14 186 241 103 87 96 218 113 121 34 94 200 211 237 52 114
192 186 163 52 242 45 0 208 234 50 103 103 33 187 87 22 186 141 199 137
163 107 13 114 27 87 186 163 230 62 121 186 159 205 121 114 72 87 87 12
97 19 245 211 69 186 108 221 0 136 19 130 21 193 102 182 182 201 121 58
221 50 163 50 251 179 50 0 206 172 62 147 177 142 121 114 108 192 144 121
16 60 182 110 23 197 58 96 106 122 42 186 223 218 242 87 135 121 118 95
253 121 206 142 66 103 121 106 87 135 200 137 83 74 27 26 91 227 174 33
221 134 55 87 42 69 105 205 239 94 162 212 14 121 233 114 76 247 230 96
200 58 18 204 242 170 121 23 31 217 141 218 1 102 58 50 50 152 114 168
10 114 102 114 12 158 34 135 200 26 16 85 27 160 227 5 103 87 14 121
31 248 114 108 186 186 121 92 242 82 114 23 32 241 158 50 56 96 77 108
161 50 251 50 251 152 231 106 56 248 239 156 135 242 82 56 152 141 123 111
233 35 91 52 58 174 59 71 247 113 108 132 242 87 87 121 151 121 236 10
145 223 151 7 151 121 245 62 147 121 245 223 223 103 14 234 209 158 123 135
192 215 218 250 108 0 26 108 203 114 243 142 178 184 51 121 174 72 168 247
158 144 100 194 106 168 71 186 108 26 108 100 211 190 52 23 131 233 218 103
151 216 108 113 106 251 181 87 14 114 187 186 34 136 114 14 170 223 135 137
58 194 231 32 218 71 122 106 105 218 96 231 107 135 104 67 185 14 121 158
58 103 151 160 135 242 200 204 40 3 109 244 76 3 200 96 210 87 233 234
52 230 87 96 87 152 230 42 31 114 76 205 114 239 87 119 38 174 66 96
245 10 186 108 173 80 35 50 165 135 242 200 26 136 21 152 108 19 42 113
242 200 200 96 216 50 191 108 69 107 186 159 187 186 186 34 121 5 114 144
245 102 82 52 26 83 160 245 10 192 212 158 209 185 215 218 113 212 243 58
185 194 173 242 200 158 108 211 31 241 87 218 218 182 86 151 147 121 195 197
228 200 242 87 152 186 108 126 85 163 230 182 182 42 136 241 218 182 135 242
205 197 196 192 186 96 235 211 173 93 14 181 7 114 27 186 131 211 0 186
176 146 16 108 121 187 108 242 87 96 77 110 95 10 245 231 135 165 106 27
58 194 14 21 148 7 135 244 26 241 73 25 114 223 114 4 13 238 200 58
58 108 212 64 106 56 87 35 158 200 50 158 102 87 185 240 10 186 239 163
58 200 186 108 44 200 42 114 108 252 211 72 30 121 45 50 152 108 146 197
231 223 226 175 121 176 178 23 120 164 251 173 121 114 100 174 168 148 205 16
10 170 25 121 114 158 171 19 98 245 218 20 96 50 44 200 168 108 239 163
57 185 252 211 209 207 56 121 218 218 182 207 179 53 83 104 135 128 101 121
192 186 108 104 196 242 208 12 128 158 96 114 205 235 138 14 103 50 247 186
10 45 182 242 200 191 111 69 113 17 186 108 160 244 151 96 187 121 62 242
245 145 69 223 207 66 245 131 177 184 143 173 223 190 140 113 106 135 242 6
160 92 200 209 174 182 38 96 201 250 108 34 221 251 21 69 160 215 158 121
121 58 50 213 0 72 243 236 185 177 212 165 10 215 218 218 242 191 235 19
58 93 135 115 152 16 121 114 72 121 242 21 109 121 243 219 247 203 9 96
43 26 200 96 42 164 21 98 2 38 218 51 121 69 253 50 176 106 66 152
58 186 218 96 69 219 10 114 135 242 200 112 151 122 250 200 11 96 50 72
185 234 215 209 14 48 95 231 5 241 205 223 186 108 19 147 121 97 13 108
230 196 148 205 81 168 113 0 176 85 71 252 50 216 158 210 144 2 14 230
209 58 32 253 10 239 167 203 160 45 23 87 27 87 87 14 103 103 75 87
245 125 192 108 239 128 158 123 218 242 66 190 27 242 211 203 134 114 223 113
58 231 2 14 177 21 100 152 24 108 109 186 108 201 114 121 176 176 7 114
114 252 108 114 178 103 135 242 200 250 218 113 123 232 71 198 154 152 74 87
96 66 83 103 12 85 219 247 203 24 244 173 127 120 108 182 42 121 134 196
10 242 14 169 251 21 66 170 240 121 182 75 50 27 251 123 56 123 121 99
221 202 241 218 71 227 77 110 144 19 21 91 158 104 50 199 10 108 36 158
163 96 26 96 174 233 192 212 65 215 96 94 164 58 13 100 50 182 176 250
58 243 142 13 115 52 223 200 205 97 19 96 250 123 22 136 200 250 108 10
158 26 50 198 178 102 223 218 242 12 150 182 176 96 151 148 26 96 6 251
80 163 107 13 83 242 200 42 108 186 186 186 212 14 136 114 154 64 194 231
10 151 121 182 15 107 25 248 239 137 45 196 221 251 50 67 247 252 186 16
253 121 158 218 34 204 245 100 170 4 209 194 148 237 152 136 200 243 58 135
