201 9 126 45 182 88 251 164 50 76 242 14 14 58 51 102 87 103 108 110
58 108 243 167 177 121 120 96 231 188 251 112 34 152 114 235 242 99 73 113
106 187 131 197 73 113 212 109 136 195 200 168 170 121 151 121 211 58 73 61
185 135 242 181 87 16 136 121 56 135 128 148 245 242 200 26 111 194 11 50
158 50 191 199 242 21 254 241 208 186 158 96 75 136 114 58 253 242 103 75
10 209 128 24 196 195 144 14 121 218 34 182 114 4 158 218 71 114 114 134
156 50 189 56 251 245 62 184 118 95 151 102 242 159 205 227 106 242 208 150
24 147 212 96 151 121 34 121 191 231 123 95 73 113 38 96 244 121 163 144
120 242 45 163 215 62 35 108 239 164 107 25 135 85 46 215 218 210 218 241
221 12 218 242 200 75 22 161 26 103 230 158 96 91 103 113 114 72 152 14
245 151 56 19 50 216 122 108 44 114 37 196 137 200 126 45 160 87 186 108
114 29 14 241 122 42 50 2 123 95 175 227 21 109 32 186 200 41 70 152
242 45 23 87 135 108 23 211 114 7 186 108 19 199 102 128 227 16 74 136
41 147 71 113 23 87 16 109 23 150 136 114 235 230 83 164 210 87 186 148
194 234 200 51 121 37 240 200 205 213 19 23 128 158 106 56 96 21 113 141
58 218 182 96 250 245 218 96 51 121 248 110 135 130 131 177 96 242 14 83
185 194 14 200 250 56 96 108 173 121 86 50 251 173 251 38 209 225 35 108
58 50 201 111 114 19 13 91 160 158 96 106 168 14 23 131 244 212 96 96
234 209 14 209 231 146 251 127 104 178 87 16 121 218 255 185 198 52 95 199
209 102 245 192 224 231 158 54 96 109 121 97 186 186 108 26 241 218 103 113
58 245 158 96 121 121 220 205 31 114 108 42 80 123 87 236 135 28 242 87
158 244 7 209 158 144 208 123 91 12 114 121 245 58 200 58 142 96 26 186
242 200 42 186 103 83 11 231 92 99 121 151 55 180 104 87 219 154 251 205
163 188 96 34 200 46 186 42 21 56 215 25 23 216 122 42 114 27 144 200
245 211 163 12 252 102 192 144 121 78 22 96 239 188 242 127 242 127 178 14
114 178 144 14 37 50 152 108 26 215 62 173 121 182 216 186 108 133 96 23
252 168 218 65 242 91 151 212 122 209 160 158 103 103 0 123 167 239 216 122
151 215 215 25 158 242 66 121 57 62 173 1 10 66 96 215 121 99 96 200
192 108 250 184 46 19 195 148 211 14 182 245 248 177 92 24 16 243 130 69
10 186 108 211 81 189 182 12 58 160 135 242 14 23 131 12 114 27 52 108
167 186 192 87 148 240 121 184 96 121 191 121 114 26 186 186 170 81 2 152
253 96 50 26 241 218 50 241 138 215 42 218 96 231 23 73 69 199 241 138
231 93 12 114 197 192 12 114 189 112 135 93 234 170 170 242 14 203 147 121
234 31 14 111 251 114 185 219 104 121 114 114 108 29 251 25 23 243 242 61
250 125 203 96 113 212 14 121 205 121 185 230 101 244 114 121 114 223 114 22
242 200 83 23 216 134 31 11 179 81 211 131 103 121 144 92 39 75 26 241
231 148 144 14 186 181 114 252 102 153 114 19 121 96 186 114 41 77 121 135
114 252 192 178 239 197 96 176 140 50 108 178 26 96 112 135 136 121 219 135
253 121 243 12 242 203 95 242 196 26 108 26 142 241 251 208 43 72 164 58
242 200 83 12 242 14 113 152 192 168 131 106 106 56 71 114 114 121 223 35
50 72 121 103 108 207 95 182 20 96 214 186 148 189 96 242 200 108 26 96
209 200 208 58 93 219 192 200 96 107 13 108 211 160 8 26 50 108 56 209
209 242 165 173 242 190 219 24 99 160 245 242 182 160 96 231 58 135 226 242
226 31 38 201 162 20 141 53 14 220 41 147 76 212 14 230 96 151 64 207
160 74 114 108 242 69 207 56 121 209 96 160 232 96 121 248 72 227 114 27
176 203 12 19 112 135 5 112 72 121 205 223 14 186 159 31 16 211 170 177
151 212 50 182 27 215 108 197 108 250 236 108 90 208 136 50 186 181 181 131
192 52 52 58 56 134 182 242 196 127 208 121 50 160 158 218 96 71 30 231
58 13 93 139 242 200 96 174 186 11 96 205 136 200 96 151 182 251 12 107
24 16 108 20 188 121 121 58 200 58 74 192 173 121 182 86 10 108 178 212
74 136 114 114 23 184 77 63 113 231 121 240 252 192 26 50 105 103 108 19
201 157 26 241 12 211 239 164 107 25 121 35 203 114 236 108 178 9 18 54
58 218 151 251 21 50 136 135 125 211 186 23 121 203 25 112 160 230 45 14
234 209 185 57 201 233 242 203 71 87 209 160 136 231 87 35 108 160 211 152
158 96 50 251 231 33 243 153 114 108 158 223 135 200 26 198 50 199 158 32
253 40 104 16 186 108 108 193 5 58 242 241 40 66 103 87 76 137 83 242
170 223 50 2 241 241 45 152 72 232 205 131 242 14 241 51 28 158 50 110
58 218 50 103 108 185 72 121 141 223 50 148 242 14 96 26 93 96 219 135
114 243 178 215 50 173 121 42 164 219 72 114 27 192 186 223 35 170 242 99
52 201 212 14 151 231 27 242 30 92 182 152 83 110 171 87 253 192 96 78
205 231 108 133 58 12 158 96 251 66 121 218 179 163 174 96 201 158 28 250
79 231 194 3 106 203 212 182 63 41 242 82 220 230 170 103 30 121 241 174
26 247 203 108 104 231 108 37 242 212 50 61 106 122 42 200 130 2 25 87
151 121 242 82 185 203 106 121 182 186 201 212 152 109 186 108 199 215 218 25
