114 200 45 143 189 211 46 139 160 109 186 170 121 136 200 148 52 114 223 69
153 45 223 138 87 209 186 19 151 216 122 9 242 228 114 108 178 186 236 114
242 113 148 245 74 198 21 122 60 200 96 186 96 96 96 45 46 179 75 26
192 121 218 235 58 205 164 176 102 50 216 122 209 113 147 121 192 178 26 96
209 10 23 34 243 123 121 205 10 242 179 33 14 186 108 211 23 184 1 253
192 201 121 250 245 245 153 116 93 120 51 121 7 151 121 182 114 27 223 50
58 194 14 26 186 186 148 41 135 175 62 159 10 182 210 87 242 203 152 200
253 121 243 109 236 200 96 235 111 182 242 82 186 108 251 242 127 182 121 184
242 200 96 109 26 151 147 103 203 242 200 22 121 114 218 51 243 113 113 212
243 135 50 4 207 171 127 204 158 146 123 87 121 158 35 217 121 34 10 96
58 194 14 96 242 176 242 178 170 177 121 114 108 62 147 162 110 71 114 207
245 211 8 215 182 45 23 131 243 123 113 121 178 200 168 253 123 90 23 87
209 40 147 135 92 30 231 215 247 96 126 150 179 31 151 182 216 212 106 108
163 174 186 50 136 135 4 208 194 50 113 106 87 148 58 74 73 8 67 106
160 111 231 38 26 7 82 108 65 103 123 117 199 135 1 158 51 121 50 223
209 196 114 121 114 186 181 75 26 170 4 104 216 122 96 50 180 244 212 245
245 250 170 2 47 10 108 51 56 121 242 87 14 77 179 135 200 96 91 85
86 161 212 96 121 205 218 26 96 121 26 96 185 152 26 42 66 242 90 0
158 158 96 250 179 25 62 242 179 12 99 67 250 200 193 151 121 121 136 114
200 205 251 71 135 26 218 242 200 250 50 22 223 69 250 152 111 114 93 12
160 212 185 111 201 248 135 242 87 147 247 163 218 51 121 106 127 197 24 16
145 159 182 223 252 250 50 152 242 182 189 152 10 141 212 215 218 218 19 107
128 189 242 250 179 212 173 121 187 223 107 186 135 21 173 243 121 37 242 182
223 51 159 27 52 78 187 211 104 21 152 114 168 141 150 179 66 96 252 59
253 65 96 96 212 245 96 58 50 1 234 209 158 16 108 255 243 243 33 106
247 94 147 171 244 121 148 216 164 65 160 103 19 91 93 229 50 33 195 193
37 242 151 121 234 200 96 96 250 50 152 176 200 86 182 58 182 219 114 14
158 96 114 27 207 199 190 243 103 77 136 85 196 231 108 144 241 106 106 14
58 34 179 150 12 137 45 5 58 121 96 201 201 114 170 231 121 230 203 236
160 32 96 91 26 26 42 121 21 122 26 96 211 170 121 244 9 96 215 151
223 186 186 181 203 223 16 34 150 108 56 123 25 71 209 242 0 25 47 135
57 121 114 77 27 253 186 93 135 242 148 218 182 134 47 31 158 96 50 251
58 194 14 42 123 56 218 103 199 96 215 12 135 242 184 42 42 212 255 243
156 33 171 186 186 141 215 90 87 96 136 21 152 186 102 121 253 121 253 190
103 113 114 178 121 186 18 215 179 123 170 177 121 223 250 50 75 252 95 10
158 194 185 160 9 91 227 76 82 112 148 11 126 218 51 16 238 80 204 19
37 94 200 26 241 50 190 106 56 147 121 111 200 26 251 50 241 25 178 223
231 242 113 181 135 114 178 173 242 200 168 113 23 230 182 113 176 59 76 25
192 186 108 114 186 96 65 69 73 99 74 189 56 21 85 121 37 250 200 168
205 242 200 108 186 186 108 46 178 103 42 108 83 192 201 186 108 42 83 11
221 251 138 173 121 176 215 218 2 25 148 218 242 82 148 242 208 160 136 135
148 218 210 136 114 27 108 114 121 58 245 108 179 218 216 122 26 209 186 108
242 45 66 242 152 108 130 121 182 151 121 182 242 114 14 121 100 141 215 108
253 121 253 121 205 247 220 253 31 241 47 87 96 230 45 170 121 96 2 152
7 212 14 13 83 162 0 166 114 41 158 93 222 83 24 212 135 242 92 200
158 37 242 189 151 246 107 53 14 218 51 227 204 96 65 135 242 109 114 65
84 223 103 0 111 162 200 59 219 75 91 179 0 244 121 151 251 176 0 209
234 148 189 66 217 160 56 96 198 103 19 114 108 26 197 96 96 74 109 121
92 178 170 177 23 31 190 91 62 147 244 107 25 108 164 253 121 181 223 96
58 158 158 211 136 121 106 106 240 99 23 147 121 173 242 200 72 173 114 27
91 235 242 208 137 218 102 242 82 242 200 170 174 200 96 109 26 247 96 26
205 158 106 218 245 131 50 61 108 239 62 11 103 20 96 114 50 23 123 12
151 242 76 96 42 87 121 223 189 218 123 174 73 136 114 22 75 121 251 50
163 174 242 141 10 12 114 27 181 50 72 38 139 82 131 244 241 37 25 91
107 252 252 250 123 130 251 127 242 179 129 102 182 53 16 108 207 52 236 16
74 164 21 4 62 147 121 40 230 170 77 200 121 250 176 160 243 103 198 207
158 146 135 242 114 19 141 114 168 108 151 121 185 242 211 103 42 186 241 87
96 176 103 111 27 26 218 215 42 2 197 50 210 87 205 19 215 212 182 51
161 218 118 210 114 50 182 212 50 189 182 182 121 242 200 211 87 241 87 87
209 193 114 212 14 121 178 102 168 114 144 121 194 14 212 118 152 83 231 135
242 200 26 123 152 170 66 127 121 162 189 170 165 165 173 193 51 242 75 186
128 216 207 229 242 114 0 242 127 91 186 108 211 91 87 111 121 57 121 115
57 121 218 204 96 20 152 91 243 102 30 113 174 35 108 114 121 137 45 126
253 135 114 235 158 227 16 4 96 171 10 220 96 215 42 243 248 135 114 108
