16 193 31 131 106 72 152 158 186 121 205 37 160 103 241 158 211 223 171 171
152 108 250 136 205 111 162 173 10 86 151 251 95 95 108 114 23 56 96 121
163 12 14 30 66 49 158 160 227 242 200 251 241 50 242 200 96 200 205 65
195 94 200 201 112 94 187 10 113 152 104 102 58 93 219 2 14 212 245 100
231 82 164 50 251 248 72 158 173 223 250 179 66 186 181 121 241 122 250 218
69 96 6 193 20 108 212 174 173 251 50 84 114 251 148 96 251 199 69 26
192 227 174 72 87 108 104 135 242 95 152 211 234 82 90 247 237 58 69 219
58 107 13 96 50 121 242 31 203 244 121 218 160 65 212 114 181 121 103 229
96 121 223 14 159 115 87 0 0 121 114 135 200 26 166 144 82 3 66 34
160 65 212 244 227 176 160 170 244 12 64 37 182 91 46 12 200 205 96 63
16 221 136 200 72 160 254 96 195 197 109 45 96 186 101 121 114 235 148 96
158 96 69 26 241 218 96 208 106 22 252 24 173 69 11 231 95 212 146 178
178 10 114 56 96 160 188 40 31 85 71 186 26 186 186 108 250 252 171 158
96 101 231 102 58 58 133 250 179 218 182 94 231 135 243 167 186 170 121 246
91 198 160 1 114 27 108 94 179 53 104 126 135 114 235 107 247 87 148 96
112 251 122 218 51 121 50 54 96 96 71 113 18 178 32 231 23 123 135 87
242 200 186 186 3 108 242 200 130 83 96 186 96 112 20 108 231 121 128 50
245 112 94 156 218 94 200 51 211 121 96 106 121 86 193 110 114 34 144 223
242 135 35 114 209 58 54 242 14 111 200 26 105 227 114 72 135 242 87 182
158 108 243 113 108 239 197 138 50 205 242 200 186 42 136 191 242 127 3 76
221 104 200 233 200 96 168 113 22 126 175 69 151 147 121 160 242 2 200 250
114 223 186 186 108 173 121 182 176 160 18 14 174 0 121 181 242 200 24 160
151 121 205 34 12 158 16 189 255 192 186 108 186 185 181 87 230 96 255 202
179 203 8 218 71 186 222 215 96 158 158 34 192 235 186 186 186 108 26 16
158 103 70 14 223 114 42 186 239 136 114 158 223 190 66 83 86 83 151 121
160 65 20 212 215 135 97 50 108 186 243 173 121 5 50 72 121 158 233 121
242 200 26 229 72 231 242 0 241 0 218 215 25 14 114 143 186 205 230 6
97 158 226 218 242 190 46 14 72 242 208 31 227 187 21 105 65 189 85 96
192 185 66 186 209 171 160 103 12 58 35 11 51 54 95 127 200 186 108 141
57 185 93 253 241 208 158 208 50 72 160 147 121 114 108 173 121 176 160 121
159 101 121 114 120 212 106 239 197 164 28 233 96 158 201 113 185 0 207 160
114 178 46 110 212 14 186 211 144 14 121 121 178 182 182 242 179 218 218 242
50 108 173 100 243 148 216 108 67 52 212 14 219 29 237 223 212 96 113 38
192 121 178 231 146 150 12 152 242 127 200 208 163 50 251 209 212 245 158 121
197 221 103 42 113 152 111 152 23 84 173 1 242 127 200 96 231 72 196 26
161 50 42 65 148 182 168 113 106 23 114 108 23 131 221 120 97 208 69 34
205 223 159 209 96 38 170 85 14 61 159 77 182 215 179 119 114 21 108 199
106 131 50 127 242 212 182 254 170 45 46 159 50 121 243 200 186 186 114 52
231 197 50 182 241 215 210 45 182 65 221 251 219 252 211 2 2 14 186 93
192 105 223 186 38 242 200 96 136 58 223 200 250 96 50 72 58 74 175 212
224 96 148 211 110 108 62 104 130 87 247 101 1 242 127 229 241 200 96 218
159 102 58 117 251 199 151 103 121 136 33 187 221 87 25 87 14 185 223 151
192 237 10 114 232 106 37 109 173 200 96 201 26 181 234 170 14 128 218 71
58 220 158 96 51 108 83 185 242 200 168 250 56 121 103 50 21 14 247 41
228 200 96 78 114 195 200 253 251 50 240 136 126 135 200 143 111 55 253 31
186 186 158 144 200 46 19 182 218 198 251 23 87 111 121 0 112 205 10 219
221 251 50 20 212 224 141 85 146 14 18 135 114 170 50 67 253 117 165 69
58 13 128 158 50 50 176 227 242 200 158 18 96 144 14 212 96 50 251 5
242 151 193 65 48 103 113 152 170 103 66 23 135 2 239 114 96 50 121 242
185 103 34 196 50 114 121 99 14 241 87 212 254 151 182 182 113 212 93 200
231 251 50 210 108 121 182 250 200 26 102 241 218 242 216 50 138 178 144 82
58 13 26 170 14 103 209 170 221 148 218 96 50 2 200 250 50 242 138 96
245 102 58 58 34 93 71 217 90 62 137 200 158 96 50 201 251 50 33 160
164 50 61 253 175 223 189 181 241 25 30 66 93 127 200 215 96 186 250 159
186 120 103 201 108 151 121 182 66 81 159 186 186 186 108 141 174 205 233 114
192 186 148 178 121 93 159 121 185 111 65 96 244 7 191 87 152 212 121 181
160 230 229 241 218 103 77 242 2 127 182 216 98 95 179 242 179 42 0 52
50 210 2 190 186 108 19 245 62 175 252 252 102 192 186 108 178 114 52 114
161 223 50 0 223 50 0 147 52 114 218 102 135 242 200 191 71 247 96 201
178 112 30 121 96 251 209 26 170 103 113 9 106 114 121 35 147 121 205 195
45 160 165 152 9 14 186 148 7 135 193 239 123 112 95 127 178 211 56 186
130 158 226 158 210 87 186 121 114 223 186 186 186 93 200 36 121 51 242 195
58 50 122 174 227 211 207 180 242 14 113 55 30 179 12 175 121 52 136 45
96 121 231 121 242 200 108 201 212 96 109 186 108 250 218 218 242 200 26 148
