10 237 200 193 82 185 206 31 113 147 121 75 2 71 186 186 247 92 160 227
160 158 103 195 27 37 242 113 188 242 82 127 223 203 47 66 96 170 103 200
242 200 26 42 214 194 14 242 179 190 170 62 142 184 96 231 27 22 51 108
68 212 96 106 46 136 200 192 122 26 170 165 152 234 14 122 205 75 210 165
58 218 140 23 8 62 223 107 50 33 212 158 103 218 113 242 200 126 218 50
192 186 37 23 227 21 66 186 50 165 152 91 158 108 111 182 110 23 53 45
192 37 242 14 170 103 177 159 223 219 16 74 101 231 2 209 113 212 185 122
231 223 203 23 110 45 61 141 158 87 23 135 242 127 200 186 37 229 50 26
102 242 151 236 14 223 114 195 197 78 72 126 12 24 209 4 58 28 82 148
248 37 242 66 211 202 241 174 218 96 50 251 72 95 248 72 232 21 113 108
163 253 40 178 185 96 45 59 242 82 114 186 108 50 177 30 121 37 33 121
24 16 10 1 103 34 23 85 179 164 218 254 96 121 205 130 121 209 179 218
253 94 242 160 252 146 16 109 175 151 31 121 96 210 193 114 22 137 96 205
58 251 121 251 50 216 122 26 3 241 96 38 96 112 218 218 51 123 135 212
112 118 96 176 242 170 85 170 159 190 212 223 50 154 108 186 102 52 242 200
223 141 218 66 182 242 26 62 147 182 212 182 80 175 80 45 23 62 173 253
58 48 173 24 108 178 248 242 191 113 236 114 27 108 30 66 209 72 158 175
158 71 223 135 114 237 186 108 193 11 126 14 10 148 218 45 113 25 248 50
170 243 242 248 242 200 135 197 50 42 135 121 192 218 96 10 50 165 192 148
223 3 239 205 205 50 205 65 103 223 87 135 71 186 170 85 144 14 27 113
163 253 58 127 178 56 96 50 1 163 253 103 116 186 108 26 87 62 160 95
137 200 22 111 242 182 66 203 16 102 111 242 138 96 50 146 5 201 185 1
242 200 91 158 50 251 73 62 147 121 164 72 195 168 46 135 178 242 200 108
96 121 176 248 121 158 142 170 242 200 186 108 141 108 178 109 201 96 201 58
102 7 113 121 182 41 135 180 241 50 179 65 158 158 140 19 82 196 242 12
69 93 50 21 122 91 122 186 108 176 144 109 103 218 198 29 38 176 160 126
11 244 14 212 102 10 160 165 208 235 3 96 50 165 173 58 24 147 231 27
242 6 136 127 94 231 27 92 114 104 121 205 231 251 173 223 19 196 186 108
201 114 108 223 50 121 124 221 247 241 164 50 27 158 242 21 152 245 10 96
100 218 96 58 58 208 192 0 50 186 34 253 251 33 230 159 10 201 114 106
93 200 108 212 204 158 158 114 35 16 212 121 179 12 3 152 100 10 158 27
136 121 50 98 158 108 95 9 242 200 250 144 14 223 186 108 173 223 141 0
91 128 65 87 96 45 182 216 91 244 58 107 95 152 14 162 151 212 102 209
201 156 75 168 218 112 205 239 242 12 182 113 212 212 10 50 232 170 2 168
163 174 14 59 135 42 186 157 114 26 108 231 121 242 14 123 241 66 181 251
252 174 239 251 87 28 141 215 96 11 243 87 96 192 92 35 108 182 244 128
223 114 27 200 51 65 69 103 157 102 148 218 29 122 96 174 31 114 26 215
58 194 14 69 23 34 220 180 105 181 92 223 218 50 251 245 62 84 11 212
236 16 121 178 53 231 53 215 220 152 96 0 10 108 26 42 200 108 211 241
167 230 45 182 176 242 51 121 50 125 33 230 182 96 158 50 72 185 219 242
223 114 38 176 220 83 242 200 208 122 26 101 121 248 163 253 176 144 189 66
231 67 251 66 199 223 200 239 96 212 140 22 196 108 46 196 189 174 242 14
160 227 114 72 87 38 230 45 210 56 95 160 244 205 198 239 121 135 193 114
58 243 103 223 50 241 231 121 58 198 121 253 58 107 25 135 165 200 220 170
58 218 65 114 121 223 189 7 114 192 37 23 31 114 37 23 34 164 62 147
117 121 158 64 200 174 170 123 21 109 201 231 210 135 103 18 104 50 72 229
252 252 174 128 51 103 113 212 10 254 193 195 136 200 218 242 95 196 27 113
242 200 186 108 141 234 2 250 21 224 103 87 16 231 242 200 104 50 112 36
161 50 26 96 136 50 242 208 113 106 131 114 27 12 114 37 152 102 238 104
176 148 103 12 14 218 65 242 200 26 158 20 141 250 215 159 208 242 87 72
58 181 242 200 26 186 148 41 123 95 231 152 51 27 12 228 242 200 42 123
158 227 19 50 218 177 251 66 127 240 112 187 252 211 215 16 187 90 83 160
192 65 189 108 114 23 87 194 14 96 186 96 218 210 95 121 57 121 36 251
151 1 120 53 104 167 239 199 160 227 16 125 164 210 87 222 116 186 103 121
37 196 109 207 229 166 42 198 185 69 207 150 196 171 158 242 241 23 136 86
16 243 96 234 127 19 69 242 66 152 74 34 164 252 127 178 85 148 41 218
192 223 250 119 114 212 159 241 87 107 60 87 216 152 252 253 158 96 58 65
160 244 158 34 83 96 50 104 121 58 24 25 198 87 178 160 218 254 34 200
58 50 116 96 112 215 108 114 85 22 113 109 42 137 148 41 164 222 218 251
223 114 108 23 164 135 114 50 152 251 50 23 31 114 168 135 148 87 121 15
234 154 203 123 135 85 221 27 108 26 186 193 105 12 108 52 114 27 26 83
195 104 14 67 242 14 186 186 241 158 96 250 123 218 99 31 186 35 118 93
231 242 200 96 205 108 121 114 168 234 134 67 83 245 243 71 14 110 114 134
161 241 67 123 95 208 168 69 113 212 148 182 188 121 205 58 121 205 121 205
