242 200 108 26 6 138 96 177 37 242 244 3 27 144 14 14 136 219 203 16
185 105 158 156 123 23 31 50 12 72 27 121 182 176 242 200 14 172 121 114
201 203 127 14 51 71 122 26 186 108 26 158 189 179 31 122 26 96 26 245
106 218 218 71 135 159 74 198 121 121 121 200 96 26 111 148 245 50 242 21
58 144 13 223 114 26 181 35 186 108 147 121 136 208 197 192 178 11 26 80
96 121 114 27 58 50 215 20 96 219 58 242 127 205 127 200 131 182 159 174
223 120 16 109 109 121 58 227 107 190 239 218 242 45 182 188 121 205 123 12
106 131 103 235 242 200 136 114 27 163 127 242 182 26 95 182 71 91 69 163
182 244 185 118 82 16 147 177 203 170 48 123 179 139 58 96 121 242 110 90
209 243 159 121 182 109 26 181 137 45 231 209 206 219 26 0 218 24 144 14
192 251 50 136 82 203 106 131 232 96 121 126 218 96 51 51 121 182 191 135
102 125 130 2 24 64 30 160 212 50 216 50 27 158 58 198 121 58 158 142
192 215 50 26 212 96 6 118 192 227 16 50 251 42 21 243 243 142 38 205
185 194 186 26 61 163 215 218 71 158 71 197 241 105 178 158 185 72 95 239
96 234 14 121 58 96 121 182 219 75 108 46 42 21 188 242 127 146 5 58
205 65 103 181 218 218 71 138 96 176 135 42 87 27 114 96 235 182 11 26
185 194 151 193 243 242 210 182 85 179 186 200 148 96 251 36 158 215 42 87
160 1 107 252 218 108 114 26 194 165 122 42 26 93 111 196 245 22 126 186
24 108 242 179 12 244 212 191 135 237 92 56 135 242 21 87 230 182 160 69
198 121 159 16 148 41 160 245 215 138 212 242 114 27 223 114 72 108 182 121
74 194 23 26 173 242 200 42 233 58 219 22 51 87 7 50 165 152 82 170
221 50 2 232 244 7 242 82 12 38 96 151 185 251 173 176 95 167 93 114
10 201 205 186 50 185 170 85 18 200 96 26 182 242 94 208 58 251 50 240
128 121 50 65 241 158 106 121 68 240 105 103 96 102 2 38 35 141 168 14
58 253 121 125 221 26 193 87 27 58 50 110 114 87 12 50 241 101 23 239
106 223 186 148 245 9 96 244 67 173 145 189 174 96 186 212 102 111 242 82
160 135 121 21 14 23 203 12 104 242 135 242 127 199 211 114 14 121 182 240
121 158 159 231 106 56 96 121 176 173 182 159 174 135 239 207 21 66 109 137
144 8 182 126 182 126 174 168 96 186 222 245 211 122 59 35 186 148 41 182
157 237 26 4 93 181 23 5 19 50 87 14 186 181 77 103 135 27 200 186
74 193 178 45 160 114 121 164 18 251 50 175 87 241 19 110 114 197 204 19
114 85 141 14 170 121 96 106 10 96 38 242 87 251 108 148 255 209 163 212
57 121 20 14 186 96 26 50 215 218 218 210 190 178 121 192 251 173 106 0
231 242 200 22 168 117 121 50 177 16 223 69 113 87 27 244 160 140 66 121
160 8 110 147 62 135 208 92 208 50 204 160 215 218 113 47 242 87 14 14
24 16 198 121 177 189 103 23 58 58 74 131 243 160 227 144 199 121 171 87
106 197 26 200 51 7 114 114 135 209 185 200 201 193 170 141 160 121 114 239
114 223 186 186 142 14 186 19 127 242 85 91 121 114 223 186 163 186 87 96
223 114 223 203 19 215 112 38 96 121 114 223 135 248 137 128 181 30 121 223
205 209 206 102 128 160 227 103 41 85 96 106 168 105 205 186 151 121 12 96
223 114 218 96 50 55 151 216 134 14 151 121 182 121 182 71 58 227 230 159
223 114 114 37 23 62 35 114 178 39 164 181 223 218 218 75 251 121 50 58
145 38 10 219 22 108 23 170 121 185 111 152 82 40 223 35 114 72 245 109
242 178 38 182 66 23 31 185 173 223 189 87 7 223 161 189 106 173 27 123
142 211 189 25 30 12 205 251 72 87 42 83 219 108 178 144 137 96 215 210
74 131 242 190 24 28 114 109 23 215 218 34 104 181 65 87 50 110 146 189
114 178 186 186 105 75 75 250 179 174 218 218 71 241 251 209 123 66 207 199
192 121 186 96 45 61 88 200 51 123 25 242 205 210 87 6 223 186 203 108
64 231 251 173 121 197 114 27 108 243 56 218 51 58 212 215 218 113 135 242
58 34 170 198 121 114 121 120 96 50 182 58 179 135 121 158 50 50 242 107
205 234 121 106 218 238 243 14 112 121 178 8 211 186 108 121 218 244 135 108
151 121 248 137 50 26 103 103 34 31 96 56 71 192 186 50 42 108 108 46
58 218 241 87 218 50 175 34 136 170 223 96 113 135 108 26 170 21 210 87
58 13 192 234 247 102 87 19 12 94 143 96 235 242 141 200 13 87 218 91
137 223 205 34 108 251 23 135 97 83 57 182 182 176 103 34 184 109 186 148
158 50 6 170 2 200 131 46 135 128 223 238 114 72 248 248 135 135 109 109
242 127 7 191 242 82 40 53 45 160 198 143 104 96 52 209 251 253 209 56
114 252 192 184 109 186 69 212 96 106 135 143 114 108 114 121 35 158 146 251
192 215 108 216 122 108 174 114 22 131 144 14 148 105 223 148 182 26 50 110
242 91 209 186 114 2 108 182 212 106 114 108 13 133 58 218 65 69 253 12
209 182 207 56 231 33 248 218 159 14 121 218 242 200 27 250 208 58 247 131
131 242 87 14 223 71 215 25 135 136 242 147 243 144 121 144 14 23 14 12
24 242 250 179 218 245 26 71 50 26 241 87 209 182 29 23 218 171 104 135
121 106 75 26 186 186 192 186 148 41 106 152 101 160 181 121 72 121 138 114
