163 253 121 58 221 122 218 106 122 58 128 103 87 175 121 160 34 14 10 96
185 223 159 16 10 106 85 251 50 160 35 108 182 20 182 176 148 13 205 181
242 127 208 144 200 209 10 46 135 242 21 77 250 245 218 113 123 95 121 133
41 147 243 63 95 121 182 215 210 115 203 170 103 108 239 210 158 218 118 33
212 96 241 26 242 200 218 218 51 121 96 201 182 250 26 96 96 66 2 152
192 186 192 186 148 236 114 197 96 112 135 192 200 191 101 147 121 10 141 212
58 194 182 219 186 186 114 108 9 186 23 248 158 158 38 158 209 197 253 170
160 163 26 50 87 16 189 245 106 247 239 251 212 160 245 53 51 158 144 185
185 111 144 243 85 242 42 87 72 152 53 173 242 114 21 66 158 209 103 212
58 218 135 211 95 182 42 199 231 151 103 242 127 46 93 200 26 194 151 106
16 4 182 51 121 248 58 158 135 21 113 13 223 239 114 136 114 27 107 87
37 151 176 108 26 106 122 186 108 26 42 21 0 19 196 191 160 70 152 121
99 176 106 175 83 196 58 218 72 227 69 185 77 110 203 80 107 71 241 218
209 65 92 242 87 223 114 94 134 147 212 171 215 121 218 218 242 176 242 200
179 62 216 252 102 200 210 87 50 103 148 233 21 252 186 218 113 218 212 250
3 108 86 83 158 96 210 144 148 144 191 91 64 209 96 126 45 82 148 218
160 103 21 69 148 205 0 231 10 181 242 251 199 58 28 250 179 87 14 200
50 206 0 216 26 241 25 21 110 34 123 62 33 23 123 242 45 242 87 14
58 28 186 93 111 182 71 186 50 31 114 37 23 163 132 58 13 87 200 148
242 250 103 113 152 108 231 20 106 10 97 50 84 212 208 50 75 158 108 11
58 194 14 51 96 113 243 102 242 200 136 114 72 236 135 163 99 247 135 233
231 160 123 102 2 108 250 21 242 14 239 114 29 121 212 45 76 219 108 109
201 205 131 106 44 114 186 212 146 242 95 73 50 176 176 224 85 242 14 168
114 239 26 111 55 120 50 108 105 223 14 38 121 96 186 114 75 207 82 206
92 120 42 247 41 13 136 200 96 107 197 251 33 239 186 45 100 66 230 14
65 212 71 211 122 186 26 247 25 212 96 215 218 218 96 251 121 114 0 148
58 251 50 87 3 50 108 152 193 58 253 58 66 121 50 0 16 23 31 114
58 194 14 44 212 104 50 152 4 162 96 34 25 218 252 106 16 224 23 135
58 218 50 86 121 26 87 50 148 25 62 242 87 212 64 186 108 179 95 173
185 247 101 242 200 215 38 10 253 121 94 242 115 113 123 95 173 10 221 26
74 201 212 96 231 151 63 215 141 144 14 177 21 252 108 250 218 113 231 23
102 158 58 50 242 45 50 56 25 216 252 211 96 32 50 121 87 241 121 223
114 195 56 236 121 77 16 215 108 185 0 42 23 87 204 87 38 186 41 216
237 104 33 12 13 131 50 27 58 121 151 121 199 106 165 106 14 58 13 182
138 50 173 206 91 179 113 212 96 113 212 51 121 252 71 251 108 203 245 243
121 114 27 144 242 82 247 243 192 121 114 46 227 182 110 178 143 7 158 25
58 194 234 42 171 119 38 96 26 189 189 39 87 121 95 216 223 138 123 76
57 212 107 13 114 42 207 164 135 21 5 152 8 64 73 118 152 113 58 67
158 146 218 179 134 25 81 242 61 113 231 114 4 104 50 23 31 158 212 50
176 215 233 103 181 23 239 65 87 152 137 144 14 189 113 170 121 245 6 163
253 121 221 87 63 189 107 50 109 186 114 51 100 242 87 78 218 242 170 76
234 2 200 46 65 193 118 144 14 170 223 14 91 164 218 50 201 242 1 158
58 218 210 135 94 121 21 122 186 215 186 96 114 27 184 26 246 195 2 135
102 242 127 200 26 209 94 239 136 212 96 14 77 215 218 34 200 96 218 30
192 227 114 168 108 173 121 178 212 106 14 215 168 250 216 108 114 237 87 147
88 200 250 108 221 26 186 93 50 121 10 105 114 100 23 76 234 151 121 182
92 3 64 141 48 109 201 200 242 83 91 81 74 131 7 135 162 114 243 160
185 113 152 252 251 50 5 123 121 151 143 158 128 215 158 158 50 223 113 10
185 148 26 245 83 66 10 147 121 106 108 215 215 186 209 148 205 41 79 114
115 16 121 118 122 80 121 106 197 96 173 196 200 96 50 251 7 224 121 127
50 164 102 103 50 114 87 23 135 121 158 250 50 65 245 158 9 231 87 121
201 212 96 38 106 27 163 218 135 242 31 122 74 243 155 209 8 218 135 231
51 242 87 6 50 118 146 16 107 123 31 246 96 251 190 212 241 87 13 136
58 194 14 62 178 193 27 37 160 175 121 158 26 93 114 27 12 45 223 87
160 198 121 135 121 246 51 194 14 38 225 213 61 14 239 72 143 53 11 96
253 121 106 241 141 218 191 121 158 159 248 220 250 12 29 52 66 121 88 27
114 27 72 152 182 51 242 142 148 158 121 103 103 50 201 121 182 176 160 51
29 91 246 51 121 85 159 205 74 94 200 108 178 23 114 121 158 50 240 239
148 211 192 144 82 185 152 1 170 142 175 33 185 77 137 218 210 192 136 114
231 20 26 138 66 12 35 192 186 108 186 121 158 144 142 247 218 51 134 121
58 218 218 50 251 5 23 62 216 134 207 190 219 201 108 46 96 113 250 95
58 194 14 108 186 208 185 215 136 14 158 160 21 241 96 65 182 51 143 71
211 121 205 194 14 38 170 225 135 121 205 234 14 96 121 114 72 203 196 12
138 250 12 158 50 56 71 209 198 66 26 83 158 50 226 56 96 66 192 139
