46 186 93 12 247 227 174 72 23 62 147 108 178 141 106 237 0 203 147 103
151 18 104 24 108 173 245 31 114 158 96 235 114 168 250 85 242 127 179 0
243 242 23 197 218 141 14 96 186 215 159 40 255 197 195 200 242 200 96 218
57 200 168 151 208 137 186 148 99 178 41 182 51 121 182 20 231 176 106 62
50 133 26 83 151 121 243 21 14 121 41 205 230 170 1 243 242 127 82 253
253 121 200 96 69 245 19 28 179 12 114 168 26 103 83 250 181 212 104 71
203 196 242 231 248 242 212 251 50 242 178 23 230 87 107 104 232 182 108 193
107 252 50 72 123 135 164 12 114 38 106 96 38 96 223 35 108 239 185 77
242 14 121 113 212 146 123 0 95 242 211 144 14 57 253 247 118 135 103 50
58 218 135 242 182 113 106 186 230 241 218 113 212 215 28 147 71 51 138 242
158 53 148 212 104 102 242 127 182 189 31 158 99 164 50 216 158 108 160 103
91 158 96 71 192 148 211 8 26 111 50 110 16 147 123 244 12 14 121 97
114 14 200 58 194 14 38 218 96 176 128 135 103 12 58 7 212 241 241 106
242 200 26 215 96 96 152 83 242 200 250 123 108 250 179 138 231 87 135 242
223 114 253 80 242 82 211 215 9 114 27 135 203 244 121 223 203 77 33 173
160 8 182 113 186 207 199 105 227 69 104 163 26 96 251 21 103 198 105 242
205 121 185 90 186 163 104 229 218 107 135 123 229 174 118 200 27 96 50 251
211 94 208 58 194 14 50 95 229 116 204 42 123 136 200 184 96 231 176 215
10 26 245 114 108 203 212 173 194 231 242 50 33 30 123 167 151 121 160 244
163 174 239 242 3 77 200 26 200 182 216 113 232 96 58 218 96 135 154 174
192 121 182 148 15 12 114 72 87 135 242 189 174 26 245 211 200 218 241 182
134 13 12 114 196 215 50 251 42 136 200 208 58 218 241 123 25 135 242 200
114 108 51 158 96 109 186 186 186 101 173 58 87 158 103 186 108 26 208 163
37 98 136 200 96 242 50 207 34 200 16 193 178 54 242 179 0 252 192 186
223 106 247 122 186 96 140 91 4 215 207 87 96 23 113 123 62 104 7 32
242 231 2 2 14 2 14 186 83 231 201 121 65 77 159 164 242 200 14 205
209 151 121 177 189 211 14 38 151 182 38 91 69 231 212 96 50 26 197 215
37 244 23 245 81 69 216 108 178 52 154 242 200 96 186 50 210 212 161 144
160 92 231 210 192 136 227 114 7 192 136 200 58 218 242 82 121 18 11 66
115 201 148 242 253 14 87 158 96 67 114 205 9 2 195 25 0 252 108 239
194 14 223 96 84 160 227 159 231 122 114 26 209 197 150 253 50 104 107 135
192 186 96 173 58 12 242 159 241 136 191 244 12 114 29 14 79 243 142 108
114 134 104 160 175 121 182 216 122 138 186 26 91 245 218 20 92 164 108 114
58 102 35 120 16 130 182 216 56 126 218 218 242 127 121 205 37 242 200 248
209 210 47 231 94 224 168 148 134 147 236 135 33 229 30 62 159 121 200 136
106 105 158 96 38 85 96 231 14 0 18 218 176 242 200 26 186 108 173 1
72 147 212 253 158 50 20 173 58 242 39 23 58 217 189 53 83 2 14 170
114 223 142 23 114 72 87 7 26 240 147 121 160 95 80 242 14 186 186 111
10 182 176 97 16 30 193 178 47 23 45 248 80 158 158 96 26 50 23 25
13 83 96 26 240 130 39 20 96 148 63 215 189 245 160 32 219 12 50 152
50 72 56 121 182 242 200 51 22 158 201 242 159 242 200 46 50 66 110 186
221 11 218 242 50 147 121 174 35 114 50 27 14 114 114 27 26 108 215 96
250 209 96 151 20 196 242 113 21 42 108 44 200 226 114 154 223 69 19 96
242 179 203 152 108 224 203 121 212 54 212 158 96 50 50 216 122 98 52 50
192 50 242 6 0 185 165 176 52 42 38 12 14 24 42 198 172 242 87 76
13 186 223 215 218 218 96 251 66 136 200 78 114 5 223 251 50 95 242 114
138 138 50 26 170 148 41 1 160 215 171 215 231 234 165 14 121 58 135 242
114 168 114 27 12 114 27 235 242 3 23 218 113 200 163 227 174 200 251 12
176 242 200 58 216 50 122 50 56 96 231 50 242 200 96 74 131 53 11 158
58 218 51 123 232 232 121 135 242 200 218 71 122 26 3 93 181 79 40 182
151 121 175 247 218 158 192 94 114 248 135 242 113 152 16 72 242 200 108 26
151 206 20 141 253 96 24 178 114 135 82 3 108 250 80 66 217 62 104 114
16 96 44 99 151 212 244 121 58 128 230 242 83 7 50 5 134 135 23 85
192 186 148 242 45 251 173 205 37 121 92 16 76 216 11 42 241 185 103 25
96 67 114 131 242 200 252 174 178 215 96 174 114 108 104 185 0 23 31 135
121 242 23 30 19 152 175 177 121 201 242 148 114 104 215 218 218 182 241 251
104 196 114 158 96 96 12 106 223 114 135 200 96 26 96 96 96 193 136 114
96 211 234 2 218 216 113 123 104 135 92 200 242 200 138 107 25 200 112 241
145 38 185 23 189 251 30 66 121 253 251 209 173 126 218 96 182 232 177 50
58 218 69 104 71 186 108 93 219 159 94 121 92 173 105 242 200 251 131 151
106 96 109 51 244 242 203 152 141 58 218 242 200 242 179 12 114 223 135 114
91 178 122 250 196 22 52 7 114 76 86 186 148 45 87 209 211 9 20 14
192 178 7 114 215 58 194 14 186 99 109 186 45 160 158 147 103 135 197 247
37 128 158 114 158 218 96 40 178 239 242 121 96 118 164 242 87 14 14 152
