219 175 239 144 182 96 186 181 96 186 96 96 186 122 137 21 14 242 127 16
205 23 114 163 192 96 7 227 182 87 96 159 2 45 215 189 242 200 230 218
24 239 97 186 230 115 91 242 200 23 207 95 114 178 248 242 85 200 108 152
0 121 82 92 30 14 19 105 34 204 12 60 214 108 178 121 162 14 148 96
121 114 114 243 135 122 211 246 94 80 158 96 45 24 25 85 200 231 121 103
1 96 26 62 65 197 0 193 26 147 121 106 131 251 233 151 166 152 245 22
76 14 192 223 100 87 31 19 14 108 86 96 14 26 96 148 191 51 212 242
58 194 14 50 103 134 242 200 26 241 218 242 159 51 62 251 123 163 215 218
97 49 215 45 96 158 96 10 26 12 131 158 69 33 160 226 56 96 210 242
151 212 218 171 242 75 83 50 34 227 216 65 196 127 200 73 62 14 223 114
102 251 77 62 131 235 178 46 50 29 42 12 243 158 210 182 92 230 159 121
122 238 108 73 123 114 121 226 96 27 235 113 184 218 215 205 128 123 114 168
242 200 96 109 96 211 26 218 121 187 232 26 218 56 111 229 192 189 151 141
242 136 200 209 215 42 170 14 94 113 83 199 87 121 14 131 160 251 144 199
153 244 245 205 160 173 58 242 7 179 62 221 218 121 66 85 42 74 100 200
121 96 223 14 186 186 94 58 50 242 2 2 14 85 19 50 26 113 3 121
224 122 241 211 253 114 121 48 233 218 96 215 93 25 45 65 134 87 87 250
216 109 186 201 38 186 96 26 83 20 78 215 108 232 186 186 186 223 152 254
80 223 152 241 165 123 218 96 251 57 121 106 56 96 121 96 182 160 50 227
96 7 45 121 12 96 108 223 186 218 242 200 62 33 200 26 33 131 107 128
108 223 221 66 242 208 108 66 135 221 168 114 60 46 32 123 135 103 215 242
190 104 81 42 58 50 186 114 148 242 87 14 121 195 103 62 242 200 138 106
242 200 109 215 83 26 188 72 128 135 113 35 96 151 121 97 114 50 143 83
243 10 14 186 45 135 58 242 2 200 26 211 170 168 136 185 47 25 135 110
16 223 114 247 50 103 216 108 33 209 9 218 242 152 122 148 244 242 190 93
10 122 45 245 223 80 91 44 231 242 62 9 114 223 99 108 147 21 80 42
205 114 91 87 45 159 189 170 121 58 114 108 121 103 11 113 33 182 201 251
52 163 58 176 51 113 121 230 121 200 72 179 218 182 241 31 96 242 0 232
189 163 107 218 250 56 200 158 201 108 35 239 109 185 71 186 223 87 31 186
192 45 151 231 215 92 199 250 111 182 62 179 123 218 71 246 208 245 23 173
114 114 19 50 215 122 136 215 41 11 242 200 186 93 203 21 20 231 103 87
50 87 121 135 128 136 121 114 23 199 242 114 96 114 108 58 51 250 135 10
23 120 168 203 113 174 87 16 102 146 121 102 242 152 234 200 138 209 24 31
107 135 66 189 150 185 14 18 114 196 102 251 108 72 136 152 131 199 152 148
242 240 121 38 138 88 152 156 200 250 66 236 96 182 215 25 135 212 115 215
182 35 114 121 71 186 96 45 239 250 184 187 70 146 85 244 198 110 223 14
215 244 109 66 3 96 118 23 135 12 35 223 200 228 105 41 251 123 154 196
242 136 147 242 0 165 26 215 42 87 170 121 181 16 14 16 6 239 170 45
242 200 52 212 218 96 50 122 58 151 158 96 245 12 218 50 148 35 114 92
160 104 148 218 218 113 240 96 75 30 56 7 111 93 123 219 232 106 222 10
194 136 200 110 198 224 231 96 96 12 75 178 189 113 144 14 66 91 103 87
242 114 27 137 25 121 182 227 116 50 231 223 114 38 93 152 211 105 108 184
192 186 148 42 189 134 189 200 218 83 113 16 121 34 240 182 208 13 145 121
50 56 83 250 144 75 189 113 87 107 42 95 231 85 196 131 253 121 114 108
18 211 139 14 174 108 26 241 200 51 121 43 67 26 218 160 158 122 221 87
245 223 26 174 184 186 200 96 108 210 96 244 144 14 18 168 184 45 174 23
185 108 27 205 65 120 66 200 19 94 231 147 121 192 122 223 45 95 121 21
114 203 186 218 251 239 87 215 96 76 146 231 121 205 186 186 148 65 181 218
106 251 92 240 230 230 14 241 21 212 65 46 178 128 163 158 25 182 151 21
144 93 182 121 223 2 200 96 244 87 13 206 25 62 131 209 185 87 42 101
221 87 215 83 109 50 236 21 14 188 216 122 50 147 178 173 196 205 158 16
199 251 34 2 200 218 71 189 178 121 196 215 42 218 242 178 111 58 199 144
143 38 236 179 185 108 46 208 96 96 241 209 121 242 165 123 229 148 106 86
177 121 243 96 215 85 13 127 127 182 242 242 203 212 121 96 121 45 136 21
245 26 50 148 96 212 96 114 122 60 247 223 186 186 186 209 96 121 58 218
50 198 109 186 21 10 15 230 87 218 186 181 184 21 76 52 82 242 36 72
253 192 207 75 81 44 14 230 50 87 218 212 121 252 50 4 35 114 160 108
74 123 40 128 121 223 96 159 78 158 114 16 121 96 121 216 123 100 171 83
185 16 136 66 56 218 242 170 231 23 134 110 136 12 185 91 7 179 200 50
192 96 215 113 43 243 251 135 163 106 23 16 0 210 64 185 250 171 26 50
10 5 187 102 158 241 210 158 211 95 19 235 4 96 121 58 218 71 67 36
242 87 2 148 120 27 209 107 105 141 160 50 72 32 51 104 218 51 167 27
205 69 24 227 45 178 121 182 96 215 96 186 19 87 23 205 123 252 141 114
151 138 96 96 121 205 121 35 42 23 200 250 218 181 85 179 218 52 242 12
