160 198 121 242 87 3 19 50 240 121 127 24 200 94 121 200 27 58 28 46
194 14 69 148 103 152 221 75 235 210 73 103 108 26 73 25 135 242 200 126
151 158 112 135 242 200 163 174 62 11 96 200 51 251 50 121 212 14 14 201
242 87 23 216 122 96 26 220 18 122 26 215 96 65 69 86 136 250 176 243
114 178 212 112 20 138 176 242 82 162 218 144 14 131 195 210 62 46 158 108
160 243 243 123 134 7 182 12 175 87 185 1 196 146 31 158 96 26 96 50
192 186 96 96 141 160 96 87 186 50 1 48 203 242 14 114 27 196 195 108
205 10 11 151 147 76 83 245 121 131 106 191 106 121 209 96 121 37 255 24
185 198 73 189 182 58 33 160 23 31 186 34 174 31 58 218 245 58 197 96
160 245 14 121 115 50 143 193 27 242 0 186 96 103 66 83 50 240 121 53
242 148 103 219 4 253 194 182 94 121 86 96 51 186 108 84 223 113 159 242
185 186 103 108 163 170 121 248 72 73 77 223 114 253 87 70 96 96 216 50
114 26 0 93 114 135 243 200 96 112 108 173 121 182 12 182 42 114 168 127
57 211 56 158 18 211 165 66 93 52 121 74 167 209 242 151 189 242 82 200
50 147 233 203 123 8 26 25 243 164 21 56 96 66 23 114 108 104 86 232
50 108 121 182 20 231 23 31 114 223 114 135 121 195 211 174 0 16 7 123
91 173 251 199 113 182 250 217 102 242 155 147 101 62 173 185 223 107 50 42
185 111 231 121 216 252 50 108 206 23 150 231 21 56 158 103 241 30 133 223
253 107 50 152 108 96 57 186 131 114 235 51 121 99 195 144 241 152 182 66
52 121 136 8 114 235 35 114 187 26 50 33 212 182 113 66 121 87 96 151
163 174 178 178 86 242 3 14 118 152 193 252 93 162 148 178 8 96 50 58
243 143 242 200 42 12 171 96 42 121 114 168 163 152 176 33 168 114 178 160
158 160 32 242 203 152 185 126 118 96 42 69 118 215 50 84 56 232 96 50
158 168 82 208 223 135 200 58 218 96 219 210 242 200 96 205 56 93 95 73
58 218 67 242 200 230 158 140 195 148 245 126 45 167 26 123 199 219 74 0
159 10 126 218 140 248 158 37 199 241 151 158 96 26 158 241 87 107 248 50
58 70 152 170 0 241 38 107 16 26 144 245 10 5 87 195 168 170 182 46
231 103 48 109 109 151 216 100 141 230 14 77 6 114 200 96 96 45 242 127
145 159 121 114 76 83 223 250 12 235 50 110 173 223 250 182 215 218 58 242
223 114 108 23 114 158 209 193 144 137 200 126 136 230 99 14 58 86 161 96
151 185 218 218 254 38 122 174 191 2 152 203 236 19 175 12 14 152 53 45
245 211 136 114 108 199 158 203 0 163 253 72 87 159 179 12 1 223 14 77
231 146 197 196 26 42 186 108 114 26 218 241 204 14 96 186 51 158 96 176
197 96 215 65 87 109 151 121 128 138 25 25 30 121 22 121 200 51 243 243
252 50 131 242 231 127 21 66 242 179 242 12 28 47 248 72 23 175 177 110
16 103 216 108 211 97 83 245 131 252 50 72 95 33 135 121 5 218 240 231
120 4 208 241 87 25 135 218 241 51 96 38 9 114 121 50 87 121 154 72
28 10 58 147 103 87 96 121 121 185 154 121 181 201 9 107 147 121 48 144
242 148 230 87 96 219 151 151 103 66 121 7 108 121 39 203 236 223 50 200
243 135 242 0 247 181 90 230 170 101 121 242 200 50 67 242 77 148 138 99
151 182 172 103 12 102 223 14 27 50 182 61 71 230 114 7 50 251 121 248
121 58 93 135 21 113 160 62 147 48 177 121 243 114 223 242 200 136 114 223
57 178 251 152 183 21 10 229 26 148 65 189 237 136 200 26 96 192 105 223
127 11 58 241 120 231 12 16 72 178 103 209 98 137 87 174 205 12 252 200
98 50 242 182 110 151 184 29 14 96 158 242 215 245 209 189 207 75 25 204
41 210 87 209 218 242 200 168 114 135 121 35 147 134 121 120 242 191 242 76
242 200 148 11 138 239 251 219 221 99 223 215 136 71 12 107 50 106 176 186
10 215 121 195 242 200 26 241 6 218 51 121 182 242 200 96 96 50 251 42
58 194 14 186 186 181 87 96 6 103 34 97 170 23 95 231 121 114 121 114
235 11 26 215 218 57 42 62 12 239 34 168 189 56 25 121 106 37 245 92
221 87 234 158 32 251 121 58 50 95 2 200 73 114 212 102 121 96 201 103
253 121 106 197 139 121 185 72 223 251 173 185 95 83 62 45 251 96 113 106
97 111 254 212 96 176 215 158 209 223 14 207 50 70 56 19 121 0 251 50
27 52 182 109 242 200 230 234 170 85 14 60 14 96 231 2 174 43 201 121
158 213 19 215 251 12 131 135 211 2 152 114 182 245 160 58 212 14 50 197
78 234 151 158 103 25 135 121 170 14 121 31 205 151 121 182 20 216 108 82
114 62 173 242 200 24 147 159 231 243 219 12 131 106 56 96 94 128 240 74
227 205 108 101 121 218 109 161 218 26 56 138 96 215 179 12 46 121 218 242
96 231 232 106 197 244 50 1 46 114 121 99 110 177 192 223 14 190 152 11
161 223 189 196 230 170 14 121 243 203 34 62 178 201 234 182 176 215 210 112
167 251 30 66 183 218 51 121 242 148 178 212 192 163 144 82 81 158 26 50
138 107 212 96 22 96 96 66 245 108 178 170 58 103 32 186 170 62 112 30
58 50 103 34 240 223 69 114 239 23 85 196 242 200 26 87 7 113 121 176
160 65 152 234 200 96 91 12 230 85 66 126 218 218 215 218 96 16 231 176
