245 84 108 250 26 170 189 242 113 196 135 21 231 105 163 253 96 38 113 75
37 196 237 65 196 168 6 170 66 175 223 135 43 189 87 110 185 251 108 173
176 145 214 231 148 242 123 200 212 64 148 35 210 136 200 102 30 170 62 114
157 159 247 227 87 121 191 241 87 152 82 236 147 92 208 223 189 25 23 164
58 218 71 251 179 62 72 87 121 114 84 0 163 23 201 114 26 108 69 102
245 58 218 96 50 176 122 205 205 170 121 128 168 163 187 116 30 239 163 177
96 121 114 87 121 158 208 241 182 113 114 160 121 128 0 121 181 120 179 159
228 200 148 211 121 209 16 193 121 114 216 56 19 151 121 136 233 170 103 87
158 106 27 168 189 87 27 211 96 205 247 96 114 10 96 176 100 26 138 144
221 218 210 209 196 114 168 170 177 197 163 253 200 96 186 103 135 154 212 231
137 120 45 177 212 245 218 135 121 182 109 121 182 127 242 113 138 138 141 8
153 151 121 114 46 19 196 26 186 120 121 158 50 26 240 106 231 87 232 158
58 50 66 185 60 251 109 121 114 121 205 231 223 87 14 186 108 42 164 31
223 135 76 250 182 38 57 185 241 104 218 107 135 26 50 118 121 45 144 82
50 201 45 160 103 87 7 107 186 108 42 186 108 242 230 152 114 33 121 128
107 197 253 121 64 121 58 223 189 197 174 14 195 121 96 250 176 185 26 80
156 218 242 179 245 243 123 208 223 219 186 108 23 65 31 114 108 248 7 21
223 230 23 35 46 114 197 134 108 104 108 242 90 113 152 108 146 30 4 107
121 192 186 114 108 185 147 171 212 100 31 104 33 178 87 208 23 131 177 148
91 227 173 242 87 14 121 96 141 95 196 170 23 87 223 16 50 48 113 16
114 227 108 152 24 224 73 216 186 26 241 25 192 50 233 218 50 152 243 121
106 131 2 178 85 152 108 148 240 130 147 121 223 218 192 251 12 237 197 58
243 242 216 251 50 99 23 198 248 163 34 26 42 241 50 87 121 231 223 159
58 13 239 235 113 121 209 96 210 28 87 3 35 108 160 10 209 188 10 114
176 10 127 178 85 141 205 114 112 151 121 182 216 122 42 23 25 128 158 30
160 65 103 181 14 23 242 82 26 80 121 209 215 112 216 26 218 151 51 212
151 121 182 182 1 192 7 113 201 197 152 245 44 114 27 144 127 50 199 216
10 163 215 96 23 48 160 84 11 26 108 26 96 215 25 121 243 27 21 66
50 46 104 160 113 141 32 7 114 108 178 239 207 12 114 27 27 12 114 205
138 107 25 176 242 81 7 21 109 121 234 161 251 50 121 87 135 170 158 96
96 248 230 25 248 72 87 215 121 96 231 57 167 108 121 35 114 16 61 218
50 108 242 138 66 93 50 152 1 158 71 123 66 12 163 75 218 20 232 51
91 145 67 96 231 176 215 182 102 204 96 34 181 82 96 203 20 96 34 136
253 121 58 144 82 10 223 66 83 211 240 87 88 14 107 114 7 144 14 121
103 12 200 96 235 96 210 56 96 38 235 26 96 83 41 178 173 223 69 4
58 241 19 66 152 114 236 108 152 186 157 247 114 22 160 212 241 87 25 242
242 95 23 95 34 31 56 96 66 245 50 0 87 87 121 56 25 21 121 243
223 69 148 113 212 18 82 242 20 96 31 114 108 186 187 35 186 108 250 176
215 112 46 200 131 35 114 13 200 51 123 21 98 240 166 219 176 10 118 12
58 185 190 84 108 121 182 96 201 114 108 46 152 170 178 245 65 196 171 231
58 13 87 181 121 99 126 99 189 182 73 218 113 123 216 14 239 251 50 152
163 174 148 205 121 158 242 200 40 221 87 163 218 96 50 106 56 14 181 87
121 158 50 165 196 211 181 23 103 34 123 121 182 75 195 200 168 175 164 23
158 231 212 71 241 50 182 73 87 253 75 158 12 80 123 12 108 114 27 23
37 23 163 218 241 175 34 210 130 35 195 144 14 71 121 108 250 242 200 46
96 151 182 207 229 208 223 0 50 56 66 121 13 200 168 189 174 96 96 250
28 173 34 21 188 65 211 241 174 135 242 69 164 163 100 6 82 87 147 103
141 212 96 121 26 202 96 96 242 152 221 108 148 15 232 218 58 218 242 82
241 80 150 42 2 178 87 27 218 242 151 147 121 184 14 96 45 112 74 106
58 218 212 100 159 121 96 87 50 103 152 114 76 128 158 103 103 111 200 26
10 13 87 168 247 170 142 74 131 75 134 104 135 110 103 135 219 108 114 23
58 107 96 218 209 194 96 172 218 248 135 189 242 179 12 104 96 218 71 197
58 13 175 37 196 106 197 29 31 87 152 71 197 50 113 160 8 218 218 241
109 121 200 26 144 14 121 34 114 178 61 151 156 144 200 83 192 41 218 218
92 45 195 242 212 196 158 218 208 241 146 31 135 82 247 220 53 152 197 108
158 219 181 0 163 50 218 176 215 107 25 135 23 103 197 209 168 22 186 108
179 114 131 210 87 58 83 215 42 173 206 199 102 242 208 50 87 23 194 23
170 35 45 108 182 66 121 25 121 96 136 200 148 24 248 242 19 82 253 40
251 50 236 108 182 110 38 209 228 134 72 92 182 212 231 229 26 241 218 113
58 96 231 58 82 185 142 179 62 205 75 24 178 85 199 1 105 94 208 135
245 211 245 10 196 110 87 25 32 96 160 64 27 227 174 200 27 26 148 211
163 253 10 96 50 136 28 105 141 160 254 108 26 21 111 152 126 58 13 136
175 72 158 212 122 242 193 243 75 136 200 253 104 50 56 96 70 12 14 72
253 121 96 197 192 218 218 241 122 26 241 65 147 121 158 242 127 178 160 227
