10 198 87 212 50 229 73 139 26 218 85 15 176 144 14 93 135 242 19 215
96 121 121 23 31 114 168 108 147 121 158 159 92 231 152 203 177 137 184 215
148 189 189 96 65 179 75 26 209 158 184 42 12 241 192 126 215 218 225 123
242 200 193 189 107 218 182 58 33 57 23 230 45 87 203 54 121 197 165 168
58 107 13 25 87 14 7 148 182 219 223 3 16 77 23 75 31 122 139 162
218 103 212 121 114 50 121 35 26 181 41 5 85 114 108 14 121 114 35 148
170 121 158 201 121 205 231 211 122 186 141 96 87 185 23 237 248 221 120 91
26 135 163 120 71 122 195 200 228 218 235 82 152 46 101 242 21 1 133 163
96 234 209 31 122 96 26 91 245 96 186 96 96 173 182 176 106 211 51 152
102 151 158 121 158 242 200 73 215 87 121 121 253 220 96 242 96 109 19 182
192 178 11 57 186 186 42 113 114 87 87 135 242 200 6 103 0 111 122 186
131 242 232 96 114 251 19 71 50 128 121 96 121 242 97 166 182 212 208 251
223 114 158 140 250 212 146 56 208 158 108 239 56 102 142 82 83 242 75 75
121 197 160 96 121 245 211 177 21 196 51 108 113 182 196 215 38 50 189 242
144 200 240 186 148 216 244 242 231 114 223 135 200 250 176 167 127 204 104 218
151 161 215 96 215 62 242 127 242 133 103 34 156 174 72 98 10 86 168 151
91 104 178 160 242 219 210 136 200 50 27 158 35 120 158 25 242 82 34 106
252 192 148 205 223 120 251 221 87 16 87 27 26 181 14 38 167 239 173 121
242 200 22 209 158 26 50 201 113 186 106 56 121 114 13 186 108 159 121 209
192 26 170 96 159 251 160 45 128 242 240 114 4 111 69 151 121 193 92 231
37 242 21 173 40 82 75 12 114 72 23 87 14 223 151 55 205 242 200 39
158 160 92 219 221 0 122 170 208 235 242 234 209 223 101 185 251 12 114 187
58 13 12 212 151 251 8 121 34 192 178 173 176 160 245 215 91 235 207 245
245 151 193 41 0 34 238 191 248 242 176 95 208 58 151 160 65 158 160 103
231 122 26 83 196 114 201 121 45 121 205 222 174 72 35 158 142 96 205 233
192 144 14 92 242 127 121 114 203 81 242 12 218 68 121 210 200 26 148 99
163 253 118 200 192 121 114 200 96 158 50 16 144 127 200 163 174 152 193 201
211 243 135 114 197 74 4 215 23 113 244 253 121 2 135 206 26 103 113 96
37 196 51 158 103 241 173 219 223 135 242 20 255 194 251 19 13 52 233 3
74 50 189 61 153 105 223 120 219 96 215 18 192 186 186 120 77 218 74 212
170 9 121 99 143 98 29 31 122 96 69 230 82 231 242 87 26 142 203 221
192 186 186 0 50 135 114 232 231 102 242 87 152 170 142 207 12 114 154 100
37 151 95 242 66 185 152 93 185 98 181 21 206 252 102 50 156 218 71 121
158 158 37 242 179 175 77 147 21 231 50 72 242 12 25 23 87 23 131 216
192 186 181 215 209 186 223 23 182 244 158 139 242 162 195 2 152 152 40 242
65 160 245 94 130 2 108 46 120 121 106 69 238 151 121 201 231 242 208 242
58 251 50 212 14 119 114 174 186 181 0 136 76 216 108 242 231 200 72 222
158 91 58 26 50 69 241 205 80 216 122 143 52 72 95 23 75 80 114 134
58 181 170 66 114 87 121 96 121 105 137 83 186 158 242 200 26 241 0 87
82 121 205 94 200 135 231 215 151 158 212 151 142 216 251 242 69 242 127 82
58 107 252 26 93 50 240 197 121 58 107 163 58 212 82 242 14 27 23 23
151 200 154 41 65 152 74 114 121 87 218 242 130 148 210 240 239 223 42 93
43 131 242 127 208 242 21 42 4 95 152 11 96 151 121 223 0 50 5 138
170 34 179 121 126 218 182 242 200 136 135 114 114 121 58 57 186 230 6 91
223 188 10 191 152 53 104 135 150 242 231 87 14 242 99 23 0 176 204 241
96 121 223 50 216 122 209 197 235 28 220 126 28 203 178 219 177 76 151 212
3 16 4 245 107 91 69 120 242 127 208 233 79 242 200 126 51 13 158 211
170 103 95 176 96 215 218 113 205 115 210 83 242 87 14 87 158 22 215 218
26 93 170 34 31 50 240 214 152 91 244 9 186 203 243 108 26 242 85 219
205 34 200 26 34 9 219 22 96 42 108 250 108 250 95 196 114 126 72 23
245 186 187 53 186 141 107 50 31 23 175 12 31 122 42 123 95 231 223 14
253 80 123 135 7 135 22 164 12 174 131 114 37 23 0 121 114 72 114 121
242 23 114 121 253 186 215 96 45 243 32 241 162 14 111 151 121 243 103 0
160 244 242 30 19 173 242 182 182 113 216 106 122 96 223 135 242 250 179 219
9 138 23 123 95 121 128 168 195 114 27 26 219 215 186 148 99 212 106 252
196 138 121 106 114 178 243 92 231 163 152 50 133 109 230 87 14 215 168 38
192 173 223 186 114 0 23 218 74 8 135 121 144 14 121 253 121 95 14 58
253 14 181 121 158 223 114 23 164 135 108 212 106 105 176 97 10 177 242 2
62 35 90 186 108 26 209 148 203 201 121 222 251 164 175 223 186 186 19 158
218 51 121 253 227 87 14 186 241 152 31 122 96 69 242 165 66 95 121 182
253 94 2 148 9 203 212 14 101 184 42 227 50 251 33 114 27 23 136 200
102 151 126 218 96 50 27 67 203 170 43 197 176 85 179 218 242 208 186 107
107 252 114 96 201 179 113 91 121 42 12 114 114 72 121 187 56 158 37 242
121 96 12 113 232 248 24 108 193 91 223 244 12 99 226 243 38 14 231 58
