58 223 114 50 27 12 1 58 79 121 184 106 231 215 71 148 182 210 162 137
102 209 192 158 218 218 71 121 158 37 242 127 152 250 103 108 196 114 24 104
160 121 21 111 69 231 114 221 108 178 104 173 121 18 50 213 108 26 207 66
252 102 103 105 114 181 223 114 108 239 173 164 250 218 24 16 96 112 191 186
10 151 121 137 118 170 121 103 186 114 72 87 123 248 7 150 108 11 84 215
186 16 168 211 215 121 45 23 211 97 111 133 218 241 182 71 60 14 96 45
160 131 160 32 77 111 95 66 170 11 211 24 196 26 92 216 185 223 14 27
37 212 100 242 182 210 197 195 27 244 7 135 242 200 26 194 14 186 108 105
192 185 92 223 50 48 21 146 231 135 109 186 26 111 200 78 230 182 143 141
194 14 12 38 94 231 177 242 87 14 107 25 243 242 121 159 223 189 218 242
201 121 114 251 173 114 134 164 135 181 218 191 212 14 114 205 101 121 144 14
151 216 158 105 65 244 103 190 193 105 235 203 222 138 107 104 25 123 121 196
211 10 212 14 35 210 105 179 96 173 233 234 76 234 82 185 108 159 182 242
176 167 126 218 210 65 242 182 38 218 218 205 10 38 212 96 215 71 94 178
10 99 102 242 208 186 156 174 61 215 218 218 51 121 160 34 105 65 146 242
91 37 242 250 12 242 87 110 173 121 231 121 205 2 14 201 114 223 135 200
182 58 65 20 196 242 182 182 141 253 14 168 113 152 105 8 96 96 26 96
250 176 218 242 87 14 14 69 20 96 114 171 121 135 121 205 175 177 218 242
196 204 50 189 182 66 208 24 28 108 179 186 163 239 103 87 80 40 178 114
221 21 80 42 87 104 121 248 114 114 121 195 197 181 160 8 179 215 96 113
10 42 34 247 9 114 108 114 160 215 121 211 87 215 121 223 251 173 220 96
144 14 187 100 242 200 26 241 174 170 106 187 223 50 5 228 200 205 69 50
163 174 200 230 99 23 62 242 2 14 173 231 223 50 182 242 208 43 174 223
253 121 115 148 218 96 199 106 94 231 102 86 192 58 90 241 168 151 244 182
185 103 93 127 189 208 122 26 96 96 250 96 50 152 57 173 121 182 58 251
31 131 174 200 58 65 189 2 182 85 216 108 250 22 96 231 216 108 242 113
97 186 144 14 71 65 108 173 231 109 192 186 174 96 215 218 26 96 96 45
253 121 96 239 205 96 201 247 114 131 231 135 121 227 86 151 14 45 223 14
16 109 121 9 10 105 160 237 87 158 106 108 178 45 144 14 27 238 186 35
26 96 215 232 96 167 186 203 114 27 108 186 186 108 110 251 196 114 122 141
200 211 215 117 121 35 108 186 239 58 103 95 245 72 93 200 64 209 251 173
252 250 196 109 151 18 3 135 26 185 103 12 80 19 158 218 50 10 72 53
58 13 6 110 21 69 161 148 57 186 114 7 50 5 12 114 121 248 158 251
59 113 114 110 135 242 82 3 50 105 35 96 107 42 9 114 84 148 158 50
192 200 108 36 121 243 118 114 23 114 136 135 242 2 182 176 212 94 231 175
120 242 178 141 225 251 173 242 2 66 136 242 127 200 26 96 121 21 113 201
219 177 121 87 93 12 239 176 235 96 51 186 147 231 135 41 191 236 29 14
2 144 14 121 96 50 160 184 212 104 251 152 210 178 223 186 93 113 127 197
194 14 148 9 159 248 135 242 85 250 30 106 108 199 121 215 108 121 58 200
41 87 24 16 11 199 18 65 103 160 179 215 121 58 251 185 186 95 242 182
40 23 168 175 48 72 152 189 152 114 108 203 102 248 235 242 208 50 242 14
145 223 14 18 251 50 87 27 114 112 96 121 230 158 96 205 50 223 14 186
58 7 227 176 160 243 103 135 4 50 5 164 58 147 231 182 184 106 251 138
163 174 200 97 96 239 188 36 51 121 192 51 158 227 251 113 14 48 72 178
106 114 121 176 215 112 46 154 182 177 197 135 232 211 181 178 59 166 244 23
24 147 158 121 218 241 151 181 159 121 12 122 148 56 96 96 121 204 182 250
138 7 175 121 212 96 151 160 172 215 62 142 81 126 242 182 113 23 218 218
136 135 209 186 193 144 14 121 200 170 96 113 196 109 42 186 108 42 90 197
193 215 65 250 196 85 47 31 173 121 96 231 23 96 114 35 108 178 146 56
253 121 58 92 29 31 123 210 87 39 25 121 122 96 106 186 201 87 19 83
245 24 22 12 223 191 241 223 87 14 14 23 62 51 121 219 223 218 250 204
158 188 235 42 212 14 242 119 108 87 121 8 26 96 96 26 241 56 25 135
192 186 189 170 2 200 25 242 200 239 26 215 42 121 5 181 242 31 87 41
223 50 186 108 239 26 240 121 114 27 186 211 114 121 114 168 108 250 2 42
58 218 144 241 242 66 199 135 210 181 205 223 0 200 96 58 178 206 123 216
10 126 151 121 161 209 133 58 10 196 158 158 144 200 148 178 245 174 72 121
10 158 141 238 114 121 215 96 121 12 151 121 176 33 114 121 151 182 141 19
209 10 197 195 58 231 151 253 121 58 218 218 79 121 58 16 148 41 158 34
128 135 135 20 195 46 148 205 253 121 185 131 4 245 76 161 241 50 233 113
234 186 170 103 163 176 165 109 173 253 242 77 70 96 106 251 176 120 40 173
176 106 56 135 243 69 192 215 218 96 118 182 245 23 92 231 26 186 108 148
252 50 118 26 87 135 207 114 50 33 110 160 242 23 182 136 82 186 108 121
245 211 48 96 205 71 10 253 210 237 108 126 87 31 87 96 121 145 163 113
242 12 114 231 29 106 1 181 160 103 164 219 22 3 108 94 104 135 171 242
