58 159 244 147 121 198 121 128 231 121 108 121 62 146 28 114 251 209 148 94
114 178 142 114 181 114 121 181 168 141 23 131 19 136 39 87 135 143 186 148
24 16 4 240 36 38 253 121 205 223 14 38 220 35 250 95 66 151 121 216
248 135 231 135 148 181 114 168 22 2 182 1 176 144 14 34 200 242 91 14
114 26 158 218 50 122 50 163 210 218 204 182 205 121 28 114 101 223 35 141
192 12 185 194 104 102 23 34 123 33 239 187 223 189 141 14 233 114 27 242
58 223 218 38 96 19 136 200 253 96 121 58 86 231 3 77 215 218 210 2
170 121 18 221 26 170 67 242 30 87 14 151 121 234 87 19 92 104 253 123
121 50 103 34 94 200 153 250 50 123 33 234 127 121 205 244 63 212 114 112
10 215 218 215 7 135 216 122 42 186 186 186 108 141 14 212 96 65 242 66
242 200 186 186 108 26 136 200 50 121 216 158 197 114 238 131 135 231 153 186
221 186 108 120 31 30 82 239 193 1 242 178 173 251 199 77 19 96 144 2
205 198 242 120 173 231 58 253 96 23 31 50 241 50 255 123 71 121 37 67
96 136 200 31 96 173 69 110 114 178 23 223 53 14 37 109 121 114 223 189
128 248 223 223 16 235 139 100 17 250 208 174 147 103 75 62 71 186 108 41
106 223 14 142 141 168 82 52 114 72 23 87 158 197 114 7 114 108 100 212
70 42 208 113 120 121 159 216 108 242 231 109 242 200 251 42 48 177 76 208
158 96 38 96 251 12 96 160 212 14 227 16 75 211 132 42 0 135 121 151
58 135 100 174 20 14 148 6 200 250 176 239 188 248 135 242 182 216 122 186
58 50 189 56 218 47 87 121 218 20 96 50 26 204 25 135 210 87 230 159
192 247 148 216 147 54 46 215 87 14 121 223 189 182 20 96 176 160 242 200
23 128 168 135 204 96 215 108 182 45 210 45 182 242 208 241 174 189 189 174
151 165 231 109 214 121 114 35 114 252 52 186 108 59 201 192 173 34 240 135
228 231 201 50 200 96 107 113 182 168 151 18 104 160 177 243 123 114 164 127
211 94 114 121 160 5 114 121 114 168 2 14 9 137 148 178 67 121 223 189
192 121 69 45 125 197 71 87 25 121 50 242 135 114 87 121 106 94 66 242
74 10 73 171 66 247 96 121 108 250 181 211 43 216 104 227 69 0 83 160
96 141 223 227 69 95 46 127 200 188 231 223 135 114 108 69 39 152 164 135
209 185 35 106 114 22 114 203 85 252 24 147 121 114 4 96 121 205 114 72
163 152 114 16 23 242 115 164 87 209 214 108 42 23 73 61 18 208 87 93
228 200 26 152 151 121 159 106 122 134 28 147 77 248 135 21 152 1 163 182
223 186 108 26 19 136 135 242 14 177 227 50 67 23 31 35 12 26 50 72
138 50 111 104 151 121 137 141 14 231 211 194 87 35 161 50 123 127 178 167
158 108 244 108 26 34 131 170 50 33 58 181 121 218 96 106 94 231 223 195
234 170 121 34 152 148 175 163 50 137 215 158 96 113 212 100 170 103 87 121
38 176 165 208 241 25 242 200 42 130 94 123 121 108 141 26 148 134 181 159
74 163 135 108 182 219 116 186 3 96 45 214 66 66 121 196 103 203 230 159
58 194 14 186 144 231 244 35 57 87 22 168 189 46 186 93 170 119 62 158
242 200 113 106 65 160 212 11 141 186 186 148 237 186 35 114 85 71 102 208
58 158 196 11 242 127 104 200 50 5 67 75 164 181 223 120 186 186 253 96
192 186 108 250 108 53 104 253 12 215 218 218 113 123 114 235 91 128 158 227
114 22 74 131 1 37 242 47 58 23 66 240 189 62 29 122 80 87 76 158
151 121 145 121 205 205 40 178 62 104 215 96 38 77 26 152 159 1 58 158
58 218 208 194 14 26 96 96 73 25 113 212 216 241 87 135 223 215 19 123
58 218 64 158 50 114 235 109 121 114 239 87 135 186 114 121 96 121 182 242
160 8 25 242 114 19 13 200 128 56 158 108 133 250 176 160 177 131 45 182
34 105 218 242 178 114 239 192 121 205 235 26 148 73 163 176 177 173 251 173
242 200 42 186 157 114 190 34 136 13 136 58 69 199 232 121 58 12 12 200
192 186 186 50 215 25 71 135 123 178 52 211 173 58 93 95 242 151 231 189
174 170 50 182 136 212 96 210 82 27 108 242 182 127 160 181 156 14 101 121
58 135 242 178 85 242 82 121 96 250 205 2 21 152 1 161 186 16 180 203
192 186 193 121 182 45 144 14 185 87 158 91 223 69 113 77 229 80 31 87
57 23 197 200 112 38 121 176 85 86 22 113 166 216 122 26 96 103 196 121
8 208 30 170 121 248 104 200 11 38 107 69 66 158 107 58 94 14 13 173
85 151 158 135 242 162 14 77 91 122 126 218 11 107 13 20 239 58 185 194
223 151 121 82 164 253 48 169 23 87 12 65 18 82 137 83 58 73 189 170
114 22 75 26 42 144 200 186 95 121 61 14 121 106 122 186 158 228 103 73
163 176 184 108 42 62 104 154 65 103 204 94 200 60 210 192 114 158 96 242
160 201 237 170 243 150 248 127 194 182 112 163 22 12 114 235 113 176 242 200
160 227 215 108 242 42 199 113 212 122 154 62 147 121 91 158 21 148 96 201
121 158 25 87 159 121 212 244 151 121 186 121 186 121 158 80 223 50 223 19
114 27 120 186 159 114 121 35 203 35 23 108 0 186 192 65 143 139 0 16
242 200 239 7 103 152 108 146 150 242 151 184 244 48 173 231 94 244 194 14
16 243 85 71 215 218 71 50 58 242 200 222 251 152 11 212 107 13 87 87
