185 198 95 186 159 198 14 103 34 8 218 161 65 242 200 26 218 232 96 28
106 14 213 147 121 96 236 231 121 181 23 87 215 135 91 182 216 122 186 151
163 218 242 108 146 219 27 67 175 227 85 146 27 114 94 199 113 212 102 209
24 16 131 243 121 151 121 209 109 12 14 134 54 215 42 238 54 42 87 107
128 144 96 66 127 26 113 254 160 218 241 231 242 66 82 163 76 138 247 113
106 16 4 231 216 56 152 114 27 109 245 121 35 114 114 114 184 48 85 76
158 96 250 57 3 144 121 209 223 23 164 181 154 137 13 45 74 131 34 197
74 164 135 242 21 173 232 46 31 186 148 103 19 209 252 50 56 93 135 170
58 65 27 96 107 52 173 223 189 136 200 50 251 66 241 25 121 92 253 121
58 107 218 50 1 58 13 83 121 200 211 77 169 242 148 218 122 50 224 208
58 194 14 11 40 21 240 121 148 252 24 16 108 102 83 141 16 189 210 62
161 251 83 184 148 51 158 144 158 18 112 242 145 83 34 244 160 195 160 131
157 151 121 242 200 209 122 186 148 41 56 170 23 122 186 96 26 162 156 120
160 194 240 170 170 121 182 144 208 10 121 29 244 237 114 239 9 231 1 74
91 145 190 250 240 209 231 242 196 238 205 114 97 186 158 220 52 182 242 245
205 200 78 14 181 21 146 114 108 58 195 251 123 62 106 227 181 62 3 152
58 194 0 250 95 159 121 182 1 242 200 42 251 50 72 231 84 64 164 50
163 253 209 74 185 141 243 103 179 75 131 96 121 106 151 212 121 120 111 42
58 218 218 121 122 218 224 242 87 12 242 82 68 151 205 121 196 192 215 26
145 45 216 122 186 26 21 14 242 19 151 23 114 181 223 189 0 163 152 23
58 135 200 251 152 171 185 34 199 87 10 167 251 173 2 200 250 123 87 152
106 227 150 221 87 70 152 95 127 219 221 50 251 167 209 186 218 242 200 58
26 50 20 152 230 87 7 241 87 78 111 9 181 121 107 232 144 14 203 101
35 108 42 28 252 246 250 50 62 150 152 15 111 2 200 78 153 108 26 186
10 211 11 42 34 2 200 25 114 200 223 108 173 102 114 168 108 110 67 128
137 204 122 42 12 218 25 16 141 147 243 207 33 177 186 200 108 26 108 173
242 151 182 182 160 242 66 30 250 232 121 35 114 87 212 100 96 96 136 114
163 253 223 186 159 147 112 113 121 114 37 23 114 235 242 200 83 170 69 173
158 106 104 200 46 186 111 101 231 197 196 218 204 245 170 21 9 96 15 29
158 96 151 121 248 135 92 199 216 122 250 12 242 159 195 108 179 235 82 178
158 173 242 121 179 104 135 187 56 168 113 29 14 152 245 188 212 122 42 186
50 223 53 14 65 230 83 96 208 242 200 136 85 33 66 170 96 42 121 115
192 242 200 96 250 179 218 242 23 42 136 114 211 14 114 27 16 189 218 65
97 159 73 242 14 37 152 150 179 170 76 14 173 59 208 186 108 52 52 97
138 151 21 135 50 0 21 221 240 94 150 242 208 245 11 10 216 122 26 108
151 121 178 160 56 93 135 242 36 50 241 107 218 242 191 245 148 189 242 82
151 121 39 75 16 4 215 216 50 91 158 51 158 50 123 231 5 177 50 2
161 50 108 113 212 148 41 95 152 207 21 244 246 161 91 218 103 135 50 201
201 186 108 173 121 178 182 1 194 212 122 186 186 186 96 100 170 121 242 230
253 121 93 177 114 37 108 14 122 186 141 34 123 21 91 137 26 87 241 194
163 253 96 174 121 96 13 193 108 157 102 192 46 107 25 172 114 75 62 200
242 200 78 209 223 12 114 114 218 51 4 164 92 242 200 209 145 218 188 40
107 252 250 96 205 69 91 128 227 205 69 188 13 30 198 66 199 121 137 90
167 102 242 179 219 137 219 186 114 35 18 200 26 241 25 7 35 114 37 87
151 121 194 7 113 160 210 39 34 192 215 108 186 203 148 172 121 96 103 166
58 218 106 122 195 178 96 96 174 62 16 146 121 13 69 215 40 87 76 182
192 227 23 121 209 122 96 96 26 50 209 101 245 192 178 109 90 127 14 231
242 200 148 159 186 231 213 23 87 23 87 190 84 244 127 94 231 87 134 216
160 52 64 163 12 85 102 27 221 146 205 218 174 227 14 184 141 102 193 98
228 108 242 147 231 240 42 34 205 53 8 253 87 42 135 197 107 189 237 104
13 184 26 42 136 114 27 102 242 234 147 101 242 136 71 114 14 186 96 37
144 241 197 204 209 245 251 197 56 108 130 186 163 174 170 121 195 74 62 144
160 218 96 50 251 176 106 122 96 96 73 113 181 248 14 121 10 211 203 72
29 14 11 96 26 144 241 54 99 152 189 242 203 31 122 250 134 200 186 148
158 215 170 189 223 135 199 135 221 240 108 104 102 31 241 152 164 106 122 102
102 242 25 23 87 215 23 62 158 103 103 75 0 250 21 216 122 38 50 103
79 178 160 34 164 151 138 95 82 1 236 16 108 186 141 178 114 131 106 195
58 13 26 50 240 223 102 191 173 121 242 231 25 121 37 196 195 56 19 212
242 12 152 94 173 231 173 10 253 121 174 114 87 158 153 239 130 121 185 163
10 194 14 186 160 241 164 176 173 223 69 21 23 113 174 251 190 245 243 72
58 50 133 72 121 87 127 50 148 245 210 136 200 62 45 37 160 25 158 210
209 58 12 53 82 194 121 182 22 242 82 242 159 173 64 121 27 53 146 242
74 111 131 146 178 104 159 121 182 58 2 14 239 242 200 250 144 251 87 50
146 250 21 158 103 87 135 103 34 196 186 96 121 218 50 64 0 182 242 208
