145 137 239 50 26 136 200 96 114 96 114 114 25 130 186 182 38 96 121 205
211 131 18 200 114 168 114 7 211 14 9 91 163 253 121 160 158 134 196 46
215 24 148 218 191 121 82 185 203 188 242 16 187 23 62 16 10 94 200 24
16 1 61 17 210 148 223 170 23 17 151 162 104 135 123 242 218 176 215 108
40 104 121 158 50 241 174 173 242 127 242 99 122 26 111 104 29 56 135 121
151 121 252 50 22 235 242 250 152 108 141 107 10 103 23 0 34 164 107 25
242 200 26 241 87 42 87 121 114 134 200 205 190 243 103 121 135 21 177 148
223 114 195 108 160 212 50 171 14 209 133 73 203 95 152 215 121 182 75 251
50 163 34 136 114 27 50 201 114 121 27 12 26 240 231 121 236 121 200 121
24 114 135 242 200 250 73 42 121 50 201 178 30 121 128 213 71 92 47 31
35 114 27 108 26 91 10 108 199 244 242 179 129 159 225 121 136 114 195 170
104 135 242 106 226 151 143 227 231 23 25 242 179 75 174 147 225 35 242 45
205 233 251 160 179 151 158 160 215 218 103 241 87 32 23 66 200 58 195 223
176 215 218 218 71 208 58 238 16 166 102 137 234 82 186 93 12 218 96 50
211 121 58 12 50 147 121 12 200 136 200 226 170 45 180 242 182 110 39 12
50 168 108 26 50 91 103 113 232 29 152 186 8 127 242 196 218 11 242 85
192 173 58 223 189 174 239 104 35 106 56 7 45 106 251 175 101 121 248 114
58 103 77 95 242 250 96 66 34 200 96 50 136 184 14 121 205 121 205 227
192 231 160 158 201 121 182 38 111 104 96 176 30 212 73 114 163 108 152 114
192 251 173 242 200 26 218 215 218 189 204 56 244 128 162 73 233 241 182 215
192 215 210 87 39 87 158 244 58 122 42 186 170 66 30 142 230 45 251 248
243 242 200 30 106 16 193 131 212 182 113 216 122 186 16 1 211 189 142 108
192 0 26 21 11 211 203 121 248 114 121 158 168 207 56 12 122 178 46 164
211 14 23 110 62 114 223 215 230 82 185 77 26 42 62 5 103 87 121 209
58 50 103 223 113 72 0 123 33 184 236 106 121 205 121 253 185 27 239 85
221 136 197 96 239 150 176 113 33 212 218 215 67 242 200 186 82 22 231 88
188 245 14 74 114 121 114 178 114 172 7 50 27 223 113 16 165 95 121 176
107 16 108 32 215 37 242 179 56 81 179 218 239 114 168 203 108 203 212 212
231 223 186 108 34 136 200 26 50 190 163 152 170 165 10 108 212 182 216 34
173 242 182 182 151 182 212 182 242 178 69 66 186 108 186 170 177 177 123 199
192 96 26 148 96 231 201 226 234 241 14 14 121 253 12 122 186 69 160 188
114 178 160 227 56 135 242 200 250 218 114 27 112 242 208 230 135 92 242 241
135 121 205 242 200 216 158 135 242 211 25 10 245 187 161 105 205 233 241 182
185 218 218 113 232 182 242 184 14 215 13 114 104 231 160 92 43 35 192 104
160 198 121 58 102 242 200 152 20 182 121 114 96 144 121 92 2 63 2 113
209 137 191 17 151 121 200 242 219 230 45 50 216 122 42 37 19 186 148 171
201 243 103 123 12 45 148 205 158 103 241 136 114 203 102 192 251 173 121 248
24 108 148 242 87 189 21 23 31 122 114 108 211 23 105 227 174 147 244 35
22 154 218 245 229 148 245 13 200 37 103 136 114 27 192 178 242 108 3 19
221 50 20 193 87 215 121 114 27 96 19 152 186 203 34 127 114 197 112 135
242 127 21 218 65 42 135 238 7 148 41 67 96 135 239 94 200 242 218 96
200 58 135 48 43 242 121 200 84 186 108 173 34 244 194 200 200 96 50 241
160 243 121 145 160 212 187 215 218 182 51 121 192 236 114 108 115 96 151 121
242 14 212 14 121 58 106 56 121 186 186 186 186 83 95 242 127 11 126 218
158 194 11 207 182 176 96 200 26 207 136 50 164 251 66 23 0 87 19 186
10 99 235 137 83 235 189 121 80 58 218 123 216 25 114 76 45 23 163 10
158 130 182 19 137 215 174 218 186 181 196 173 183 14 210 158 193 113 232 212
185 111 219 102 158 50 149 247 181 23 63 191 179 31 215 85 42 123 184 42
176 26 186 108 26 162 148 92 185 253 121 99 158 188 151 121 196 111 182 182
173 104 158 158 242 178 0 50 209 170 147 121 243 114 223 114 149 186 108 186
160 211 241 45 182 71 66 42 123 50 242 19 182 182 195 211 113 113 232 212
176 160 88 14 131 114 120 37 152 131 219 114 223 114 186 181 87 121 223 247
253 194 82 26 83 83 219 25 10 23 92 176 160 242 152 221 87 14 121 200
192 121 148 218 210 136 114 27 58 251 50 165 152 82 96 109 75 83 244 163
10 66 201 16 56 10 8 136 205 114 223 114 195 232 96 182 121 95 96 151
244 158 207 238 42 136 2 200 30 236 114 76 243 85 113 77 248 182 219 195
223 114 190 137 26 74 173 223 121 114 218 144 14 121 209 194 66 176 85 218
114 50 73 102 242 14 186 196 108 69 26 83 21 251 50 223 159 16 109 23
221 12 87 135 121 128 242 200 224 96 26 186 96 45 137 73 151 82 90 121
253 121 10 108 114 114 243 184 108 90 186 207 52 2 134 152 170 243 160 34
96 223 239 6 35 159 16 44 114 209 75 222 253 87 135 242 218 179 215 58
201 192 121 114 108 152 175 230 182 168 159 46 31 114 108 186 186 186 93 107
205 121 178 12 96 121 114 27 26 241 174 14 10 106 14 46 135 242 250 209
24 16 0 121 0 148 204 107 135 178 131 231 143 235 131 231 26 87 96 34
