114 178 26 108 19 52 174 200 96 103 87 181 230 45 147 121 195 200 96 109
242 14 23 31 114 121 96 205 29 14 38 101 224 96 112 113 163 12 178 53
145 61 113 182 38 12 215 218 218 226 242 87 121 106 223 14 23 114 221 181
151 32 96 219 195 164 50 56 13 62 104 12 114 247 114 146 107 135 123 159
114 192 19 50 114 235 26 20 138 178 2 87 203 163 23 163 174 218 96 50
58 107 13 83 141 62 35 3 108 251 248 135 242 2 170 121 59 96 66 186
185 230 61 121 135 42 144 211 96 121 182 43 12 218 51 121 253 10 96 50
24 16 14 72 218 191 21 96 81 62 147 121 192 23 239 26 42 186 148 38
163 253 121 58 34 28 180 173 251 179 135 37 242 23 182 102 2 210 158 50
223 114 195 136 200 94 248 223 45 147 219 108 121 248 223 69 135 177 11 245
96 121 114 135 178 182 58 0 215 121 75 218 26 111 100 165 158 69 95 231
245 11 13 136 200 250 179 12 43 118 211 50 240 121 174 178 160 227 96 45
24 102 114 13 131 50 50 201 192 87 27 141 27 158 37 109 136 200 226 51
163 253 182 35 192 70 182 41 160 223 113 108 114 160 41 231 135 108 114 121
58 184 186 203 103 108 50 1 48 113 242 66 87 23 75 108 11 244 111 182
50 72 209 176 146 2 38 26 198 67 141 14 114 23 218 66 65 182 113 34
253 121 19 104 29 122 186 151 186 102 208 103 135 242 200 26 203 103 21 108
242 85 141 218 94 91 141 76 126 114 26 241 62 242 182 99 4 251 96 66
221 108 201 231 204 21 242 87 14 230 45 73 31 173 223 69 172 113 14 121
192 50 121 178 215 218 140 176 8 7 120 19 71 186 200 26 96 103 66 158
108 239 242 173 133 106 34 193 231 192 148 26 50 70 31 144 200 121 35 28
58 96 62 154 99 14 186 108 174 114 227 50 27 242 200 26 96 6 170 223
103 127 200 209 114 108 223 14 186 114 38 176 100 26 186 186 148 245 113 171
242 170 103 121 177 110 114 121 114 27 136 82 185 111 193 23 114 87 121 223
97 166 128 103 50 31 242 113 152 186 108 26 108 85 96 121 176 223 0 253
209 10 190 244 160 103 87 135 75 109 186 240 210 2 178 174 158 158 108 114
240 121 154 159 123 87 135 23 185 230 189 56 158 158 96 187 11 250 50 209
74 131 242 200 44 26 87 92 231 199 223 50 103 70 66 185 163 211 80 104
50 163 26 50 154 0 114 235 26 103 93 87 96 215 203 160 31 105 223 218
178 112 114 94 148 219 218 51 121 245 10 104 121 35 185 111 35 158 96 235
50 27 218 74 233 242 200 78 195 136 50 87 75 186 148 218 34 144 14 121
185 66 164 12 96 58 58 245 108 14 156 218 113 147 219 195 182 121 182 65
58 212 102 242 78 127 121 57 23 230 182 182 161 92 31 195 240 235 188 10
163 253 121 209 253 121 174 178 141 200 85 215 96 66 12 195 203 103 135 242
252 121 120 37 2 14 113 106 147 212 14 96 207 195 7 218 241 123 121 223
10 51 168 14 114 114 27 223 186 108 100 113 152 161 50 251 111 200 51 121
242 178 173 223 114 147 212 219 108 168 61 113 27 108 178 23 158 148 96 73
103 21 201 71 227 188 182 51 135 121 182 242 14 121 173 151 231 5 235 230
58 34 194 14 186 111 35 100 250 123 184 200 113 147 103 21 56 77 203 196
58 194 14 14 186 186 186 186 203 96 33 10 114 41 212 14 244 219 230 245
28 170 76 45 242 152 82 200 176 160 255 5 242 82 174 200 96 215 65 0
221 138 163 65 2 127 242 127 121 178 223 251 44 114 159 176 94 136 200 208
144 82 92 242 3 37 96 113 212 96 38 10 95 66 158 87 218 227 66 9
242 82 200 3 96 201 16 242 152 82 93 114 96 23 0 87 96 121 12 26
45 96 231 215 45 242 179 120 114 223 114 109 121 198 52 27 221 104 50 248
114 131 135 193 11 9 231 223 230 192 186 181 186 50 254 181 147 123 243 160
190 139 242 200 26 242 127 242 127 30 42 42 253 121 31 31 30 87 135 242
242 179 25 121 50 33 5 75 12 14 25 242 200 7 114 27 58 96 216 113
50 163 174 181 215 42 121 77 212 135 48 96 50 251 33 87 164 218 242 21
215 218 215 25 87 121 95 119 46 121 164 127 240 243 211 239 37 240 170 242
58 218 18 251 50 240 121 160 87 214 96 231 108 12 151 121 186 147 121 106
234 121 114 218 223 212 174 251 50 50 21 146 242 14 12 204 158 209 35 146
253 121 212 192 26 218 113 123 121 45 242 165 208 144 121 73 66 96 114 135
138 231 144 200 26 240 192 239 173 231 121 182 248 72 87 121 242 121 182 58
192 186 196 231 182 242 127 242 114 14 27 189 182 216 50 1 242 14 121 114
243 123 12 200 186 121 45 104 146 1 242 21 152 203 46 31 135 136 114 114
158 58 218 242 215 109 201 1 10 253 158 218 242 250 248 135 242 20 231 108
107 16 187 16 128 121 196 96 121 185 191 76 11 239 231 242 248 163 12 135
250 50 190 177 45 86 205 96 69 50 157 189 20 182 113 176 160 69 96 103
96 121 182 215 121 211 102 163 188 177 173 251 231 85 182 22 168 250 50 251
26 96 74 241 182 211 104 2 204 14 159 108 121 233 121 226 186 117 241 204
185 148 36 96 38 66 186 96 77 163 214 138 158 26 26 50 110 160 8 231
58 218 218 51 240 160 227 121 192 114 178 177 106 14 121 176 160 34 11 146
163 174 46 25 121 96 136 150 250 73 48 188 171 176 212 146 210 153 114 108
