114 211 241 215 189 62 182 114 158 218 96 121 97 50 242 1 96 231 108 252
192 91 242 136 200 58 251 73 99 223 50 25 10 186 14 111 35 27 52 114
7 45 121 108 178 251 209 10 209 223 114 168 108 26 25 181 50 5 137 197
122 26 96 250 117 121 242 23 218 216 122 26 50 113 108 182 172 82 185 14
58 194 173 121 86 250 62 212 50 251 76 241 50 173 80 45 152 164 19 31
195 10 186 108 250 26 170 223 50 33 12 114 114 223 45 23 48 31 135 136
176 69 209 223 14 152 180 96 50 46 16 236 212 146 16 109 52 176 114 235
158 50 209 77 204 232 96 96 205 35 108 250 108 250 108 158 26 123 135 2
161 221 218 103 95 66 2 248 113 16 186 83 158 212 88 14 14 121 158 216
192 186 223 203 152 175 23 114 37 91 158 196 26 242 159 114 223 114 186 212
106 114 235 141 212 50 240 207 229 109 137 184 118 83 28 251 21 51 232 121
185 111 41 159 22 1 58 93 135 200 26 135 114 50 56 16 242 200 97 93
223 50 251 190 189 10 126 218 56 96 67 159 121 218 34 136 200 96 50 148
26 111 158 34 170 62 34 221 94 136 218 99 251 96 250 181 159 247 170 19
151 147 74 101 231 197 24 236 31 135 242 165 182 176 160 75 146 136 135 26
24 16 212 185 242 143 45 176 176 85 242 113 123 135 121 114 37 212 251 66
242 200 26 83 215 76 105 174 150 26 163 19 174 186 141 195 8 192 185 164
242 200 30 52 75 243 72 164 203 158 158 160 8 242 200 72 58 158 181 81
10 253 209 147 102 134 105 245 52 23 87 12 58 64 231 236 114 27 182 96
223 174 0 186 181 50 135 242 208 58 223 50 212 113 251 173 212 135 151 158
243 109 121 181 23 182 114 108 100 141 14 239 236 173 10 176 215 46 87 83
170 121 77 194 45 178 0 182 73 197 19 208 58 194 14 14 203 18 158 71
231 251 173 10 50 201 69 69 219 170 82 253 231 201 37 242 20 14 51 251
221 218 58 135 10 201 105 197 218 99 23 31 122 78 174 131 114 235 242 170
242 66 42 121 216 56 121 200 168 118 176 119 114 223 0 14 93 72 87 54
205 209 13 130 200 193 5 218 31 135 103 25 135 242 151 121 158 103 103 210
16 10 4 254 96 231 242 200 22 45 220 96 138 14 186 9 215 186 186 108
242 14 71 186 19 93 227 102 223 48 242 182 113 14 108 255 194 193 26 0
185 241 245 96 218 242 82 105 242 200 168 182 210 114 114 108 215 23 135 163
12 44 114 212 144 14 71 231 103 0 241 218 182 230 114 114 87 12 96 185
192 186 158 106 251 121 50 205 108 173 34 127 82 242 200 73 31 114 33 170
192 186 26 241 73 87 14 158 227 114 78 189 31 114 4 118 200 96 250 22
186 148 218 88 20 242 14 50 48 182 114 178 160 106 131 158 242 200 96 74
58 181 69 120 197 174 94 121 108 239 96 186 148 96 112 135 200 250 239 148
97 16 170 113 248 158 103 66 183 58 151 243 248 103 21 126 218 182 171 212
221 218 51 121 205 194 173 219 221 163 174 114 218 241 218 242 12 114 134 121
43 243 123 208 242 200 124 158 50 230 135 5 96 50 1 65 193 189 204 104
37 160 244 41 104 106 159 114 27 112 92 135 242 151 173 121 209 121 182 242
211 215 14 121 28 200 197 96 60 82 195 193 51 159 10 242 200 186 53 11
82 163 106 42 0 247 108 46 186 108 203 196 35 195 200 11 208 209 18 50
114 178 178 243 177 159 10 11 71 121 108 104 12 219 108 178 144 121 5 108
242 200 186 108 186 200 62 182 52 186 45 242 218 182 85 182 152 46 148 50
231 251 176 85 24 16 74 72 95 212 96 109 50 0 223 50 147 231 108 114
163 12 175 186 186 108 212 253 241 50 23 197 96 152 122 26 241 218 96 50
114 178 239 251 10 245 102 30 182 173 231 211 77 108 133 242 127 136 121 205
100 245 170 177 158 102 182 12 11 127 144 208 58 50 127 104 242 14 186 35
242 127 200 186 93 135 242 120 237 186 108 26 158 62 166 65 207 122 137 103
245 58 50 5 218 242 179 12 141 14 45 160 175 209 173 223 196 242 144 197
242 250 196 113 185 23 23 114 230 180 151 18 122 250 123 112 113 50 177 41
223 114 114 27 121 223 50 72 135 65 203 152 5 50 56 107 123 95 121 106
163 218 170 75 87 159 121 154 181 87 14 121 114 27 192 10 114 29 14 121
185 234 182 210 114 121 114 121 64 143 22 158 242 66 179 230 11 50 42 108
186 18 7 218 113 103 87 27 50 148 218 71 121 228 102 208 24 16 114 108
58 120 242 200 78 108 178 104 218 241 192 241 87 18 56 96 221 87 96 250
231 146 67 197 96 176 188 244 69 216 244 163 174 16 186 108 14 121 173 121
92 3 181 242 178 193 62 178 26 170 103 19 93 161 186 159 102 242 200 151
201 227 159 16 10 186 215 6 84 146 182 216 113 106 14 107 25 10 176 85
158 231 24 16 43 160 64 193 38 91 180 185 77 96 136 121 96 107 50 86
146 118 127 114 22 106 108 178 173 251 248 163 253 230 233 121 73 55 151 158
120 160 242 14 96 45 146 163 75 45 152 163 12 183 140 216 122 58 212 50
158 231 140 62 85 102 7 189 121 197 185 72 65 103 23 218 105 245 170 189
114 223 114 27 223 114 23 150 97 209 96 250 242 200 205 0 96 14 239 209
242 23 216 113 106 164 13 186 142 211 110 37 21 23 110 133 151 158 103 111
192 186 148 26 50 188 45 1 138 19 3 23 113 200 136 200 242 200 11 127
