92 158 45 160 245 102 219 114 27 235 19 103 23 62 163 196 186 96 51 158
243 72 69 138 121 87 159 118 200 78 158 96 45 66 121 103 21 42 108 186
185 107 113 102 135 33 130 87 27 192 186 96 151 160 215 62 212 215 218 40
10 160 114 108 109 121 121 215 42 181 178 85 66 245 170 248 114 194 14 170
196 108 42 223 159 16 114 72 23 62 178 121 91 121 176 242 200 26 105 184
114 235 186 38 51 207 123 92 23 114 35 102 192 121 201 205 37 242 178 2
89 194 14 251 173 242 162 223 105 12 218 215 135 242 108 19 14 200 211 189
253 52 199 192 122 186 147 212 96 58 87 135 160 32 32 83 244 121 197 104
96 210 135 135 37 128 11 232 45 121 134 179 76 107 16 114 211 52 190 135
58 194 14 108 19 94 28 108 182 23 0 121 54 185 230 101 231 186 136 94
158 37 182 249 244 91 106 211 14 27 41 135 242 87 14 186 96 136 26 96
129 250 23 164 135 92 121 242 200 46 241 251 73 66 242 19 73 120 31 114
137 14 96 250 87 233 168 151 121 97 158 96 52 26 245 87 27 148 178 198
128 158 106 71 211 103 152 195 136 200 86 186 96 242 208 186 220 219 72 242
201 147 121 114 27 114 235 242 200 26 241 170 230 87 78 175 192 81 31 186
151 121 192 241 251 210 87 72 242 159 186 108 42 66 242 14 167 186 108 24
131 158 103 21 109 121 136 121 106 31 218 96 50 64 136 200 96 96 26 96
186 148 245 242 200 216 105 50 173 223 50 108 182 126 85 159 159 114 14 23
114 178 215 136 118 80 23 8 87 121 212 106 25 123 16 23 218 75 25 87
185 194 14 14 96 96 249 95 196 26 108 121 75 197 50 224 158 220 247 94
97 215 212 34 94 130 158 34 112 245 136 94 199 121 182 242 200 135 71 122
242 127 21 148 2 13 87 203 152 175 177 179 114 187 160 227 114 27 210 87
200 218 113 25 121 200 121 118 0 201 86 211 186 108 203 141 159 31 114 35
58 194 14 108 66 170 48 106 42 135 200 186 141 212 102 114 158 50 212 50
221 104 71 247 99 27 41 103 121 21 113 34 31 163 34 200 205 239 252 106
43 177 114 186 181 0 186 211 41 179 31 158 69 216 75 42 242 200 78 235
81 253 215 218 251 8 26 194 14 38 77 218 96 122 112 108 26 186 136 128
151 182 176 38 223 148 218 114 168 131 21 171 152 135 242 114 165 187 131 106
24 147 103 27 72 56 12 218 240 247 251 248 24 108 237 186 96 160 74 121
200 200 193 243 114 197 221 2 252 174 131 74 235 203 199 215 91 23 108 35
205 37 245 91 37 20 10 215 174 170 14 38 10 146 147 132 122 80 176 253
106 10 26 42 23 87 230 190 247 87 78 148 203 170 66 96 216 122 24 19
186 108 192 118 170 242 83 244 160 181 178 151 158 109 121 242 200 46 241 87
10 160 45 121 30 62 209 91 103 114 186 121 203 170 127 200 88 142 229 215
211 245 102 242 200 108 242 151 182 20 14 186 252 192 50 193 113 103 4 14
223 186 186 252 9 242 2 14 14 178 141 200 51 58 234 127 52 65 113 77
211 14 121 243 147 102 56 96 11 215 96 241 215 148 182 185 186 212 218 176
236 108 19 91 106 56 39 87 87 7 215 62 173 34 200 136 38 96 151 158
185 175 177 242 135 200 242 66 242 87 107 159 144 208 170 121 128 107 135 242
163 253 12 242 234 174 218 35 170 114 192 121 205 96 96 102 128 118 46 152
163 13 186 203 159 242 200 51 158 103 103 164 50 73 163 136 114 4 245 203
160 218 96 114 235 91 194 45 83 158 96 250 176 242 200 126 182 38 245 58
58 18 194 14 114 23 160 131 51 227 242 200 242 20 196 102 137 140 158 148
58 218 96 38 96 96 250 114 72 95 121 253 158 18 162 209 4 245 11 93
151 160 171 23 87 218 45 85 182 179 133 242 73 174 147 121 248 135 45 144
114 235 203 61 102 45 62 168 114 209 75 42 87 14 194 14 186 218 94 159
50 56 179 123 95 199 212 102 110 200 253 209 223 159 170 121 9 151 167 31
245 11 186 19 121 186 105 158 108 50 134 24 16 4 182 210 110 241 237 164
158 12 114 27 121 103 0 21 72 158 103 212 14 121 242 127 76 182 66 83
242 200 209 46 209 50 209 166 113 232 134 192 19 96 218 242 242 200 216 122
253 94 114 26 108 19 159 147 209 223 173 242 0 186 108 20 141 200 58 209
102 57 52 216 150 136 2 152 62 248 163 174 200 96 192 186 158 96 96 250
58 151 201 121 195 242 200 242 99 23 114 168 203 108 143 158 91 208 192 121
173 143 96 234 127 82 188 230 158 103 121 12 99 209 223 114 108 186 108 26
185 72 148 242 200 42 217 102 163 7 113 114 195 178 147 121 223 135 195 114
242 208 179 190 0 135 183 235 242 200 42 108 148 211 51 56 218 215 186 181
231 58 50 1 158 134 104 187 160 243 103 87 121 134 7 135 136 200 26 111
16 211 114 4 245 24 92 104 114 135 114 72 121 218 184 46 121 57 114 27
10 108 242 208 242 87 76 14 212 121 189 218 151 121 182 242 127 121 182 216
253 10 94 182 15 212 219 74 121 147 121 176 168 252 192 186 200 26 11 96
151 158 231 58 107 25 135 67 195 136 114 27 26 108 42 90 26 111 13 128
176 253 251 209 242 231 27 4 144 14 212 102 108 241 218 96 167 31 114 114
253 251 135 50 240 114 23 62 147 121 130 121 209 242 14 247 178 147 135 231
151 121 108 121 253 163 205 251 76 189 69 96 66 121 50 251 209 251 122 42
