231 35 114 122 186 203 110 144 127 200 211 94 158 21 216 122 237 186 186 200
253 40 158 96 113 91 199 135 242 2 200 26 103 186 96 215 20 215 92 45
11 251 33 133 89 242 19 126 46 25 87 0 103 23 198 95 121 96 66 241
138 45 10 126 58 28 186 108 250 245 235 148 96 26 241 87 96 66 186 186
242 66 39 12 11 152 178 95 199 1 191 122 114 24 212 158 108 110 216 113
234 165 87 13 136 148 46 121 65 239 172 136 118 215 50 241 87 122 62 104
245 218 242 127 158 127 50 1 48 8 96 96 174 186 181 30 152 221 3 185
121 106 131 50 27 26 194 51 121 182 147 19 231 152 105 218 113 121 58 218
242 200 9 186 241 96 50 27 108 103 108 250 95 127 200 140 184 200 5 218
163 253 121 205 10 158 30 121 106 101 232 158 103 212 208 164 135 121 163 177
201 114 37 160 158 56 96 33 121 114 168 27 26 151 95 212 142 159 96 34
58 120 246 113 176 21 66 242 2 152 231 186 189 82 186 91 194 242 179 75
205 128 196 135 87 34 242 200 91 164 12 203 147 106 164 13 200 26 170 191
201 231 106 122 78 35 108 121 114 37 135 184 212 218 149 233 144 241 87 218
243 23 198 178 121 153 220 39 158 34 136 242 85 82 170 211 239 114 106 114
196 114 108 178 156 218 113 123 20 91 94 231 171 104 135 242 39 241 230 0
209 242 66 241 218 242 66 241 182 51 158 158 96 112 114 195 112 105 18 69
160 103 181 163 69 118 141 159 121 200 212 96 50 23 131 135 211 104 253 112
173 10 96 18 251 50 5 80 35 114 135 21 121 87 241 73 136 242 200 26
160 212 232 212 242 179 42 62 72 95 152 147 31 122 186 103 185 223 96 96
176 185 111 182 176 223 113 202 218 242 127 56 76 136 5 50 72 185 0 12
245 218 10 151 18 158 121 158 226 211 104 33 35 114 27 12 251 66 121 50
96 26 21 56 147 102 87 135 147 121 102 223 114 152 114 181 120 121 106 51
205 253 121 40 121 218 71 122 227 50 200 245 91 92 242 87 152 221 26 140
222 56 42 92 128 227 200 26 215 96 11 24 53 51 121 181 231 114 211 26
114 37 67 114 235 66 121 126 135 20 96 250 80 160 9 242 189 170 23 131
242 14 212 100 209 141 96 231 26 200 216 122 26 42 108 19 91 211 73 248
205 115 186 241 104 135 108 173 199 72 158 244 7 50 8 12 96 231 242 127
163 174 200 45 121 118 216 122 193 182 102 242 19 66 241 153 166 170 121 50
163 174 26 103 87 93 135 30 19 21 56 87 152 175 177 83 244 158 108 193
114 211 203 236 31 241 25 121 218 41 75 218 51 232 160 243 231 103 113 95
151 121 209 10 50 224 96 244 121 200 218 242 136 135 242 2 14 186 96 121
161 223 114 114 27 186 108 181 87 27 12 135 182 158 107 135 242 83 103 103
161 50 242 66 132 185 12 100 128 182 176 176 126 14 168 126 241 200 245 50
189 223 186 120 52 152 118 231 126 135 87 27 104 231 232 96 242 200 216 207
58 218 109 97 14 130 73 127 251 50 35 20 51 121 158 163 182 139 242 85
158 19 42 251 26 50 108 26 96 6 212 215 123 133 218 242 114 27 96 123
223 114 27 26 41 237 163 113 212 242 66 42 144 242 14 241 103 135 30 242
151 147 121 248 168 200 192 186 181 50 72 23 62 147 244 177 225 180 114 27
100 28 190 95 121 243 123 95 219 108 35 108 185 96 186 215 178 173 223 23
10 143 192 42 186 96 62 121 26 75 26 50 2 47 31 50 172 23 12 35
121 205 121 102 158 96 42 186 28 114 230 83 185 158 111 104 128 103 103 181
106 131 108 242 83 81 135 103 21 113 106 23 163 77 164 242 2 200 25 10
114 35 212 121 135 179 45 248 190 215 136 71 241 0 232 158 96 50 240 161
194 14 78 24 147 135 103 87 19 71 186 108 19 42 0 52 172 34 136 121
141 102 45 251 96 241 229 50 67 192 122 141 212 178 242 212 14 219 168 212
50 251 173 223 50 110 92 200 37 176 242 179 200 12 96 50 141 223 221 250
58 218 218 99 31 122 251 158 37 66 181 45 126 168 200 209 188 10 79 106
176 215 42 87 186 157 114 218 51 91 160 35 158 103 251 219 133 58 190 51
74 160 92 114 108 56 83 11 42 23 87 62 198 54 96 114 164 50 122 141
192 187 186 85 152 40 182 46 31 94 21 72 196 215 218 16 104 21 107 56
221 50 245 230 87 110 140 248 201 42 123 62 16 147 121 159 121 182 51 231
205 35 252 231 126 218 96 34 107 25 114 200 168 203 16 184 42 62 35 9
58 218 32 135 114 108 250 95 182 71 176 215 218 219 195 242 200 250 108 199
185 103 181 21 62 163 75 174 200 26 123 219 239 108 121 182 113 176 176 114
112 50 189 56 208 92 87 159 14 186 108 26 96 26 241 96 215 218 170 242
221 174 251 216 108 251 96 106 142 35 212 71 58 69 166 42 81 95 151 147
102 242 103 113 242 127 114 210 147 121 243 232 211 82 112 50 233 173 121 211
50 26 170 8 244 245 178 200 168 96 151 158 124 65 181 200 117 158 50 157
158 108 160 34 51 170 121 114 168 203 62 148 96 121 65 35 0 251 131 151
201 211 119 248 135 114 121 114 27 108 178 26 215 26 200 158 51 2 232 182
242 200 186 186 108 121 82 202 151 251 50 61 114 108 114 168 108 19 186 114
114 37 121 58 209 83 170 236 72 152 150 164 12 11 108 255 223 153 148 242
192 148 41 40 87 241 87 204 70 240 121 2 38 242 95 127 244 110 83 81
