50 103 75 75 174 186 148 9 152 170 121 177 193 81 31 131 114 50 27 108
58 223 135 76 20 96 218 210 58 223 218 242 12 71 197 50 33 19 66 186
163 17 85 219 253 251 33 53 104 135 242 200 57 251 221 104 231 135 82 158
16 193 197 12 182 94 231 30 76 82 186 18 212 50 108 65 158 121 245 242
24 104 29 240 232 212 194 14 26 241 87 50 103 30 9 218 212 96 173 251
192 186 50 110 178 114 211 87 158 158 211 209 122 113 186 20 186 96 234 78
253 121 50 202 114 27 192 122 173 223 174 69 242 200 164 58 194 14 26 141
114 178 114 121 114 27 58 41 123 177 173 242 200 46 186 108 90 186 108 121
223 50 108 42 12 205 50 42 103 135 242 108 114 121 146 16 187 185 111 212
97 250 218 108 20 96 176 144 127 104 50 135 242 87 165 152 113 152 231 122
209 10 215 91 185 164 218 5 122 75 25 87 158 50 182 107 113 113 152 175
28 200 182 192 121 96 223 135 114 27 108 242 231 176 57 242 66 241 218 96
92 182 50 108 42 34 161 108 104 35 207 56 52 42 34 10 121 242 87 12
35 108 141 21 231 7 102 57 34 36 123 114 72 95 1 121 183 251 66 245
209 10 182 46 82 76 234 78 48 223 189 174 114 72 184 212 96 176 189 71
74 194 212 188 170 14 242 14 165 215 218 51 251 121 160 223 114 27 12 114
107 25 135 219 27 12 218 242 151 147 121 245 198 95 199 215 189 151 251 21
211 94 127 122 26 170 247 239 212 242 152 127 223 208 108 178 67 242 12 162
114 27 114 50 23 135 160 230 6 18 190 10 184 96 26 186 115 108 244 212
102 137 200 96 200 250 242 200 208 73 118 127 56 62 0 56 56 25 135 173
50 152 175 23 76 126 96 210 114 235 26 170 158 96 85 148 241 181 219 12
211 234 189 170 121 21 121 171 231 242 14 239 106 247 114 223 69 60 200 96
14 96 218 216 250 123 29 14 26 96 136 200 209 186 186 239 9 152 27 83
203 23 62 147 134 186 161 198 228 221 56 218 242 87 152 31 135 21 151 121
163 106 168 114 27 168 200 96 51 241 182 182 133 151 224 28 47 114 209 142
96 136 23 197 12 205 96 66 186 96 38 253 220 14 201 114 35 108 115 77
115 223 101 0 186 34 104 161 240 168 212 232 96 210 84 175 223 14 219 186
12 242 152 127 109 214 42 121 92 56 96 121 115 242 200 218 218 106 114 27
221 251 50 242 21 66 2 131 123 182 96 10 118 95 242 113 16 12 95 121
242 113 200 187 186 121 8 218 96 50 190 253 66 41 1 24 108 173 199 107
223 50 195 182 114 14 223 69 203 121 93 135 201 121 248 194 14 203 58 95
97 26 240 212 189 245 194 82 186 19 121 200 208 105 56 96 66 178 23 239
242 114 200 26 241 58 69 212 146 251 199 135 76 121 42 21 108 114 121 8
235 170 188 109 121 97 147 21 1 102 137 96 96 112 251 50 52 152 38 56
121 106 241 87 182 135 242 127 121 96 231 58 208 71 163 144 14 171 90 185
121 92 162 14 58 223 226 50 72 13 95 10 2 217 62 16 166 62 159 10
60 242 3 16 221 52 135 2 182 121 223 127 30 19 231 58 113 212 121 114
52 192 218 20 168 113 71 186 157 215 33 96 23 108 178 194 96 186 96 215
252 228 200 230 242 200 46 107 44 101 104 83 12 50 177 243 43 20 11 173
114 168 114 108 114 121 253 121 96 186 203 177 103 95 66 103 111 170 170 66
212 96 186 96 108 250 113 176 195 200 50 226 118 104 114 35 114 238 116 93
192 239 242 238 200 109 58 152 114 112 185 223 151 147 121 243 160 136 114 37
163 112 26 247 113 147 158 181 121 114 187 211 5 187 103 201 27 108 231 20
192 227 252 223 114 26 241 152 185 104 14 114 178 59 177 23 90 87 121 253
50 4 215 218 160 65 180 215 245 211 14 121 245 243 113 123 232 218 212 254
205 241 87 215 212 104 50 72 182 216 251 109 231 163 223 217 62 147 121 108
24 16 0 6 247 189 194 14 135 46 87 209 16 7 113 145 0 73 8 62
151 121 205 223 35 114 114 27 108 27 192 186 114 114 108 207 21 122 186 53
160 128 144 76 158 108 178 121 46 14 199 215 158 244 242 77 27 10 95 231
160 198 136 114 102 164 50 103 56 160 240 23 131 227 76 147 103 33 30 121
50 143 158 37 212 253 158 96 96 215 96 108 26 87 236 135 91 46 41 212
50 56 158 106 246 121 145 50 239 48 235 242 82 152 195 108 133 242 174 39
223 159 205 107 135 248 223 50 190 23 185 111 196 197 221 158 96 218 235 83
160 34 123 144 11 83 186 159 121 182 58 182 74 2 8 159 209 212 50 147
194 148 176 160 210 244 2 182 210 251 173 242 87 23 31 114 13 96 186 114
158 96 50 135 242 148 210 57 121 182 96 219 239 242 127 182 96 74 31 114
192 215 160 0 109 186 96 215 6 137 96 212 96 186 96 234 182 127 216 122
80 121 121 97 244 253 87 209 76 83 212 168 170 73 136 57 186 186 186 32
185 148 6 6 193 105 205 158 96 250 108 179 45 34 4 196 114 24 147 135
10 200 186 151 103 108 151 121 199 135 31 114 24 67 159 65 141 178 14 223
205 40 178 48 113 123 38 56 96 215 210 138 218 241 87 232 62 133 29 29
24 147 193 182 250 243 96 231 23 184 22 51 121 128 242 87 152 203 96 66
158 144 156 107 113 16 255 21 206 51 158 242 179 66 185 198 95 44 114 27
121 97 93 3 16 10 114 27 186 120 108 104 19 127 69 199 231 87 168 203
