58 181 178 19 227 6 118 233 242 127 208 22 121 205 194 14 186 181 135 114
245 211 131 160 227 135 242 212 45 182 176 144 14 14 217 102 137 170 38 182
58 218 106 135 242 127 242 123 26 119 2 127 192 178 182 182 183 144 82 191
226 175 71 7 21 241 56 96 244 135 242 136 114 108 114 121 154 107 135 105
221 26 103 241 218 218 103 34 31 114 121 245 41 11 133 58 151 158 103 160
50 163 215 135 210 123 12 45 182 114 181 19 209 121 242 179 39 87 96 14
242 170 85 174 200 250 108 250 26 96 135 151 103 23 151 52 121 253 76 244
176 144 14 188 182 126 118 141 56 96 215 135 136 223 218 254 103 50 87 87
114 178 200 205 170 102 230 114 69 199 231 81 28 182 216 122 26 25 140 83
10 27 50 148 233 218 191 121 26 247 215 211 131 50 164 29 14 186 96 96
50 126 93 95 154 253 178 242 87 14 190 4 215 171 92 31 96 11 26 241
242 159 222 174 233 94 123 34 31 239 212 114 92 121 108 242 178 101 102 199
192 58 218 65 182 245 12 114 195 231 207 207 136 39 12 114 135 197 19 107
21 98 182 2 165 232 99 122 96 45 96 231 210 26 170 14 186 186 96 96
193 252 186 34 50 240 193 114 5 235 19 253 209 96 96 151 73 118 46 200
161 116 244 189 25 215 194 14 186 200 158 186 148 96 96 205 50 251 66 163
242 148 160 215 8 103 67 203 118 170 177 103 32 194 14 200 96 112 58 126
242 200 251 158 218 99 196 230 95 196 109 158 158 2 216 96 50 193 60 10
253 121 7 14 96 109 186 170 103 108 16 173 34 119 185 241 19 42 113 19
58 13 95 185 158 186 44 114 70 160 210 182 133 182 171 31 52 27 192 227
163 253 200 26 65 255 100 176 179 223 72 87 16 200 69 96 57 26 241 31
102 223 14 239 169 135 160 121 242 200 42 12 135 110 173 223 27 122 186 96
10 151 251 95 244 253 135 148 176 215 218 96 65 178 160 87 23 181 7 50
186 163 192 12 46 38 12 45 104 135 200 58 34 251 104 100 242 66 25 83
146 28 182 205 177 251 19 223 69 19 93 50 194 14 148 6 170 103 121 189
218 242 108 26 218 144 114 41 95 5 247 81 182 163 176 195 34 150 123 63
138 151 121 59 148 9 32 186 170 71 227 159 230 121 43 177 50 80 95 36
176 250 179 203 245 62 16 131 83 147 244 121 242 200 56 7 104 164 24 135
58 218 179 215 171 231 62 173 136 191 12 191 23 87 135 242 42 173 181 34
146 28 147 219 121 103 113 16 223 173 35 186 181 159 34 200 57 114 7 215
221 16 30 122 186 114 239 46 121 239 135 242 48 158 108 90 96 65 188 241
68 212 221 134 152 114 131 106 97 51 96 59 121 181 121 218 242 182 151 147
176 85 114 148 218 245 10 103 152 176 85 96 91 193 136 200 162 103 66 96
158 190 42 121 121 245 38 96 121 176 215 200 51 121 114 168 75 174 195 136
31 114 223 87 96 212 146 175 12 242 87 14 27 113 18 216 26 50 163 127
10 160 218 51 121 128 106 178 121 136 114 168 131 114 203 117 62 104 103 50
99 122 26 26 181 103 75 108 250 240 20 148 244 186 108 211 73 66 210 2
37 196 14 95 26 30 170 121 92 45 201 26 218 50 144 200 58 218 235 242
91 123 242 200 26 50 21 74 182 118 12 232 96 87 186 186 181 103 12 45
58 218 128 181 223 75 42 108 250 123 62 168 189 75 182 66 162 104 121 151
221 50 152 11 250 17 186 181 148 92 104 231 212 231 122 219 94 26 148 245
186 158 160 103 244 0 58 127 123 182 232 95 248 242 113 23 218 245 24 108
231 50 108 23 237 114 121 106 121 106 94 147 121 144 200 202 191 87 121 158
138 14 223 186 96 186 186 111 196 212 106 14 96 114 121 61 96 121 138 71
161 94 131 116 18 209 116 186 108 159 251 173 54 107 38 96 205 190 51 121
185 223 35 108 196 215 82 163 182 160 101 185 23 175 177 0 236 7 190 223
50 8 97 208 144 158 144 14 186 20 96 127 113 114 121 205 233 96 38 56
211 192 87 135 121 58 242 66 2 14 186 9 241 136 158 17 19 163 52 205
178 109 121 186 203 159 123 187 223 251 9 109 242 191 242 21 152 45 97 18
153 118 107 25 123 162 19 14 215 186 186 93 215 175 160 158 210 50 242 200
158 244 242 87 247 164 158 218 2 14 58 35 144 14 186 223 114 186 181 121
58 218 212 121 209 176 64 76 189 19 28 186 147 231 121 126 12 50 218 212
158 160 96 173 136 87 209 31 218 241 25 135 242 87 23 31 252 238 114 105
58 194 14 186 186 186 79 121 80 242 87 14 33 106 143 51 121 114 27 109
70 178 242 200 223 73 103 12 85 96 176 253 121 21 122 135 221 26 50 146
194 104 253 209 50 251 152 105 197 50 132 189 121 250 152 108 182 20 38 42
16 206 201 153 184 250 108 148 17 58 119 212 253 121 135 242 50 2 14 148
160 8 103 181 23 248 137 182 242 152 136 200 26 136 241 87 186 25 121 158
26 108 104 11 66 104 31 122 186 181 19 244 242 14 239 158 253 121 220 209
248 163 12 26 135 242 231 26 21 50 46 33 85 96 250 50 94 207 56 123
121 175 242 200 105 185 135 121 200 50 251 245 62 197 252 16 242 200 140 171
160 223 186 186 148 41 231 31 237 16 231 48 106 251 12 24 152 170 177 103
58 194 14 251 173 223 231 0 158 103 34 161 108 26 158 163 122 26 186 87
209 137 193 191 212 96 215 96 192 121 253 10 186 108 26 186 163 6 234 2
