185 0 186 127 223 218 14 50 251 173 121 242 19 218 66 113 173 222 10 158
185 218 71 247 252 50 108 1 228 71 209 251 204 87 135 26 241 182 158 158
57 121 150 245 136 135 114 185 218 135 167 200 46 42 148 211 194 121 186 148
185 194 179 16 243 242 200 126 251 242 200 215 25 241 85 66 152 75 104 104
192 14 152 242 127 200 216 186 96 96 231 114 108 199 201 151 121 125 83 246
192 200 168 218 242 179 160 241 218 144 14 77 212 102 239 176 165 69 95 173
242 200 50 26 148 96 201 121 182 50 27 242 29 139 133 58 181 10 83 160
24 16 211 239 193 11 96 26 241 96 96 50 215 66 115 62 147 212 121 211
242 14 242 9 23 128 164 50 241 158 106 114 235 114 26 87 0 247 215 87
192 186 50 103 113 146 242 151 103 190 103 19 135 67 182 58 242 21 19 163
125 21 113 212 245 102 252 192 114 196 26 123 96 29 32 77 82 170 200 138
234 243 121 209 16 72 245 211 182 141 45 14 2 107 25 121 209 65 0 218
7 69 3 148 245 96 186 96 45 223 195 58 128 122 131 114 26 18 106 143
58 28 45 144 14 14 121 34 184 121 99 27 109 42 26 247 247 96 186 103
158 158 103 108 63 1 163 253 231 215 28 131 109 122 42 38 114 108 141 29
158 148 96 96 250 108 83 81 158 223 218 113 204 135 211 211 181 203 121 138
163 253 40 197 117 58 152 239 197 152 31 99 31 204 96 38 58 56 50 5
209 242 66 165 63 113 16 121 109 121 34 200 148 134 163 186 96 211 114 223
96 199 135 127 242 250 62 66 241 31 26 148 158 96 250 50 218 96 42 96
177 200 97 244 233 243 164 135 219 164 58 231 76 182 107 200 242 179 186 186
65 147 177 121 2 200 218 96 186 92 127 82 52 37 255 16 121 136 121 176
58 194 14 50 200 108 178 173 104 148 205 223 201 250 108 148 245 92 212 96
220 7 14 23 85 23 113 231 121 248 7 160 131 75 252 144 208 218 74 87
85 151 160 209 141 139 253 168 158 64 108 26 19 35 53 14 108 114 121 2
151 243 102 242 20 96 23 137 185 72 87 7 248 135 109 186 111 7 114 114
74 194 121 158 135 21 96 239 238 205 217 62 143 26 111 104 120 121 99 148
242 200 26 241 218 218 96 229 197 50 20 30 114 27 108 26 203 219 252 102
242 200 26 241 87 42 241 14 239 205 194 47 121 106 251 209 242 200 42 186
34 12 14 201 14 251 245 97 93 95 14 219 32 96 200 113 186 26 243 241
58 50 87 5 77 110 87 135 223 114 35 114 23 114 121 114 134 19 152 9
10 9 219 220 186 96 121 182 71 114 210 137 200 96 174 94 200 96 121 182
37 188 102 242 127 110 159 101 141 218 103 241 218 96 69 219 108 196 85 20
57 121 182 86 210 182 22 12 230 168 152 12 251 50 75 209 147 80 123 135
192 26 50 244 41 107 16 131 21 93 176 10 210 193 114 211 27 160 113 34
50 113 27 186 108 182 86 45 251 136 242 127 82 239 182 96 219 194 182 176
223 163 66 224 176 214 152 114 121 222 223 219 114 205 121 189 205 74 136 18
209 10 114 108 239 144 208 191 95 41 120 160 75 87 107 24 147 212 135 184
192 221 207 128 242 200 96 174 72 6 121 194 208 185 113 212 178 56 185 186
74 37 226 7 14 14 215 218 204 96 186 159 121 50 7 215 212 96 251 96
99 197 242 152 189 80 182 209 108 193 20 14 219 96 26 215 218 51 242 121
151 121 66 127 242 200 110 142 87 135 121 175 168 113 106 31 114 72 199 212
58 194 14 152 113 108 182 85 189 179 214 244 240 219 26 111 147 135 114 218
253 54 64 27 93 19 219 14 10 186 144 96 66 30 14 121 163 96 223 135
205 234 134 240 11 20 96 135 242 87 14 215 26 218 135 82 170 94 5 218
10 201 160 212 251 12 114 168 114 27 164 176 66 242 162 212 187 85 96 201
158 18 103 123 66 83 242 182 216 46 31 114 27 251 91 148 174 197 24 147
10 160 227 23 163 151 52 197 239 123 232 96 51 242 14 96 186 218 148 58
114 221 197 150 179 159 31 81 108 141 96 186 209 242 14 26 241 158 218 218
223 69 113 21 66 186 211 136 121 102 105 75 87 209 22 58 34 252 237 20
170 121 248 192 96 244 205 76 175 121 60 14 19 133 41 151 160 128 158 186
96 121 37 94 231 242 87 200 251 91 25 114 27 242 114 22 186 69 212 102
253 121 10 151 121 120 221 207 62 56 218 96 12 114 58 35 215 87 111 13
58 50 240 223 200 96 201 251 66 199 135 242 113 64 240 34 200 192 164 106
116 186 92 231 27 242 200 78 19 3 50 148 97 215 121 148 205 227 87 152
58 34 21 87 31 158 96 50 58 16 242 82 234 108 250 123 208 160 56 71
242 200 96 26 241 218 245 50 209 86 151 118 178 215 174 131 219 72 168 71
10 114 108 114 27 163 174 200 96 34 200 27 223 151 121 93 135 242 127 182
205 209 158 186 160 128 158 69 26 215 3 181 56 181 87 78 73 135 216 56
58 122 108 114 177 193 138 103 151 103 34 196 53 212 96 176 215 51 168 50
234 241 175 151 103 223 181 196 173 251 30 101 231 121 242 14 87 121 34 174
133 85 178 215 218 242 200 251 135 114 158 130 197 121 185 77 186 108 250 194
37 121 205 201 186 120 114 72 87 135 200 26 215 96 26 241 96 45 23 197
151 231 151 248 207 95 179 212 146 31 14 60 121 176 103 108 34 152 247 195
201 121 136 151 182 244 242 179 31 42 114 26 241 65 104 135 136 114 24 200
