252 24 16 239 26 111 158 96 113 73 229 221 197 112 205 223 114 114 239 72
154 182 109 121 186 96 99 177 215 207 160 92 173 134 136 200 186 108 26 186
9 13 7 114 121 176 34 170 14 134 127 200 126 218 51 102 88 223 114 114
96 118 96 50 126 108 242 178 85 189 230 231 242 87 223 113 170 2 200 148
221 56 232 218 71 13 200 26 241 174 72 152 221 87 57 179 126 230 38 185
114 108 196 134 10 12 215 96 12 221 21 26 50 108 182 20 244 23 160 178
176 96 159 173 251 21 223 87 164 223 218 74 227 27 207 123 135 135 242 127
242 203 170 243 57 23 114 121 205 121 218 103 96 216 50 108 173 184 45 127
37 146 251 242 21 241 234 14 121 154 110 223 120 135 31 218 118 80 135 248
58 120 158 67 148 96 96 186 186 186 114 121 158 96 29 114 42 108 211 211
205 121 96 74 56 96 45 211 9 113 23 108 178 23 56 250 12 24 147 87
138 251 200 26 218 113 212 50 170 103 95 21 50 20 14 186 93 95 110 197
245 136 200 186 108 184 141 161 96 26 42 108 2 108 160 85 189 91 248 163
91 69 96 215 135 218 241 25 242 87 14 23 87 139 243 121 12 114 108 114
205 10 114 108 185 216 108 193 26 111 200 186 108 26 243 218 251 12 242 82
253 121 231 242 109 121 181 230 159 247 242 196 126 182 182 206 36 186 96 45
243 242 170 154 94 82 185 164 254 195 94 191 173 206 69 211 186 92 216 251
96 223 121 114 108 9 186 170 121 218 244 241 52 105 96 201 242 250 108 196
120 223 69 173 251 50 17 66 96 186 186 96 215 96 215 141 216 100 127 104
74 8 223 14 144 242 14 66 245 102 207 94 242 79 22 200 180 203 221 24
10 20 96 121 182 113 106 189 174 170 188 245 67 106 69 114 121 200 96 45
91 59 85 196 253 207 208 121 181 197 96 96 121 159 50 196 173 182 1 231
64 26 50 242 114 200 239 114 37 19 121 158 96 26 205 90 78 209 77 240
62 158 108 244 159 251 173 10 31 114 205 87 57 154 95 1 111 219 96 45
145 253 0 134 78 39 230 65 189 174 14 251 50 233 209 242 200 144 30 87
242 19 42 186 186 19 218 215 121 141 223 69 21 26 186 186 26 170 14 121
107 13 200 207 208 188 59 218 91 128 83 192 227 160 215 97 199 160 103 96
69 23 12 170 121 156 230 110 178 223 189 182 20 96 58 96 242 208 242 66
195 251 12 28 147 121 38 73 177 10 108 26 111 223 73 31 135 108 56 121
58 245 51 244 103 34 200 96 250 174 252 150 100 82 170 243 242 203 232 66
158 242 200 209 242 215 237 197 218 96 176 26 42 111 200 136 50 18 122 107
221 251 173 231 233 209 96 52 31 174 200 170 182 242 167 26 151 101 243 103
74 136 216 134 94 200 186 5 108 42 90 23 218 74 5 242 127 179 62 104
138 131 241 87 75 218 51 245 59 160 8 113 23 136 150 179 227 123 123 95
114 223 186 108 186 92 173 176 223 23 40 95 231 109 121 177 142 69 212 96
245 51 236 108 11 102 56 163 111 182 20 139 185 218 160 105 223 50 182 135
65 0 75 218 96 196 242 85 179 31 186 106 121 200 242 200 26 136 200 51
161 140 66 2 42 42 12 45 23 31 135 121 39 164 13 52 97 23 135 201
219 223 203 23 48 32 151 117 189 255 111 52 251 95 206 133 151 160 96 201
160 217 159 121 201 50 251 241 251 154 50 61 42 219 251 91 219 221 218 51
209 160 242 176 0 58 251 152 16 145 33 163 253 107 208 58 189 151 121 231
106 128 51 121 209 10 181 242 121 46 73 87 78 169 21 242 103 87 24 14
58 194 14 218 231 109 177 145 159 176 242 200 211 23 218 71 51 134 152 175
231 158 18 20 212 96 250 123 19 42 87 247 170 121 248 209 102 41 128 242
252 192 13 197 218 242 196 26 240 160 223 69 212 140 4 253 254 160 227 241
158 108 20 242 250 57 66 173 185 111 182 113 212 146 242 82 192 122 58 13
186 92 200 11 152 175 113 106 14 212 215 121 25 30 190 223 114 223 186 186
114 223 69 171 244 23 62 16 85 96 58 69 121 108 211 181 203 121 188 86
223 114 14 230 182 113 77 136 114 62 87 40 246 218 96 247 96 251 205 19
138 14 153 186 92 196 195 130 103 87 27 12 212 242 14 144 2 200 182 186
221 209 85 58 245 102 242 14 219 223 135 129 1 171 168 106 38 177 230 178
242 200 26 108 97 147 121 79 121 192 186 170 121 176 224 160 182 121 11 56
66 118 250 12 218 74 131 242 87 14 230 114 114 19 0 186 93 151 121 160
185 135 199 242 200 26 111 123 178 176 144 243 121 173 121 245 121 57 121 80
231 223 186 186 108 19 82 186 186 170 121 144 50 1 19 42 217 144 14 220
97 188 208 26 241 87 232 121 209 0 244 67 180 215 218 215 28 182 242 200
96 73 234 2 241 182 105 179 7 135 58 50 48 23 87 27 67 36 109 201
231 160 233 137 96 242 200 208 87 93 223 197 78 14 198 172 41 219 12 105
10 186 147 121 20 51 11 182 215 121 2 200 205 72 152 175 251 12 31 96
242 151 186 96 81 199 209 230 215 245 120 235 109 110 243 103 87 27 105 108
185 111 185 194 51 76 104 44 135 57 2 127 127 242 14 42 198 200 7 219
211 14 34 46 186 186 108 42 247 163 113 212 0 218 58 60 182 110 212 96
160 111 191 91 158 96 112 96 66 162 50 95 34 95 248 32 209 144 242 127
159 19 234 170 2 200 46 14 186 186 186 108 250 108 26 240 84 221 242 170
