242 231 121 205 234 254 96 46 104 113 107 113 106 121 108 211 215 189 136 251
96 178 186 209 137 45 27 96 45 46 16 142 121 181 30 86 96 176 114 99
151 103 37 196 45 173 251 50 210 250 179 87 205 103 113 147 155 102 128 5
151 37 196 96 182 38 209 10 114 108 252 192 186 186 50 108 42 123 87 223
121 182 58 251 200 193 76 185 30 66 19 122 26 116 174 76 3 96 231 26
138 163 96 50 152 158 158 108 52 44 200 253 96 177 96 223 227 159 27 186
192 163 12 45 223 186 120 174 114 35 108 232 161 50 31 42 87 121 87 103
160 189 121 205 121 114 235 26 50 207 56 66 245 244 205 178 21 136 24 16
205 121 131 106 131 177 159 35 192 122 186 210 26 170 121 110 243 21 102 128
231 209 242 14 200 14 223 45 189 46 186 34 252 192 85 20 152 51 109 121
194 236 16 130 182 216 122 42 186 108 242 159 174 200 192 186 96 250 12 218
106 94 114 203 181 121 236 212 254 96 215 96 250 235 38 251 222 173 245 182
163 253 251 50 136 223 251 50 243 136 200 168 253 218 51 121 160 144 158 152
221 12 24 135 121 88 77 108 173 178 114 121 182 248 33 171 101 85 66 181
231 106 108 104 164 135 242 87 14 215 121 106 211 174 236 253 0 53 104 218
158 50 175 237 197 179 34 200 134 251 173 69 96 121 34 41 162 182 42 215
107 19 8 179 218 218 35 191 66 231 245 170 121 182 20 13 95 52 121 179
192 19 186 18 122 186 203 245 235 137 208 58 223 159 218 71 69 186 199 105
107 16 108 231 33 92 141 218 96 54 182 242 127 114 195 105 251 160 158 158
160 92 45 196 210 87 108 144 14 66 242 87 159 46 186 108 239 128 197 50
103 121 111 121 96 231 148 176 177 85 104 152 221 12 237 23 8 87 72 209
167 251 50 33 136 114 23 45 23 135 242 200 96 176 215 136 121 114 35 195
242 62 26 103 241 146 50 206 69 245 108 20 96 26 241 218 215 112 251 96
221 251 152 114 235 26 92 176 43 218 245 210 163 182 152 105 242 182 179 218
160 41 14 186 108 114 33 212 76 185 189 26 136 200 148 192 104 160 227 135
58 218 102 207 62 173 136 215 147 123 62 212 14 189 2 200 248 194 231 23
252 26 241 50 61 14 239 143 139 113 159 74 135 150 242 178 23 114 27 114
231 104 108 173 242 178 26 111 52 197 26 96 33 184 244 87 118 218 106 131
158 218 50 1 51 14 186 233 158 144 158 96 121 9 69 26 111 209 163 186
160 103 34 92 242 82 231 251 200 96 96 26 96 250 218 140 52 114 144 14
211 163 170 121 2 200 108 133 112 242 87 14 218 96 50 87 10 121 209 96
114 178 26 186 108 26 96 11 113 108 178 74 121 182 152 161 108 178 186 148
192 186 148 26 13 92 199 219 50 189 56 121 50 72 173 94 121 205 190 136
16 211 105 160 128 58 121 223 14 114 108 36 242 250 200 9 91 69 242 82
231 109 58 74 233 69 242 182 91 243 17 212 28 104 223 50 108 191 152 108
189 52 3 12 173 65 23 150 181 175 230 159 220 186 93 195 148 48 91 231
50 94 21 14 121 205 121 178 121 159 69 231 211 127 184 31 14 96 135 184
145 189 96 174 148 159 251 121 11 96 151 242 19 231 205 241 170 182 75 146
114 12 74 131 242 178 37 219 108 173 121 30 179 113 34 178 199 242 218 102
189 251 99 189 204 96 50 172 121 218 245 145 71 241 154 242 127 41 208 58
163 253 50 251 167 201 200 24 37 51 210 87 135 121 182 151 14 148 242 200
58 13 28 136 203 152 178 187 158 243 109 121 11 242 200 78 203 95 231 121
114 134 196 150 41 113 13 186 26 186 108 199 247 181 87 96 6 198 187 223
104 146 16 121 245 92 109 121 82 27 26 116 62 147 236 135 121 114 27 189
160 218 34 152 198 121 67 87 121 121 192 176 23 135 130 87 121 114 121 131
205 136 103 75 211 189 126 230 121 12 23 102 204 135 178 87 158 103 72 100
156 50 242 203 197 12 45 23 218 215 38 170 248 242 82 106 131 153 108 23
160 92 158 123 135 242 2 250 240 26 241 218 20 96 151 220 241 209 182 245
58 218 242 178 151 227 123 12 218 106 122 186 181 9 189 112 218 241 251 216
51 80 123 20 96 250 190 182 95 152 91 81 18 245 211 104 174 178 239 64
252 108 178 178 185 248 182 96 231 146 86 51 121 69 162 83 199 185 65 103
58 194 212 96 151 87 121 158 96 218 109 121 205 35 189 20 96 242 243 223
135 242 208 75 80 58 156 170 177 103 103 96 113 231 192 0 209 121 114 108
138 114 223 191 96 231 196 201 211 114 72 87 135 242 19 190 62 211 148 2
209 10 100 113 106 152 163 133 250 176 140 25 21 72 123 95 12 114 27 65
50 165 168 186 35 106 114 14 74 223 69 148 26 96 87 209 121 201 121 173
114 27 188 58 7 153 114 108 152 183 144 200 186 186 96 244 93 95 121 73
192 19 16 97 218 136 200 253 210 2 28 189 121 174 136 7 186 181 203 253
228 200 22 192 42 12 114 121 205 219 22 168 31 212 215 218 51 121 58 121
185 194 182 27 152 74 123 135 242 200 251 50 179 87 23 56 87 121 73 253
192 121 205 50 135 136 200 96 51 178 211 100 221 152 36 228 121 218 109 219
74 23 184 158 158 64 164 50 56 135 23 31 87 241 152 26 194 193 186 108
242 21 50 5 75 218 102 223 69 242 231 7 148 50 0 152 103 19 76 91
242 66 170 52 30 209 108 133 214 96 151 160 65 103 25 135 121 158 96 234
