247 163 85 50 209 121 240 121 182 19 160 172 95 34 200 186 166 103 34 136
163 93 120 108 121 72 104 78 174 203 106 122 193 245 114 186 108 185 93 61
58 69 185 91 194 212 196 113 50 212 178 242 208 58 58 10 139 109 160 223
137 200 97 138 185 223 114 50 23 12 137 45 0 251 66 121 218 108 114 27
221 12 114 186 108 141 159 248 131 106 144 104 231 109 121 12 50 251 173 182
242 200 211 186 103 241 62 251 12 95 104 102 87 54 14 152 108 201 4 106
86 18 87 163 194 14 233 148 182 58 122 34 200 45 182 121 182 245 118 242
163 253 121 176 144 14 115 203 170 94 147 121 93 212 14 121 29 121 175 48
102 207 62 104 95 12 135 231 168 114 114 108 50 108 5 10 26 241 103 113
50 152 244 223 23 62 147 203 248 5 237 123 33 158 103 12 114 96 112 135
74 194 244 39 21 237 186 181 127 21 66 121 200 188 112 113 232 244 69 70
205 234 93 120 158 223 241 3 200 30 19 107 50 33 87 121 158 123 54 96
88 242 23 87 75 170 121 127 59 10 105 104 147 121 223 35 151 142 103 57
172 14 71 234 2 200 208 94 242 21 173 10 160 135 242 248 135 135 242 179
92 200 35 192 186 96 96 54 38 209 121 158 67 120 137 205 108 41 126 45
58 18 144 208 103 165 173 69 102 251 199 212 96 151 196 216 210 233 65 103
185 31 241 87 96 218 20 242 165 135 150 103 108 244 32 96 250 50 30 66
192 186 148 205 241 209 121 209 212 50 96 121 114 168 114 207 21 239 108 27
160 131 253 209 121 194 231 27 75 136 200 96 114 13 39 207 90 121 114 237
231 104 223 142 242 52 121 3 108 147 121 113 173 244 121 65 101 231 121 114
242 14 148 241 65 207 209 173 58 182 210 57 87 23 62 147 121 41 71 76
112 183 176 242 87 14 0 10 159 35 45 242 127 82 109 136 42 126 108 104
58 104 121 108 242 200 209 135 58 242 39 12 58 96 136 114 27 112 210 200
12 203 212 212 51 158 96 160 105 182 232 106 241 200 26 186 181 159 147 121
209 51 123 212 224 253 158 51 121 73 212 103 23 114 121 130 11 83 154 245
58 69 38 50 21 242 165 14 188 231 121 137 218 182 251 114 50 50 50 240
234 209 58 96 151 103 103 212 173 251 242 21 152 186 108 201 151 121 234 14
58 218 200 26 50 110 252 130 69 188 231 212 100 223 47 200 26 241 113 103
242 200 42 87 121 205 87 14 233 218 103 111 135 242 231 178 23 87 71 158
161 50 50 104 212 50 18 178 102 174 10 114 27 223 114 108 173 34 3 108
242 178 205 103 247 212 107 82 185 230 241 182 242 14 159 85 66 83 231 205
160 128 158 108 242 113 209 147 121 245 177 243 113 63 112 50 82 123 119 87
138 158 50 50 251 73 91 131 152 192 227 242 200 26 103 87 110 177 198 177
218 219 242 218 242 66 152 224 251 12 251 218 182 160 45 242 121 110 242 212
58 194 14 215 26 215 50 126 96 11 208 58 159 121 58 242 182 127 102 242
158 58 194 14 108 223 114 186 144 209 27 26 50 103 0 97 231 23 23 114
86 26 96 109 186 241 87 13 200 242 208 10 235 211 186 3 108 203 0 92
158 103 50 180 216 122 41 67 135 112 21 123 95 199 113 177 177 30 179 25
114 154 182 189 242 14 247 163 96 141 45 23 173 242 182 215 14 13 119 165
6 128 209 121 114 108 121 186 82 83 104 135 241 230 96 121 29 87 87 14
50 0 135 21 215 121 182 151 216 207 199 232 218 218 242 182 69 30 114 87
185 121 96 73 136 66 30 178 85 182 74 212 165 14 163 212 96 235 26 96
245 118 179 96 148 205 186 158 106 114 160 158 34 131 106 235 11 96 6 137
160 160 41 188 121 205 10 242 200 238 16 166 85 245 127 242 250 179 175 177
24 16 108 44 114 135 211 41 14 7 251 179 135 33 209 82 185 239 223 87
242 14 215 246 71 239 226 242 87 165 182 163 73 31 135 241 153 200 51 51
223 114 223 38 8 12 135 108 125 92 248 92 223 158 34 12 182 38 151 34
114 147 160 95 121 58 7 203 23 31 218 170 242 50 147 123 12 50 72 87
192 241 87 158 96 26 170 114 173 72 242 179 114 154 179 0 31 122 174 14
158 96 242 200 110 105 92 92 29 14 72 201 14 223 77 0 207 1 121 40
222 50 2 27 104 140 23 62 45 121 182 245 121 121 209 16 146 163 223 200
231 178 11 242 91 211 122 186 114 186 96 211 137 93 14 233 167 18 104 7
161 218 250 50 144 241 196 226 31 122 1 176 223 113 66 199 41 244 23 173
245 211 94 200 91 12 87 209 175 230 87 158 201 108 121 182 219 38 231 201
107 65 196 131 53 26 105 21 105 164 219 114 23 131 72 87 76 165 211 186
58 253 122 96 109 75 48 21 14 181 114 211 93 218 242 178 114 115 136 28
221 152 221 170 103 0 121 186 116 186 203 91 62 35 108 104 114 114 19 100
234 243 157 91 242 76 182 71 186 26 96 113 212 254 87 209 58 32 21 80
32 121 209 10 96 231 12 50 165 62 173 34 56 250 21 122 186 163 0 215
114 178 211 104 160 192 227 196 160 114 35 121 127 50 27 105 235 207 95 199
70 196 114 204 28 182 244 121 242 127 165 151 146 212 146 31 241 87 87 135
151 69 106 251 50 56 236 135 121 194 212 244 121 205 233 74 147 243 177 144
58 241 99 175 210 182 173 106 251 66 12 96 192 46 111 200 26 241 208 241
163 107 13 108 104 96 77 121 182 242 250 181 136 178 160 100 146 123 12 135
