160 87 169 113 176 69 39 136 21 77 110 147 243 103 123 34 90 142 159 34
160 38 218 191 51 121 128 158 12 38 209 223 51 23 87 230 87 14 186 83
192 173 121 151 121 158 96 26 241 242 14 6 114 121 114 248 194 69 242 21
253 121 151 171 21 195 5 31 135 21 248 135 5 114 27 160 242 87 14 167
160 23 0 236 209 148 174 97 93 99 75 211 59 165 242 71 247 113 18 82
163 253 242 50 182 216 107 135 26 135 242 87 209 247 13 105 240 193 141 39
185 10 96 151 121 243 123 200 191 203 182 22 241 200 208 58 241 218 174 220
192 147 158 161 200 96 58 10 245 192 81 78 114 38 72 84 223 176 87 25
242 200 42 241 114 73 101 133 242 152 197 162 221 170 246 242 220 96 176 167
114 239 231 121 248 223 114 135 114 108 112 215 152 91 103 196 108 42 34 178
28 16 102 128 168 1 245 215 90 121 19 87 22 22 78 135 242 241 16 189
252 50 35 114 123 252 50 131 106 178 135 137 200 168 191 186 1 114 65 160
160 189 223 69 99 163 113 108 239 170 69 88 212 96 189 85 151 96 151 121
114 112 114 114 121 147 38 96 85 148 218 113 233 218 113 123 87 248 135 23
205 58 195 67 58 223 3 135 108 20 244 96 191 109 186 186 6 199 241 114
185 160 7 212 104 135 62 197 230 245 11 215 205 69 96 219 158 92 135 193
185 111 215 31 26 87 180 242 66 66 87 209 158 51 7 113 187 14 10 114
102 7 212 50 113 160 121 96 231 113 76 248 108 121 182 87 164 135 66 87
134 41 231 211 72 121 31 186 147 121 114 251 181 114 239 173 121 185 121 248
205 16 11 62 144 148 182 151 121 182 0 114 72 121 181 87 23 242 12 45
243 76 83 81 130 182 177 242 216 106 197 19 186 108 26 87 12 135 240 201
163 253 70 152 150 96 234 239 56 71 114 114 72 121 130 121 211 2 148 205
58 64 103 23 30 121 199 212 178 160 14 1 65 23 23 128 134 25 87 121
114 223 253 181 242 200 78 108 239 193 158 96 200 51 96 96 6 251 50 2
178 69 151 103 87 121 141 121 218 113 201 186 114 131 146 114 14 220 95 121
58 194 14 93 215 218 218 210 40 223 50 173 72 245 34 2 127 14 82 219
221 16 59 113 242 173 34 245 234 252 50 1 158 96 151 212 104 96 250 176
114 146 242 66 111 0 245 11 245 192 186 242 200 168 203 204 66 245 134 28
185 194 200 44 114 218 34 168 45 23 97 3 108 203 152 148 235 208 142 137
248 163 95 196 10 215 218 218 218 241 122 242 200 201 182 38 139 121 114 72
151 121 8 205 194 23 218 135 242 182 210 114 168 135 5 235 26 218 148 26
160 5 218 170 243 103 121 181 121 133 212 191 160 177 48 121 209 185 58 14
242 200 96 114 50 176 144 200 83 151 121 136 178 200 168 38 51 107 25 121
37 196 212 111 251 135 121 215 218 176 103 50 33 130 55 24 188 58 209 103
192 178 7 135 143 74 121 72 96 121 58 58 159 77 23 12 170 121 176 160
65 196 201 212 106 251 248 251 160 234 158 50 158 160 215 25 121 93 71 186
50 116 215 211 252 50 27 114 150 23 53 244 87 241 23 237 197 23 135 114
245 97 228 200 168 82 106 168 182 253 186 96 120 215 218 51 121 58 209 121
163 253 51 16 121 233 135 92 231 73 135 21 10 160 227 106 30 210 20 96
151 121 128 121 96 161 135 20 96 218 210 58 96 121 205 218 130 182 251 159
161 211 223 231 252 50 251 248 135 150 33 101 236 16 21 1 9 108 133 96
10 186 51 92 134 25 75 131 2 204 163 26 13 169 30 114 48 218 181 231
242 14 27 12 114 218 96 176 215 218 58 225 21 242 212 242 182 210 21 244
66 245 189 151 152 182 22 96 26 144 200 46 163 75 108 196 26 170 87 167
205 231 192 217 160 218 182 27 134 197 96 215 218 113 123 152 108 11 113 212
151 121 175 121 185 190 207 151 212 92 190 90 239 134 240 121 136 200 251 56
252 50 94 242 182 12 114 235 207 95 208 121 8 39 200 96 26 218 50 56
158 123 218 224 96 26 241 65 182 160 160 255 8 58 158 69 186 108 3 50
151 121 97 83 150 182 58 65 103 240 108 26 91 41 14 14 121 151 182 199
242 200 148 94 242 130 87 96 121 35 192 178 118 148 218 244 182 215 168 252
102 52 136 114 27 26 148 218 141 50 56 241 87 135 242 203 200 136 200 58
223 218 50 216 122 186 236 232 178 121 253 152 114 40 85 196 244 241 251 173
114 85 121 182 38 71 168 189 175 242 50 87 23 164 135 231 122 112 158 207
242 200 26 6 151 121 97 32 96 215 121 50 34 121 87 208 186 148 211 121
114 203 31 14 14 23 147 118 31 29 114 23 25 121 108 242 200 186 200 239
58 217 20 141 159 114 196 114 220 41 173 121 33 79 121 182 245 102 245 34
163 95 121 154 76 1 76 121 163 0 163 218 241 123 231 135 50 67 242 200
74 91 160 160 227 158 223 114 205 227 62 168 189 207 87 87 23 218 128 121
160 8 211 22 212 96 69 173 223 186 247 203 40 114 205 42 34 21 66 119
58 212 158 158 146 242 85 96 174 108 19 114 121 96 19 147 236 121 163 9
19 50 23 8 95 121 69 114 223 50 181 203 32 253 121 33 160 79 121 120
58 194 200 26 144 39 241 87 152 136 200 50 0 14 192 66 242 182 38 58
145 148 205 245 97 78 168 38 253 251 23 238 114 134 189 94 147 121 115 76
158 146 82 31 96 67 50 20 212 45 58 242 165 231 48 173 50 73 159 31
