117 65 103 0 18 224 186 96 186 151 18 121 210 95 218 182 66 152 19 91
160 103 103 103 135 130 160 121 128 72 152 211 170 48 234 206 148 35 186 85
231 50 56 209 193 197 96 176 242 200 96 112 183 200 96 151 251 173 168 250
138 218 118 182 159 242 127 82 98 204 87 23 8 242 87 152 114 163 212 78
57 121 182 51 121 114 108 0 158 186 87 76 83 242 200 110 102 130 87 121
151 231 121 181 121 248 158 107 135 150 115 173 251 199 231 231 106 122 114 131
10 9 91 158 164 50 18 178 52 114 87 121 181 223 50 181 21 173 121 223
96 122 141 23 34 105 103 135 242 182 242 200 199 151 121 163 167 186 108 176
58 50 95 10 148 52 210 114 218 242 66 19 96 112 113 96 23 218 71 186
160 72 152 4 134 152 62 147 121 243 163 184 121 182 176 215 42 7 114 187
145 93 135 37 212 38 205 50 65 242 182 189 251 173 251 160 245 113 66 100
58 13 204 95 231 102 121 192 11 51 121 205 121 12 114 27 186 108 242 19
192 186 186 96 186 181 87 218 50 242 165 30 217 245 131 160 160 32 121 96
58 50 242 56 208 209 170 121 218 121 197 192 122 141 212 200 144 14 34 123
234 209 14 243 165 82 208 181 173 58 23 31 31 114 135 238 240 136 200 26
10 108 173 121 248 50 251 0 135 242 127 208 230 178 179 56 66 78 12 85
179 107 122 26 186 0 50 242 183 50 251 199 244 8 26 65 8 110 53 104
160 103 21 152 210 162 196 179 75 12 114 77 87 121 253 14 96 148 135 121
252 102 182 223 159 205 37 121 210 2 218 121 96 25 144 127 182 2 14 87
209 109 186 148 172 66 7 242 200 152 35 108 178 30 114 235 19 104 230 178
192 186 148 87 93 96 215 96 34 135 121 201 96 247 73 114 121 182 114 38
50 101 182 219 108 26 102 241 19 242 82 148 211 205 227 114 7 23 184 14
58 105 218 210 46 71 139 121 144 14 177 90 121 114 186 181 158 96 250 108
58 218 160 232 242 182 216 19 16 121 151 121 96 176 144 103 20 250 7 238
126 45 147 160 189 251 50 240 27 81 114 13 114 239 58 96 121 205 205 34
242 200 96 169 113 201 102 205 163 174 72 0 252 200 250 64 174 195 182 86
223 247 211 186 35 212 200 78 232 245 179 110 196 114 212 182 73 118 82 158
192 168 103 19 244 23 216 98 114 114 205 235 242 177 142 196 108 138 179 50
41 243 218 71 223 50 190 81 121 37 196 135 97 96 14 65 77 95 178 50
245 37 218 245 209 51 251 123 33 221 92 87 87 186 93 96 254 96 126 250
122 50 67 96 40 67 106 87 241 51 121 96 186 34 200 205 227 16 26 111
128 121 179 12 114 22 72 87 7 87 14 239 25 135 108 239 212 50 146 16
102 137 83 242 242 243 178 114 121 58 152 148 218 96 231 251 87 31 122 26
151 243 121 178 215 96 42 24 200 46 25 137 87 168 203 100 236 21 242 200
10 196 114 144 72 154 95 14 121 200 78 94 231 177 163 218 58 209 242 208
121 58 200 51 145 181 242 66 46 163 188 136 114 27 192 50 108 131 253 251
242 76 223 45 210 87 208 243 7 135 132 158 248 194 14 148 205 227 218 50
138 96 67 201 53 114 114 205 121 12 158 96 251 10 108 104 102 46 241 216
64 106 211 105 176 144 96 244 102 136 168 114 22 77 83 253 178 87 230 218
10 118 66 175 87 168 111 178 223 151 182 66 121 87 212 174 104 95 14 186
153 58 50 1 136 135 154 148 205 134 41 255 216 252 108 114 37 26 215 26
10 151 158 186 9 91 245 96 160 223 190 165 135 240 159 77 108 160 65 113
121 253 106 56 25 121 200 209 244 121 180 242 165 182 242 182 212 20 14 42
10 201 114 38 104 135 40 104 19 113 123 231 112 20 109 80 31 186 103 121
208 192 184 141 85 85 159 230 2 178 87 14 212 185 91 245 62 147 121 243
160 51 121 242 200 72 92 182 248 135 84 177 121 151 121 242 200 26 144 200
114 72 164 135 121 96 27 50 86 108 176 212 106 188 118 179 25 58 0 114
242 135 242 200 108 11 232 107 123 135 226 113 31 114 23 218 189 40 182 127
242 200 148 218 96 50 251 212 20 215 218 215 218 38 50 106 56 25 204 135
219 102 223 203 101 242 113 182 66 182 23 87 2 76 182 211 241 152 92 114
156 50 104 200 230 113 0 121 165 87 148 50 216 158 209 251 121 186 163 50
242 21 151 103 34 212 200 96 45 121 114 114 186 181 200 78 135 216 251 173
91 221 251 251 50 190 62 181 241 87 103 23 114 235 242 200 138 12 52 173
151 121 158 125 123 218 242 127 208 11 218 242 200 197 26 186 241 50 190 170
196 150 152 108 182 230 87 141 189 152 4 58 96 66 83 179 40 101 231 178
205 243 114 27 178 211 0 121 231 58 209 35 108 114 195 58 194 82 231 251
131 145 103 135 200 96 215 112 114 121 151 106 103 113 176 10 114 116 3 78
114 197 50 72 31 104 135 108 69 216 68 212 50 27 108 216 12 114 121 173
24 147 34 170 121 243 76 234 170 77 86 204 71 25 153 114 27 227 69 19
50 27 121 200 51 242 2 93 83 196 114 223 131 250 0 164 171 242 21 95
91 185 111 200 230 191 14 152 114 121 114 223 159 203 195 164 218 218 245 72
205 134 55 250 87 252 250 50 233 215 242 14 102 131 170 121 58 127 21 73
151 121 65 87 16 121 12 158 35 216 25 113 152 114 121 159 10 12 230 159
146 242 250 196 200 96 73 6 182 121 192 121 35 114 235 108 178 45 23 237
