91 193 26 255 100 236 142 178 108 138 237 28 152 242 229 26 26 113 108 251
182 251 42 198 121 58 50 133 242 200 42 18 104 38 50 184 141 218 242 113
242 203 152 97 186 218 51 243 121 136 200 178 23 178 52 238 136 218 96 251
163 160 245 131 221 181 178 251 50 209 251 33 87 23 87 137 26 93 135 2
192 9 38 94 147 118 108 160 197 75 58 13 131 50 94 108 103 186 93 253
242 179 75 186 174 135 159 73 103 8 50 160 218 71 163 213 91 224 26 241
65 189 182 242 231 248 122 121 185 0 75 96 176 215 26 127 94 242 43 114
10 144 231 31 135 59 170 177 10 186 152 242 87 126 218 242 127 208 56 25
58 245 50 189 66 240 121 192 178 144 14 121 138 151 34 76 114 22 178 108
160 243 160 111 26 105 242 23 189 14 185 173 251 148 242 66 241 87 241 62
82 243 160 245 11 196 219 96 66 12 229 26 200 218 50 251 50 216 122 210
138 205 96 205 234 14 121 73 151 121 23 223 135 199 106 232 253 13 200 192
158 16 121 45 189 121 40 151 248 70 21 106 23 31 158 159 251 152 179 62
96 121 58 127 121 196 29 14 23 31 135 230 152 6 136 135 206 170 48 85
219 223 108 193 173 242 200 26 107 91 245 186 34 50 37 245 106 247 45 23
221 123 112 163 50 108 87 19 21 66 186 186 111 93 95 66 158 121 8 205
57 138 158 114 112 114 114 23 23 67 242 75 42 114 38 202 85 241 139 107
107 252 174 200 253 170 242 14 113 38 96 121 182 253 158 103 66 39 58 93
103 135 199 186 209 214 121 57 84 245 113 17 136 114 108 239 9 128 19 28
58 194 14 188 182 33 161 108 114 211 158 241 75 218 123 92 182 242 231 223
223 186 96 42 198 12 200 195 27 242 50 209 159 242 250 179 12 183 108 51
18 147 121 178 223 114 50 33 223 241 174 12 218 245 74 136 200 22 210 8
245 113 106 58 135 114 27 85 66 101 14 121 182 126 114 114 108 114 108 178
102 194 26 25 127 150 121 33 200 193 121 205 96 66 2 14 26 181 241 0
223 250 95 104 176 85 19 13 87 253 0 96 51 121 205 108 178 158 159 209
253 121 151 158 152 31 114 72 46 0 81 175 121 182 4 152 148 218 218 94
58 13 245 96 66 42 200 30 95 176 215 218 245 40 138 114 100 12 58 223
221 207 83 245 243 113 212 121 192 186 186 96 211 62 218 211 127 56 231 121
205 157 103 105 210 87 112 242 85 66 134 182 176 160 77 248 87 27 23 190
245 219 108 212 146 71 122 26 96 6 200 150 96 173 121 200 50 73 135 242
163 186 96 250 50 72 95 242 82 2 150 28 114 223 114 135 243 121 16 31
253 121 209 177 144 243 242 38 31 31 122 26 186 57 23 5 235 86 96 96
176 50 211 148 57 186 51 121 242 178 159 186 103 108 242 200 26 241 218 242
159 251 69 27 26 42 21 108 196 134 28 200 96 58 10 42 194 121 108 182
211 228 50 65 217 62 104 135 242 114 108 23 35 108 106 223 69 91 160 215
194 14 50 163 186 35 200 26 96 218 212 111 122 186 245 192 58 221 50 67
9 234 14 151 158 121 158 21 241 134 212 50 106 247 227 9 114 109 186 34
96 121 205 186 148 9 203 76 95 66 158 163 218 63 218 96 200 96 151 56
114 211 72 253 62 39 131 186 186 181 187 62 147 121 243 178 191 152 1 117
242 3 190 230 182 182 160 223 3 0 108 23 237 108 179 113 51 121 58 30
234 200 42 74 230 158 170 243 50 242 29 14 242 14 181 62 133 53 251 66
137 170 148 245 96 126 31 26 14 30 42 52 176 144 82 164 209 116 93 135
196 121 8 96 173 231 160 35 5 87 87 14 31 50 186 83 208 241 0 114
178 215 26 91 92 162 131 11 19 158 50 56 71 19 22 251 12 16 201 114
40 242 173 69 184 242 114 216 56 208 92 52 242 127 179 159 115 12 173 10
221 50 223 38 209 244 231 109 96 66 12 114 104 29 121 163 200 26 50 63
177 14 177 57 121 160 223 212 96 215 186 193 122 114 187 39 121 77 196 29
39 48 181 19 245 46 50 110 100 114 147 153 195 193 121 60 178 239 124 218
160 101 221 185 163 12 158 59 42 247 114 242 19 93 135 92 196 58 133 14
107 91 188 31 1 24 28 182 196 242 106 216 122 250 218 24 132 106 135 242
107 252 192 144 14 250 108 255 136 21 98 216 108 173 121 114 22 174 131 114
107 114 108 121 122 26 241 11 208 88 208 242 190 230 80 19 104 135 240 1
192 96 102 218 242 138 114 235 26 241 87 218 148 223 69 163 174 170 2 26
179 66 58 88 14 186 114 72 147 121 121 182 58 12 114 223 35 186 200 105
163 107 135 108 178 104 239 114 134 121 96 152 197 24 147 212 242 82 230 158
209 189 34 200 85 19 23 62 0 136 200 245 89 58 194 96 176 215 179 87
174 170 59 10 114 7 146 164 135 114 223 45 23 198 121 95 143 215 218 91
107 114 50 108 182 22 58 223 23 37 21 147 31 252 51 105 112 176 34 90
58 50 67 142 69 251 42 121 103 135 121 64 158 96 65 80 31 114 134 44
137 208 197 195 130 182 182 33 230 159 14 242 82 250 74 114 27 104 114 130
227 141 188 182 219 248 137 136 242 152 16 189 4 121 154 166 236 16 108 95
57 182 182 51 242 14 26 83 245 247 250 12 50 251 173 199 34 3 111 200
37 173 21 1 163 50 176 102 114 108 163 174 114 21 48 48 103 133 218 242
252 186 93 212 106 100 13 30 121 175 121 106 197 252 113 181 121 205 14 121
