58 218 242 138 11 126 144 14 0 212 232 106 235 96 38 107 243 160 71 227
58 13 26 241 70 138 107 24 148 245 62 215 189 56 170 163 96 50 160 160
223 114 216 23 31 38 96 113 3 152 108 121 58 73 87 106 14 10 255 7
24 16 108 182 242 208 50 50 251 248 135 82 179 114 87 171 121 86 151 147
243 160 241 241 218 123 40 160 181 26 170 103 0 223 186 212 179 50 223 85
158 144 93 71 186 189 242 66 87 121 58 96 215 136 114 107 27 52 177 8
58 194 145 66 136 65 189 240 178 239 26 158 91 227 19 50 177 111 14 66
74 194 23 92 182 152 113 106 110 177 160 205 121 121 242 21 91 103 12 215
248 114 223 120 16 231 121 31 122 96 205 37 96 176 102 137 209 231 242 250
74 194 28 152 20 96 113 176 0 26 186 209 186 135 19 215 121 58 218 218
37 196 24 147 212 224 66 152 62 150 42 108 133 113 108 114 121 58 223 114
211 170 205 50 84 50 240 158 212 96 210 22 96 50 206 231 173 242 190 128
37 196 242 241 152 102 230 14 215 186 148 26 212 107 13 195 184 193 114 37
137 191 134 138 66 83 104 231 75 11 208 230 87 78 148 26 102 30 42 136
160 11 183 250 108 250 179 252 192 168 114 178 216 173 34 185 10 49 209 102
151 121 52 136 114 26 111 224 12 114 154 92 185 72 95 152 58 91 40 182
50 152 210 189 170 178 103 142 26 103 135 103 25 159 210 182 190 177 151 160
151 121 182 71 151 201 231 251 173 223 219 26 50 216 122 42 123 91 179 150
138 114 158 212 218 210 2 178 178 182 5 12 190 198 199 101 231 106 56 96
125 23 189 25 21 67 5 34 16 204 252 170 71 121 103 34 238 135 63 215
245 218 22 239 245 50 223 62 147 134 56 232 121 158 166 218 71 50 136 218
58 27 210 178 62 173 197 242 25 23 87 14 14 188 114 121 158 67 242 62
50 128 244 50 242 179 96 33 12 175 103 239 48 91 215 91 239 170 242 127
231 114 27 196 106 108 23 114 27 207 17 98 82 170 121 185 223 151 152 20
37 160 163 27 12 114 186 108 203 14 10 1 158 108 173 65 104 242 200 168
185 111 64 26 163 218 51 223 159 147 103 210 114 135 241 94 200 95 121 8
182 22 242 200 236 135 178 77 87 24 248 163 205 153 65 189 189 53 11 250
160 243 135 114 27 93 218 242 208 50 33 33 159 72 200 96 231 34 112 191
58 194 14 186 114 27 26 50 3 113 147 242 21 62 96 34 170 10 158 211
114 220 185 230 189 174 72 248 223 50 48 108 242 90 157 103 95 113 95 201
163 253 121 154 121 35 192 23 87 173 103 12 114 127 104 135 242 127 200 121
58 96 215 184 127 94 208 97 148 73 143 120 16 218 151 65 77 108 186 207
163 253 223 159 121 223 107 197 252 26 135 114 108 168 135 114 108 90 121 114
253 121 158 120 242 203 2 127 54 182 10 113 106 123 243 219 114 94 231 177
250 108 102 158 50 251 248 135 218 103 113 71 121 92 253 121 106 94 92 64
96 251 12 219 27 114 121 245 114 27 108 30 136 114 121 186 148 189 237 16
151 147 236 121 50 194 196 108 201 121 242 26 3 95 95 20 195 26 42 113
58 252 26 50 141 235 3 152 207 25 62 104 121 35 114 87 13 153 114 121
163 253 58 209 151 121 223 0 114 160 189 170 103 30 121 127 82 185 241 103
209 158 197 200 148 186 111 104 7 58 50 121 140 33 33 177 203 223 114 41
158 142 38 27 151 121 245 96 182 195 136 168 207 251 113 106 65 103 75 218
192 212 64 108 182 176 215 114 108 178 141 224 242 127 251 66 196 158 108 110
120 108 178 23 103 15 34 219 184 14 109 175 223 159 230 182 93 233 227 242
192 186 114 108 178 51 92 203 103 212 218 210 178 69 215 209 72 172 121 96
58 181 178 96 118 170 121 158 140 35 114 27 58 238 178 186 26 87 11 62
242 127 121 205 100 122 186 93 50 135 192 233 159 114 27 108 178 144 14 62
245 192 51 104 121 158 96 96 205 185 218 96 65 152 2 152 207 208 58 251
221 94 200 242 11 208 211 207 136 111 200 250 245 51 121 103 21 67 210 25
9 114 51 84 223 102 114 72 121 22 250 50 242 162 21 109 186 198 52 121
185 194 14 205 77 207 95 190 203 38 96 250 87 109 110 23 114 87 121 181
209 10 230 245 108 251 66 242 14 14 241 0 168 218 96 12 218 232 96 121
46 110 114 33 189 207 127 242 123 93 75 150 179 101 83 90 139 242 250 179
245 58 189 189 174 242 170 2 14 126 46 87 152 92 150 120 16 184 231 48
137 82 189 179 170 242 14 200 186 18 50 5 182 250 97 168 203 152 102 180
187 223 151 251 176 215 107 245 27 94 87 215 135 200 96 50 46 67 242 152
58 50 10 75 163 50 186 18 150 179 212 96 106 108 252 51 56 163 205 192
26 50 110 114 102 223 234 96 46 170 12 14 185 122 253 170 121 170 121 52
185 163 9 82 231 143 38 107 94 192 160 158 211 122 26 83 103 17 186 224
96 51 103 194 121 114 114 112 219 230 182 242 200 96 186 186 114 114 121 99
58 194 200 94 242 200 197 174 14 78 121 56 218 171 240 121 168 226 211 203
11 230 250 12 200 208 131 50 241 103 87 14 23 5 190 121 245 235 219 0
58 13 158 218 241 25 103 66 121 181 103 113 135 230 119 114 72 87 135 242
58 107 252 253 88 14 239 26 241 25 121 180 151 35 161 218 51 121 163 253
192 158 85 51 4 104 69 100 170 57 121 42 94 121 145 107 14 212 14 35
