58 13 164 251 93 31 92 29 131 185 186 209 121 21 66 186 189 170 24 170
192 121 181 223 50 73 127 242 179 230 175 244 114 23 62 62 197 146 147 121
103 34 10 181 254 186 96 66 96 121 182 66 54 9 71 50 240 163 138 114
27 16 10 82 103 163 110 216 244 245 102 253 246 242 135 242 61 99 110 72
242 203 14 14 96 186 108 199 244 71 50 206 91 223 114 108 251 33 242 203
138 114 158 250 205 50 135 240 207 199 198 121 209 10 219 108 61 66 121 209
158 64 142 71 239 87 158 103 5 188 242 248 190 164 127 82 102 34 50 52
185 194 91 90 186 102 58 158 181 120 26 218 255 231 137 191 66 121 35 108
8 108 182 113 102 192 30 142 211 50 27 122 108 250 108 250 136 114 114 187
104 33 198 178 35 102 146 209 96 235 3 200 143 230 104 212 96 250 144 182
74 21 69 91 223 61 230 104 7 16 14 121 114 121 13 114 6 27 145 212
245 102 242 250 144 152 252 102 208 209 220 152 126 218 50 1 50 46 87 135
107 186 187 131 121 58 181 223 120 114 4 93 219 93 135 170 2 14 239 73
58 50 251 196 102 34 237 186 181 131 50 9 16 114 27 131 143 242 200 186
93 135 219 200 242 85 152 148 205 209 212 24 71 247 25 87 96 23 103 87
16 236 147 142 71 12 114 164 50 176 248 135 114 27 26 123 250 218 211 41
58 13 205 173 219 10 114 130 9 103 190 31 242 210 103 135 231 46 16 0
24 16 166 250 108 182 216 122 26 18 88 208 186 27 215 40 255 121 182 20
223 114 14 159 12 114 33 211 203 212 178 114 26 91 13 123 26 83 242 165
247 158 9 135 38 209 96 231 201 114 223 135 136 200 106 65 181 110 135 114
58 107 170 230 87 158 50 251 23 242 87 87 241 218 50 54 51 142 175 177
10 151 121 209 122 96 96 96 250 34 164 50 47 31 189 71 122 114 37 242
10 200 186 241 96 215 189 2 108 178 251 173 251 199 32 50 98 175 171 199
242 2 178 69 216 108 121 245 198 24 12 114 241 56 135 42 238 131 242 69
163 253 12 204 241 110 87 14 23 0 218 227 35 113 248 135 114 135 84 109
242 91 137 26 240 79 242 39 87 19 107 25 87 163 232 141 69 23 123 135
96 121 182 96 19 28 39 87 7 50 33 178 173 242 196 113 212 111 104 118
74 131 106 27 108 251 176 114 87 50 72 200 241 87 96 81 205 131 195 136
253 121 106 100 85 176 33 77 237 27 186 108 112 75 158 16 50 56 253 121
160 194 14 241 65 141 212 69 215 62 147 103 3 23 114 23 130 104 158 121
211 177 186 111 3 144 82 121 200 186 108 203 152 162 140 163 12 219 24 195
242 87 14 186 99 74 23 136 195 192 121 205 59 127 102 3 58 242 3 12
58 218 245 13 200 108 26 186 181 223 50 27 26 50 26 30 114 41 227 106
96 176 14 141 72 114 104 121 114 75 195 148 218 138 251 120 231 201 242 48
151 231 35 203 25 135 123 12 99 242 130 66 0 182 176 253 251 23 87 186
221 26 144 219 203 103 212 215 16 72 94 123 62 197 195 56 25 159 121 108
37 241 92 58 224 168 50 83 100 66 242 87 14 96 96 12 114 195 37 121
10 87 158 96 69 219 72 41 0 20 96 186 93 215 186 186 241 23 87 152
245 42 121 33 231 121 25 135 242 82 185 242 250 21 122 186 186 148 178 23
114 14 168 114 108 114 7 135 114 35 114 152 114 27 186 108 168 195 200 250
106 21 131 143 250 108 179 5 135 242 85 22 96 58 50 210 30 80 242 231
209 1 242 30 241 95 121 248 223 232 120 158 223 186 203 141 159 251 199 71
3 16 108 178 26 167 186 108 19 6 193 136 219 23 114 178 121 121 253 121
242 200 42 73 105 245 177 239 108 211 245 142 91 194 148 50 148 114 134 121
65 189 182 126 58 50 251 250 24 108 196 121 96 103 92 219 177 11 170 121
28 31 11 174 131 34 123 56 158 231 21 96 113 106 121 233 187 116 186 108
242 23 0 121 209 168 189 14 178 208 52 215 218 118 46 252 108 143 27 211
96 121 248 223 114 27 16 131 20 51 51 160 41 8 245 41 212 96 232 158
7 50 72 87 180 87 186 186 203 108 245 46 135 193 103 200 111 143 158 96
114 106 114 121 248 135 242 208 209 251 219 244 121 205 10 210 58 158 135 184
58 158 212 64 37 196 175 223 242 190 92 182 21 212 56 102 58 248 163 32
177 185 111 200 211 131 242 127 87 14 215 13 137 218 94 208 50 251 42 111
185 34 12 32 114 27 108 245 46 186 42 221 105 26 26 103 23 114 84 121
58 64 28 121 148 128 170 11 152 242 118 14 31 114 72 87 121 182 201 231
158 113 50 215 217 199 14 32 62 158 158 106 56 127 167 253 122 114 12 75
205 194 14 239 215 107 42 160 227 214 71 186 189 207 33 101 164 7 50 72
158 186 181 77 112 135 92 69 215 158 194 138 212 96 38 96 96 190 174 186
182 42 123 95 1 102 192 242 21 82 212 96 176 215 83 172 96 58 1 242
156 22 37 242 231 38 96 26 18 50 177 96 250 160 186 96 232 121 182 219
50 58 212 14 121 60 200 107 135 121 218 176 63 114 4 100 212 96 176 114
102 58 223 231 135 242 66 164 17 151 201 121 248 227 188 185 111 55 23 218
205 156 107 32 93 113 27 158 161 108 60 242 14 212 14 122 186 92 231 58
157 189 189 103 123 17 83 83 189 245 184 182 242 248 7 113 212 215 51 108
96 178 23 242 200 207 121 185 110 177 21 33 114 4 41 128 121 158 34 200
