242 19 217 56 56 231 121 65 147 121 69 110 53 244 120 103 231 50 240 121
90 121 248 163 17 26 148 26 181 94 103 108 26 137 186 0 26 96 83 170
243 221 12 242 200 6 89 242 200 151 171 242 66 62 178 141 174 168 250 179
97 16 215 74 218 242 178 14 242 148 224 87 136 215 250 181 218 89 113 108
174 31 50 251 248 135 121 192 114 27 158 158 210 144 234 195 200 176 173 252
107 227 77 212 14 242 200 250 245 211 223 113 147 121 114 135 82 170 14 177
114 178 243 160 223 14 251 112 38 152 250 2 252 108 26 111 106 10 18 251
223 151 121 185 185 77 144 223 50 87 164 135 199 251 114 178 173 114 121 205
74 193 103 215 62 30 20 205 34 170 121 115 108 173 223 233 134 119 114 163
163 212 10 176 208 218 242 127 242 178 23 87 121 158 96 251 248 21 109 103
163 205 220 242 186 103 179 12 99 194 14 173 251 179 75 211 87 7 69 19
242 200 96 45 164 210 73 21 66 121 245 103 34 200 250 50 108 36 241 87
219 223 186 114 87 121 11 216 158 242 200 250 21 50 21 5 98 23 128 12
114 186 108 224 173 107 45 207 216 71 164 171 87 121 114 159 101 200 35 108
253 121 58 195 243 200 26 241 50 48 34 94 46 200 42 209 128 76 182 215
58 218 51 121 128 218 242 82 210 12 242 14 72 230 147 173 121 245 102 199
58 28 231 108 152 211 8 151 121 248 87 104 190 223 118 114 112 66 114 26
194 105 38 96 118 176 96 26 42 148 25 26 144 14 121 57 112 175 115 242
163 107 114 135 114 96 173 121 205 121 107 228 50 172 110 69 242 148 99 175
153 158 108 36 209 116 93 14 121 248 223 186 215 207 50 121 123 12 113 106
160 194 212 244 154 96 50 242 182 204 87 104 135 150 136 219 61 251 219 195
158 50 242 200 26 241 123 12 38 241 87 96 45 23 179 53 234 159 186 148
158 215 91 34 147 19 239 109 7 250 108 20 250 108 148 198 251 121 10 210
58 50 127 208 170 212 107 135 135 176 242 200 96 220 2 108 201 151 121 231
46 16 27 239 137 94 242 208 218 189 188 242 244 136 200 44 200 186 114 27
50 56 70 83 242 87 66 87 76 151 121 88 14 96 45 174 170 0 251 138
37 104 121 253 121 26 96 6 161 181 121 233 242 200 87 190 14 127 121 113
121 58 223 38 72 237 52 154 87 121 151 121 106 27 215 108 26 152 114 108
96 38 43 223 50 72 33 12 14 242 127 200 51 121 205 198 121 135 192 50
58 16 160 11 244 87 230 73 114 84 160 214 96 81 6 213 23 25 135 242
221 209 228 184 51 121 96 114 38 186 148 176 242 222 134 16 33 243 142 203
58 120 121 158 226 158 64 158 50 205 227 69 215 218 113 151 103 242 23 197
58 50 128 122 118 42 67 99 23 23 35 108 69 23 184 236 16 108 217 34
50 84 108 173 1 82 242 53 231 27 218 208 94 130 87 121 106 187 114 37
221 50 56 107 135 242 38 118 152 171 212 64 121 106 193 230 181 87 190 121
58 223 69 142 19 215 134 28 193 46 252 211 243 121 58 27 223 239 200 96
127 102 111 200 50 56 209 17 205 168 230 182 38 251 123 12 229 58 195 242
96 121 173 10 223 58 242 200 112 200 205 106 187 211 116 78 122 186 186 96
192 121 205 220 186 186 108 26 142 221 108 182 66 231 58 251 33 130 196 231
242 200 26 50 103 48 242 191 42 113 36 241 179 75 50 251 209 221 0 182
245 153 114 108 114 121 96 121 58 251 152 114 12 242 127 1 102 137 186 203
37 148 167 147 242 148 218 142 211 205 121 178 114 58 252 192 51 104 121 107
186 93 160 100 17 189 196 235 242 53 108 139 109 186 111 200 170 12 35 114
74 136 242 200 250 108 123 184 139 242 200 250 184 179 252 250 152 245 113 107
167 131 122 38 10 170 85 148 135 199 231 121 242 121 192 186 108 148 215 168
178 102 242 208 223 50 230 87 7 40 87 174 29 87 101 130 106 148 182 26
163 12 96 29 42 218 254 181 136 137 96 38 177 97 96 200 73 34 13 12
10 212 144 14 111 212 121 11 50 33 0 245 223 189 151 121 163 253 251 241
243 121 243 77 108 141 118 200 64 121 251 35 34 123 230 87 218 96 65 212
114 227 108 243 76 208 186 189 170 242 200 250 50 56 138 25 75 58 87 127
58 50 234 50 20 96 23 131 135 50 27 158 58 196 114 56 96 135 114 239
192 14 241 207 240 46 148 65 212 14 74 242 200 252 97 112 108 86 203 142
245 56 183 251 121 114 27 200 136 200 202 114 60 104 121 58 13 136 200 126
106 114 106 205 241 96 50 242 218 191 242 200 26 151 103 95 66 219 186 160
97 203 152 147 106 122 221 252 192 136 114 35 24 148 144 223 50 72 121 163
185 111 40 104 174 178 218 51 194 96 250 179 75 218 58 242 127 208 218 51
192 186 108 211 245 10 219 58 194 182 113 163 186 144 14 2 14 178 114 26
107 252 192 108 26 186 127 154 178 0 58 34 221 26 56 142 114 33 12 144
151 121 158 160 65 148 96 186 186 159 248 135 121 108 173 223 50 93 163 27
164 242 200 148 205 252 253 141 239 27 26 105 65 181 194 14 170 103 0 30
13 110 220 193 243 142 223 50 26 87 159 77 7 87 14 127 251 95 66 152
253 10 181 114 186 181 181 62 242 212 252 50 251 242 176 208 50 218 210 87
57 77 46 50 152 207 119 218 111 245 192 8 182 215 45 87 121 181 121 215
242 200 208 186 7 218 113 121 182 96 108 250 218 226 9 135 207 114 104 135
