26 42 136 200 210 108 193 104 45 207 208 137 218 218 250 25 130 21 122 186
253 121 182 160 210 218 96 242 127 182 114 170 102 114 72 92 242 87 127 127
231 74 5 247 205 87 223 137 51 186 181 87 50 21 152 192 251 173 231 86
223 114 23 87 27 58 16 4 104 212 96 113 109 121 121 176 8 11 142 242
58 107 13 87 37 112 116 42 111 95 121 58 4 245 215 241 178 94 200 244
142 170 103 12 178 85 241 47 209 231 94 136 200 96 58 220 138 96 121 52
65 127 178 144 82 186 163 184 96 66 121 8 182 71 248 114 245 96 58 159
245 58 218 242 208 58 242 178 75 50 182 113 102 153 193 242 61 118 96 108
242 178 207 199 173 58 242 248 223 50 181 189 123 208 58 194 10 141 51 52
221 56 34 131 205 123 205 121 56 152 31 135 42 114 131 16 211 79 114 223
205 10 210 96 45 121 182 250 108 182 38 113 232 121 114 37 204 65 23 163
114 27 104 135 108 11 92 158 160 158 96 186 96 118 34 200 96 218 113 212
185 153 158 201 121 12 158 50 67 26 82 179 31 114 163 173 242 178 210 87
58 194 14 170 81 182 159 158 135 103 34 200 26 50 220 122 186 121 212 14
223 114 27 50 135 89 163 160 83 158 96 121 99 182 20 231 14 186 35 203
58 128 134 96 123 216 150 152 208 58 235 19 133 189 96 121 205 96 186 131
74 131 204 189 73 216 96 113 232 231 110 16 85 242 203 159 242 179 12 94
250 176 99 253 104 165 192 77 114 195 168 191 21 50 108 46 114 121 13 7
43 160 121 182 175 233 139 199 242 240 34 136 160 227 35 114 190 123 66 109
50 193 233 102 114 16 173 121 114 14 178 142 242 200 210 50 223 14 32 12
223 50 7 114 216 122 26 241 103 87 107 25 121 114 121 205 154 158 96 26
137 218 51 121 82 56 199 121 34 251 136 35 114 22 186 108 100 151 147 243
158 160 92 175 223 35 250 108 173 58 0 154 160 92 231 182 96 151 106 251
192 194 14 186 215 218 114 27 23 218 218 113 216 122 169 87 3 47 121 158
35 114 121 209 146 16 10 245 151 121 31 251 112 19 28 121 178 158 87 83
145 38 185 111 246 121 201 185 199 110 135 242 115 94 121 151 121 182 196 210
58 218 209 104 253 194 14 32 10 114 72 152 158 30 219 32 2 200 250 254
126 178 200 83 245 107 171 113 152 15 133 231 195 27 26 103 215 42 136 29
50 72 95 152 16 108 160 62 158 96 102 153 186 181 120 108 11 113 247 87
163 187 234 200 96 231 242 234 183 160 178 173 251 199 231 114 187 108 121 151
253 194 82 80 121 158 108 42 111 105 227 14 168 186 203 0 198 209 241 251
194 193 136 114 222 209 10 212 182 230 242 190 127 178 192 186 196 109 42 114
192 67 200 26 200 58 232 253 121 182 26 215 218 96 114 27 94 210 25 182
192 189 87 25 187 207 30 42 62 69 193 252 114 173 121 112 113 114 37 114
58 50 254 108 133 50 33 128 121 144 182 63 131 103 21 240 126 46 0 188
114 218 11 104 135 248 102 137 200 186 108 186 40 37 196 26 186 108 178 52
161 50 109 186 108 174 45 82 121 14 148 67 96 218 96 66 241 87 14 103
205 151 127 104 50 103 87 6 31 227 50 242 242 113 0 192 197 158 158 218
58 123 110 185 223 50 75 87 195 56 96 37 91 77 196 26 103 113 182 113
163 253 13 242 182 66 62 65 147 121 178 237 186 159 21 0 121 74 131 160
185 111 200 168 251 211 121 137 205 195 136 114 27 10 151 182 133 109 121 223
242 14 186 61 114 154 245 151 121 1 223 186 19 62 227 152 92 106 189 189
58 28 186 131 223 135 179 85 192 58 165 109 121 144 200 250 179 42 233 242
223 28 147 34 164 18 76 163 97 96 96 6 118 168 99 14 242 179 31 114
242 23 114 223 114 72 77 7 113 207 113 34 31 42 136 200 192 178 182 250
92 200 96 118 58 50 87 168 70 196 178 109 136 195 136 114 131 50 29 122
114 223 114 26 241 0 209 51 87 121 35 242 175 177 170 2 200 26 181 19
128 189 245 135 193 170 14 101 212 14 121 58 10 242 114 209 208 116 161 26
114 26 108 52 59 148 110 23 218 77 114 37 244 242 66 241 0 40 121 176
58 13 39 164 223 50 72 122 87 186 241 96 96 106 27 26 170 108 152 131
196 26 108 11 215 189 121 112 45 208 194 21 109 196 71 69 56 209 13 108
138 151 121 11 186 186 158 243 242 200 46 186 186 215 0 215 25 5 164 223
120 19 108 114 185 103 179 23 62 114 62 69 219 58 135 10 193 192 52 110
114 178 211 209 200 78 27 58 50 27 158 243 242 39 87 76 82 151 194 87
58 62 121 108 121 186 87 135 121 186 96 218 66 0 204 127 185 181 242 196
100 157 103 219 22 223 186 25 121 218 242 127 200 44 72 121 114 220 0 158
34 144 96 221 223 69 135 226 170 10 114 38 121 253 121 209 158 186 108 121
176 144 241 251 152 221 56 103 135 182 205 163 174 233 65 14 148 241 181 75
163 12 24 28 114 27 114 23 87 135 165 231 108 182 212 212 104 50 110 244
114 235 131 142 210 182 232 253 218 51 21 154 216 134 136 161 19 232 253 121
163 174 218 242 152 126 26 250 208 144 156 93 218 102 7 113 159 13 173 121
242 165 173 216 122 218 96 250 210 87 114 121 95 22 5 66 121 126 96 253
158 223 114 134 252 26 87 14 212 127 104 135 2 134 127 87 135 179 164 93
242 91 42 75 202 94 242 179 170 15 10 148 136 200 74 114 108 26 207 208
