34 165 76 162 192 42 87 27 160 235 19 120 52 136 195 197 152 203 218 20
64 148 210 26 96 26 50 163 103 103 23 227 24 16 168 18 228 200 26 210
185 103 210 87 7 192 122 96 26 65 87 241 87 110 53 45 182 113 23 31
52 136 7 151 193 240 121 23 216 98 21 74 91 56 121 178 84 106 186 35
245 102 207 19 174 135 167 50 44 64 193 207 199 212 215 87 14 210 200 96
121 50 242 14 42 103 87 170 107 122 186 200 244 114 121 50 23 62 30 221
185 137 212 14 111 185 95 14 219 96 195 94 208 241 87 218 241 31 14 14
91 223 14 186 212 96 215 42 33 101 243 29 231 109 186 148 153 114 168 38
185 198 216 158 97 50 56 12 135 148 65 178 103 32 18 208 223 50 198 182
209 185 77 22 58 135 127 151 186 224 87 96 86 6 120 74 46 23 12 14
88 104 229 96 118 242 19 186 203 231 121 63 234 254 111 178 45 182 176 160
81 106 235 103 103 156 174 200 231 27 113 87 181 121 30 2 152 242 200 50
114 178 193 133 235 223 107 107 25 195 240 108 173 121 192 158 186 181 200 253
103 103 121 48 151 9 148 245 58 231 12 135 192 10 46 151 50 52 160 227
96 121 205 115 184 178 141 85 151 158 121 103 12 242 127 178 12 114 223 87
158 158 188 72 95 173 121 82 158 106 235 110 53 104 118 253 251 11 42 12
96 201 121 200 26 241 87 218 103 229 192 200 96 174 186 108 126 45 160 21
10 114 112 135 242 200 183 236 242 144 14 48 158 160 5 218 242 200 250 12
221 50 103 87 186 66 201 102 242 94 148 96 195 182 201 30 66 96 250 250
160 41 216 158 223 81 96 121 205 209 146 16 165 231 58 242 165 182 219 27
50 10 99 215 218 242 31 195 40 173 130 12 96 168 250 179 218 96 251 66
114 223 114 96 189 141 94 142 50 147 121 243 243 121 134 12 173 198 121 58
58 218 198 25 135 21 148 12 29 122 186 24 158 207 173 242 151 147 95 196
96 121 205 34 192 108 148 211 18 11 83 81 58 176 171 242 191 66 170 121
40 182 203 231 152 108 173 178 20 96 231 176 242 87 14 215 186 108 26 108
50 26 240 148 11 250 96 182 96 250 50 244 110 188 22 242 178 200 46 14
173 114 223 215 24 200 51 16 210 87 87 87 121 158 108 85 196 242 127 127
185 242 200 26 241 87 111 93 72 152 102 242 200 93 121 181 114 124 7 114
114 235 51 201 148 205 10 108 96 234 148 158 96 96 50 63 103 186 186 53
242 250 179 129 96 106 106 108 186 212 219 108 46 150 152 242 179 12 218 212
96 72 231 244 185 41 87 168 195 94 178 176 144 127 10 151 143 158 18 208
193 228 200 26 108 83 41 248 123 151 231 216 244 121 114 135 189 51 121 173
247 203 127 231 92 104 196 114 19 23 25 87 0 194 14 113 212 85 14 242
242 200 96 139 113 34 184 66 103 12 126 217 102 128 219 50 30 66 217 62
96 46 75 26 42 127 250 200 206 14 250 87 7 107 33 0 216 148 112 51
58 245 74 189 174 61 114 220 186 141 102 61 106 168 218 113 197 205 231 135
37 110 186 108 87 0 186 148 11 83 212 253 122 26 198 137 158 96 173 251
163 205 174 72 56 96 182 160 245 34 41 196 53 148 24 108 252 247 250 26
163 253 107 114 121 205 235 135 11 231 14 50 251 248 251 121 72 14 121 102
151 121 182 12 45 46 42 50 30 142 215 121 65 30 69 141 11 14 90 96
242 200 96 91 51 121 106 121 96 235 83 162 158 148 239 205 223 182 176 215
58 13 73 66 2 168 96 210 45 15 77 21 146 197 42 123 87 152 170 48
176 160 135 109 139 51 110 212 96 38 248 72 114 33 186 3 108 23 56 134
10 96 205 40 170 2 182 248 121 121 209 205 96 210 136 200 78 104 178 110
178 160 175 170 121 34 92 113 31 170 215 14 148 218 191 121 50 73 215 121
242 200 186 108 19 186 148 205 34 227 33 187 242 151 158 158 130 21 215 108
58 163 106 27 12 38 230 14 114 22 112 242 200 83 58 196 242 250 179 12
160 194 23 6 165 158 128 241 87 96 248 223 114 223 50 121 23 160 23 218
144 82 242 113 251 66 104 192 218 200 96 223 38 218 215 223 234 78 114 2
10 151 251 241 25 190 152 150 170 182 223 114 27 4 200 26 241 96 182 114
112 102 153 247 170 85 23 53 96 250 108 20 141 80 109 35 121 114 195 168
58 13 21 152 108 250 87 96 96 42 174 213 82 163 174 203 30 71 223 163
151 100 174 72 95 121 22 212 14 96 186 96 174 72 152 164 135 114 248 27
252 33 87 121 22 58 241 87 87 7 215 250 108 113 212 146 121 182 58 103
158 103 113 111 162 185 103 121 34 164 194 14 96 38 251 170 216 96 74 106
209 242 200 250 108 53 109 173 231 121 226 209 170 242 14 111 148 178 85 96
24 244 87 181 91 244 172 110 23 218 56 87 121 50 135 164 223 135 167 186
221 218 204 181 102 182 210 136 200 19 82 102 30 66 164 218 73 77 212 215
160 176 160 65 71 186 135 200 168 45 46 42 121 34 252 134 114 108 58 107
179 53 14 227 25 159 10 181 0 87 96 244 35 212 146 65 193 58 242 200
234 154 121 96 229 2 14 96 223 223 75 230 242 87 14 14 186 250 103 34
163 253 103 108 173 143 160 105 144 138 0 16 96 121 211 50 8 121 34 50
223 50 18 186 147 164 135 39 87 6 247 230 170 23 10 105 35 108 37 121
74 243 178 130 21 11 113 212 95 250 164 50 108 11 113 57 136 200 50 143
