160 103 92 248 103 135 121 247 51 123 231 21 131 163 176 114 27 4 93 147
163 174 175 223 114 38 171 121 205 121 218 170 160 0 80 25 114 135 121 65
102 223 14 168 230 66 87 209 16 95 142 221 19 253 245 185 96 241 174 116
97 108 11 218 71 186 108 109 121 173 193 110 170 62 209 62 185 218 111 52
92 45 168 200 45 182 58 159 41 14 121 231 51 123 102 158 218 210 136 114
10 26 218 215 96 42 123 184 186 105 108 211 252 52 186 108 178 163 215 96
158 185 111 200 200 58 121 27 26 83 245 230 51 201 9 45 54 141 14 72
96 121 176 148 45 104 218 212 224 188 10 212 242 127 219 58 230 126 218 242
58 194 14 12 87 111 121 181 26 194 148 242 200 123 12 131 106 14 14 58
195 62 71 158 236 50 240 31 186 108 114 27 121 16 108 121 182 57 186 186
118 177 19 80 158 50 30 152 114 35 186 108 203 106 121 205 223 170 62 140
245 58 200 96 178 212 189 152 1 97 186 144 158 189 242 136 242 200 127 152
134 82 72 121 106 118 152 170 85 85 96 94 20 242 76 83 242 200 42 121
28 147 164 135 200 54 71 158 51 158 27 51 218 242 127 82 163 32 154 159
223 114 108 114 121 245 131 103 87 215 218 65 147 121 20 51 197 96 109 219
70 29 109 121 163 26 170 62 178 112 242 127 14 121 163 110 212 122 231 128
114 14 86 186 99 186 147 71 25 21 48 244 121 158 50 41 45 23 87 137
242 200 22 108 173 121 121 114 27 108 251 35 108 197 112 58 223 203 181 203
158 135 92 24 23 113 212 14 10 114 165 158 121 218 71 121 181 242 200 72
223 181 23 163 113 23 14 214 72 73 215 121 182 45 86 189 207 66 83 242
58 240 121 114 243 142 170 103 77 103 108 221 26 42 23 136 114 121 199 185
223 114 4 14 96 103 113 186 216 122 186 96 26 181 148 26 186 148 23 233
176 50 215 186 108 239 59 109 81 244 151 34 122 186 147 121 35 45 181 203
65 189 103 34 247 14 94 200 113 212 96 176 144 14 186 231 121 131 1 209
160 103 25 87 93 181 121 182 184 46 10 250 103 12 74 5 122 186 108 242
114 223 114 27 148 205 58 220 127 178 106 168 200 58 208 158 242 200 210 30
116 209 20 195 240 245 14 215 108 192 186 108 211 56 25 242 14 114 187 131
128 144 208 111 166 175 103 25 135 121 132 121 37 158 108 121 248 7 215 108
121 163 195 242 200 182 51 121 57 121 195 27 242 200 26 184 96 126 218 189
192 103 87 241 174 218 210 7 247 50 147 121 248 135 21 56 56 62 158 30
103 34 164 121 195 211 94 200 37 242 250 179 113 87 87 77 19 127 0 186
192 58 103 34 87 186 108 184 100 170 2 14 242 199 186 114 96 58 96 186
58 93 114 200 108 251 12 114 197 29 23 75 218 242 127 200 209 188 211 134
231 158 50 56 56 66 152 242 127 104 148 204 158 0 114 27 188 10 108 173
192 168 38 164 218 56 204 215 218 113 32 121 182 218 242 200 72 122 186 141
10 255 100 136 8 252 176 92 178 250 179 218 123 27 26 113 24 123 87 218
58 189 182 121 182 182 58 231 58 242 181 66 136 40 200 26 136 104 135 108
50 193 108 121 182 176 144 14 12 186 19 9 114 23 45 11 178 163 182 44
245 211 40 227 89 137 218 152 244 31 114 195 58 223 21 113 80 182 176 144
242 200 147 212 71 197 242 14 151 212 25 177 201 121 121 182 182 242 200 168
51 158 65 113 180 200 105 108 121 223 50 242 200 78 27 93 176 215 218 113
91 103 94 83 21 123 12 114 102 21 245 221 50 236 251 173 242 165 242 203
92 158 27 113 123 242 250 179 57 23 31 42 12 114 108 114 27 87 87 121
245 108 91 18 178 45 44 114 230 159 205 168 250 7 148 241 218 218 51 121
231 94 121 105 245 245 211 94 94 211 83 74 110 160 111 147 244 135 121 103
141 102 242 200 72 66 163 81 205 205 114 78 14 59 196 198 121 248 234 243
151 121 186 163 174 114 114 72 100 152 173 121 182 182 20 71 186 108 34 179
58 194 14 223 66 0 108 182 121 24 147 121 2 174 82 32 96 113 106 32
96 174 72 179 218 71 114 121 158 26 103 241 25 121 134 234 241 178 253 220
74 56 42 198 160 65 85 14 121 18 200 208 50 193 51 251 91 103 111 80
248 135 243 239 212 71 50 5 123 231 50 173 121 200 185 75 81 211 114 230
250 205 123 92 242 200 51 121 114 223 114 93 135 92 242 200 27 244 207 21
235 17 189 196 76 159 201 121 97 200 26 50 182 176 215 50 122 18 0 26
76 186 114 150 127 25 223 188 231 165 154 138 42 31 114 23 23 242 87 209
58 96 229 57 62 148 218 218 230 159 141 223 208 152 221 163 215 218 113 7
242 200 131 195 251 109 173 242 238 108 42 108 121 114 41 160 128 227 35 197
186 211 131 223 189 82 133 75 138 218 96 58 113 152 136 26 87 42 108 114
58 64 119 200 136 114 4 13 158 223 69 99 177 33 21 242 196 197 192 96
14 58 195 115 242 200 42 229 103 34 123 87 10 93 152 150 67 176 144 14
94 117 231 110 160 8 121 144 14 35 51 147 121 248 72 158 96 112 207 17
146 58 25 121 248 223 135 219 12 114 200 26 186 148 211 227 135 251 198 94
32 18 50 122 42 0 120 121 138 250 179 127 242 200 248 50 242 87 23 30
10 205 177 96 6 215 96 92 127 208 144 242 190 83 242 141 218 235 219 184
58 194 14 218 242 82 247 10 212 104 96 108 251 33 21 123 95 250 21 123
