160 103 83 152 108 250 108 250 123 12 7 231 235 26 186 83 242 208 144 83
58 223 218 26 111 242 23 31 215 218 218 113 123 25 114 4 64 186 50 216
91 28 44 114 51 121 96 121 182 45 239 242 82 121 253 251 176 215 186 170
176 160 8 135 58 103 103 108 188 121 164 195 178 103 121 116 202 114 121 192
28 178 231 251 30 159 9 234 211 168 113 152 126 218 96 91 245 96 91 245
192 200 121 93 95 121 182 113 102 199 249 219 221 12 50 108 26 170 179 0
201 31 135 135 242 208 220 139 242 208 177 148 177 114 50 121 205 121 248 24
192 158 186 108 96 147 103 219 34 212 219 108 42 4 208 65 103 7 108 26
16 193 108 95 121 131 85 71 81 189 242 82 90 174 186 96 242 127 182 66
58 93 96 67 144 94 99 121 175 173 110 178 159 114 27 112 108 152 147 212
160 189 158 218 250 136 242 42 178 69 83 134 162 211 170 203 170 15 242 21
35 185 181 201 121 111 245 11 232 45 252 209 242 14 142 26 92 162 215 25
242 127 255 123 232 121 192 56 96 24 147 160 34 37 242 127 44 87 14 45
160 11 104 106 164 58 12 219 230 45 182 170 206 87 16 59 14 118 76 158
92 242 200 250 245 253 50 135 37 212 135 197 50 113 13 95 5 251 94 20
121 68 212 50 242 135 66 121 106 114 187 186 159 159 10 97 186 108 19 42
114 178 96 62 147 34 31 56 135 216 122 26 233 50 176 144 127 91 179 25
52 37 73 215 218 174 218 96 201 201 114 223 114 87 12 175 247 31 74 23
160 44 114 223 135 114 96 106 121 182 126 182 113 231 33 173 231 212 85 96
102 128 103 66 162 137 96 136 114 178 239 192 168 232 245 138 75 211 170 113
158 158 96 106 11 51 215 231 50 33 140 189 223 45 1 130 121 121 209 50
245 5 133 58 10 114 37 212 34 200 50 207 56 71 31 65 242 200 186 108
253 121 96 114 186 96 192 186 96 114 121 221 123 200 58 50 103 108 26 122
201 201 114 108 173 121 182 171 103 87 247 73 114 232 101 231 175 121 12 173
58 100 189 211 122 42 41 219 160 110 158 37 242 200 7 248 175 45 242 182
252 24 147 236 209 108 23 87 218 151 147 121 242 115 56 218 135 242 14 215
175 177 26 243 47 189 103 75 2 23 87 223 247 110 53 104 248 197 108 221
58 13 53 104 107 218 50 251 42 166 33 215 62 173 147 121 245 237 152 28
252 102 242 208 168 31 42 12 242 250 152 24 108 42 62 150 30 231 58 170
114 108 110 238 27 163 178 215 218 255 185 18 104 87 195 200 168 182 20 251
245 243 88 14 65 103 181 0 16 96 121 141 104 200 242 200 212 102 242 2
211 50 133 242 108 212 14 219 223 219 163 62 147 102 160 160 103 242 136 242
192 186 148 230 158 158 71 177 106 211 252 134 223 100 131 218 74 114 23 242
242 21 69 146 58 144 2 14 10 215 218 25 121 205 227 251 23 87 158 23
106 14 121 121 192 62 168 189 4 218 64 186 108 26 193 114 215 189 87 76
74 58 69 219 21 201 105 242 147 184 212 96 205 252 26 215 218 96 205 50
58 218 96 38 133 58 19 10 99 146 140 19 25 242 250 240 148 182 212 182
158 242 82 80 96 185 77 211 233 147 90 211 223 14 189 245 112 113 76 234
16 160 241 218 242 200 242 174 173 33 160 87 7 215 0 7 200 250 65 69
58 34 200 96 235 110 147 135 18 56 200 244 7 113 212 121 35 104 29 209
192 251 21 113 135 242 31 135 31 135 114 27 87 27 150 66 0 122 186 108
130 94 248 142 108 36 42 135 142 114 196 186 108 173 197 12 96 38 174 114
253 170 200 108 26 72 251 239 50 152 14 71 230 245 136 54 110 230 178 103
57 185 84 106 103 87 72 240 212 102 192 48 242 200 42 152 242 142 151 20
114 252 114 26 218 19 245 186 108 102 111 104 107 135 108 121 248 243 242 200
160 65 242 152 108 174 218 51 134 252 232 51 123 38 112 38 242 14 186 87
253 251 121 77 211 2 127 203 152 147 121 102 45 23 135 125 12 171 113 114
253 189 174 174 108 26 70 170 219 111 69 174 50 236 247 121 108 178 146 182
101 121 114 168 195 200 168 174 200 96 205 218 242 252 58 12 135 91 186 108
192 121 114 114 186 212 96 233 96 21 152 31 123 12 50 56 25 121 107 212
196 211 105 103 87 223 173 142 210 229 176 158 109 242 186 210 207 50 21 20
58 50 5 195 136 200 186 93 151 185 18 104 134 135 200 250 245 211 66 253
58 13 194 138 26 96 215 189 66 35 186 105 41 50 48 111 199 103 96 113
158 163 212 96 50 122 158 103 96 212 218 218 241 14 65 182 110 23 31 114
58 107 13 6 26 7 50 95 242 113 31 164 50 205 182 85 20 250 108 90
58 69 95 231 239 22 205 235 242 127 152 26 123 112 151 103 121 114 121 151
176 160 94 150 196 135 130 87 56 96 33 90 147 207 34 80 12 114 16 14
177 243 177 114 92 173 8 28 158 231 242 127 197 20 141 85 113 113 16 198
10 34 36 186 105 218 50 56 56 244 248 135 114 190 113 196 14 96 231 143
205 158 140 152 74 5 230 11 250 245 218 210 13 128 71 135 211 203 141 215
160 58 242 127 28 208 26 87 163 186 212 50 121 30 42 92 205 0 158 158
58 218 74 131 242 159 50 21 122 24 147 121 159 96 115 242 200 182 110 11
80 134 28 163 121 205 114 168 38 96 12 114 200 37 242 200 182 161 105 65
114 114 187 38 12 42 31 239 186 186 111 193 211 241 218 218 242 87 14 219
