5 191 16 58 97 20 216 145 208 73 142 241 61 27 228 193 242 230 243 170
87 104 210 77 114 11 39 12 180 99 223 9 18 210 22 215 75 105 69 246
75 77 222 59 73 149 199 35 213 170 16 211 89 17 54 183 253 200 42 193
167 106 231 162 205 96 99 252 172 204 191 206 169 139 253 218 249 231 223 160
28 222 222 146 194 209 179 73 3 147 147 97 170 77 180 157 104 153 45 223
91 97 152 136 212 153 218 96 142 23 33 127 136 220 240 229 80 117 218 113
229 163 178 218 76 82 186 149 105 110 118 103 128 51 202 39 152 165 246 183
245 206 103 244 192 38 77 250 174 5 183 163 187 46 212 24 231 243 243 239
200 153 168 153 65 157 215 7 10 42 32 145 250 184 6 204 154 237 244 185
6 125 226 254 238 193 245 138 105 209 60 15 124 226 196 14 136 174 209 89
201 73 239 142 157 47 246 1 11 89 170 68 115 203 244 76 194 146 216 211
103 146 230 209 22 233 192 207 49 239 139 53 116 5 154 9 253 183 110 248
9 200 238 17 61 181 213 253 172 36 137 130 85 195 22 188 72 224 95 213
116 202 204 3 80 104 91 100 221 133 92 9 167 160 48 118 129 80 58 1
142 51 134 148 251 169 157 225 34 60 245 164 179 142 137 156 85 61 73 96
15 209 255 78 22 60 120 40 26 237 191 152 236 139 36 102 54 216 155 0
254 112 78 129 200 23 61 184 213 131 11 218 12 14 123 31 3 187 64 77
121 245 128 244 133 63 184 165 158 43 172 162 41 122 139 216 175 248 9 113
112 164 131 72 111 58 155 252 236 107 12 47 213 143 51 251 178 122 250 54
98 214 36 63 182 39 248 121 132 79 35 34 147 160 75 73 159 110 207 225
95 183 206 161 126 124 72 83 200 252 232 187 53 50 174 126 235 176 229 214
203 164 181 192 132 214 91 85 16 219 105 208 72 87 63 1 118 149 154 51
232 198 4 65 164 58 120 142 114 157 16 118 203 145 17 150 60 88 237 186
208 74 150 219 37 153 179 34 48 158 245 112 164 64 109 25 74 229 191 227
45 253 229 181 235 211 152 209 72 232 141 88 113 164 235 200 180 71 197 93
230 12 140 223 95 159 140 252 6 123 248 150 146 143 252 245 97 23 122 141
104 135 114 88 252 101 110 26 76 54 149 57 140 66 76 61 21 0 9 222
86 147 185 219 101 2 240 55 168 21 165 213 164 188 43 245 90 10 188 62
254 97 56 226 204 91 145 244 135 87 67 147 113 201 179 212 124 156 44 34
7 218 38 109 226 10 223 21 136 39 111 71 132 188 95 45 21 189 10 216
7 35 58 199 255 238 14 227 132 53 8 106 228 44 66 160 23 199 27 199
102 103 175 112 196 248 255 50 45 202 178 233 223 105 229 149 110 240 224 89
96 218 16 88 62 187 135 204 243 71 68 245 250 83 66 125 253 61 50 140
171 51 124 57 227 166 168 130 4 103 115 142 227 47 55 34 24 96 45 37
94 22 13 210 216 125 195 31 228 73 133 217 128 185 78 178 237 104 216 139
132 74 109 170 114 211 93 95 157 168 106 208 237 37 13 224 81 17 63 237
237 38 100 212 217 85 247 175 253 92 249 135 154 206 202 116 104 140 154 0
249 4 52 126 244 233 255 117 253 17 204 133 172 229 117 159 147 213 55 145
25 31 195 65 235 39 2 235 236 78 9 240 119 183 251 90 49 57 74 91
57 254 58 90 40 58 41 42 181 168 239 198 2 136 145 160 4 103 181 26
244 109 206 16 150 73 172 135 92 121 13 179 225 231 189 83 241 29 105 9
215 248 18 53 92 25 2 150 117 163 127 251 114 3 151 203 218 132 153 166
81 190 169 78 58 62 82 163 107 135 125 194 231 32 18 20 171 245 178 201
0 194 213 8 232 192 3 113 236 21 227 163 214 228 187 127 144 200 34 146
110 195 24 205 106 153 31 210 138 218 10 131 163 145 104 123 36 167 42 107
182 38 203 217 135 244 254 121 228 198 68 66 77 133 37 173 230 13 159 226
106 53 119 248 126 111 137 175 185 244 69 157 150 237 136 153 121 143 37 146
196 46 245 112 63 64 175 111 255 175 3 40 84 233 174 98 205 240 103 139
88 50 49 16 152 39 75 8 25 189 46 241 126 113 34 135 132 109 3 160
198 22 31 41 46 6 185 73 15 119 234 21 66 85 40 85 168 248 114 36
191 208 10 245 238 132 147 219 37 83 93 116 7 157 221 166 133 208 55 120
228 81 251 111 116 197 85 97 228 207 82 114 177 1 233 152 243 6 151 26
54 183 186 224 107 234 122 207 191 47 86 106 88 31 79 204 64 20 215 38
145 87 202 231 252 108 38 5 57 217 78 84 28 141 254 206 5 77 238 81
234 27 219 105 24 182 238 46 146 122 123 138 155 197 184 151 252 30 98 239
181 163 68 230 137 243 233 127 6 163 78 175 236 149 248 216 106 137 208 172
244 255 116 159 52 13 235 76 88 115 110 141 217 152 119 180 240 230 105 18
195 226 133 43 47 157 43 2 106 84 231 42 89 103 180 96 72 161 215 58
214 183 186 20 73 116 128 242 59 133 238 165 214 65 238 78 94 21 147 196
206 127 64 162 101 141 254 133 71 128 126 211 234 138 140 1 127 54 192 58
31 48 141 158 188 94 20 41 48 17 107 217 65 90 7 244 89 43 91 162
59 53 153 203 45 134 218 30 181 136 27 225 252 155 8 153 6 245 195 19
195 171 74 249 153 9 116 2 199 85 149 38 87 50 133 22 180 151 52 21
16 204 186 37 120 156 110 180 235 60 59 31 242 66 96 146 34 236 37 171
