121 106 138 215 121 114 168 38 253 245 218 218 242 14 239 186 209 121 181 121
192 186 3 92 231 113 186 108 250 26 91 28 104 160 227 177 253 121 121 234
192 184 250 103 50 113 106 121 114 37 41 11 66 184 96 250 108 146 96 112
160 148 5 137 77 212 170 69 23 25 242 14 186 186 181 127 110 103 181 121
209 10 210 87 158 26 96 113 50 110 135 243 113 16 37 176 33 218 51 121
211 10 38 253 189 151 185 80 121 158 50 103 87 7 135 44 50 114 182 95
221 56 135 150 210 96 250 50 23 203 106 176 0 253 152 53 11 126 118 189
106 121 182 62 160 114 121 2 200 106 254 20 96 226 1 65 133 53 14 66
163 253 231 151 103 91 207 242 208 192 186 181 242 250 200 186 186 148 158 226
58 107 16 114 108 239 147 121 178 121 86 250 218 50 251 152 108 26 136 178
58 95 35 108 182 216 18 116 166 91 91 165 174 9 66 114 178 110 102 121
250 218 144 14 121 34 36 50 201 121 186 182 106 122 26 103 0 135 114 210
35 114 52 38 252 192 50 63 151 251 0 121 21 242 200 148 6 148 240 58
40 10 28 114 114 27 50 23 128 76 242 179 217 228 184 14 106 27 158 28
40 136 64 100 189 208 50 163 17 26 50 108 175 0 121 99 23 211 56 194
50 213 242 179 85 19 126 200 205 197 96 167 251 173 10 147 147 102 242 87
223 45 48 69 83 211 247 135 242 200 22 58 159 242 200 42 121 12 242 196
50 158 207 160 65 223 159 69 113 120 186 108 96 215 216 113 103 66 12 219
205 10 118 52 121 242 103 87 14 234 2 14 231 160 56 96 87 121 35 108
10 152 58 245 252 192 11 196 26 103 240 214 96 121 223 114 186 181 87 87
96 112 230 182 216 20 96 176 50 180 223 189 66 121 231 135 242 200 118 94
160 227 212 34 31 114 1 231 196 50 122 141 144 121 21 241 175 103 77 21
91 81 246 121 58 50 135 242 208 58 13 128 0 209 79 10 160 242 242 14
192 186 158 218 103 122 245 62 173 58 121 164 245 141 2 200 218 96 121 58
148 112 161 209 16 212 16 170 144 160 92 39 87 12 212 96 112 170 121 20
223 186 0 19 136 114 14 186 96 151 121 216 50 237 93 135 154 104 113 135
201 16 6 121 135 82 192 158 121 52 114 108 134 96 176 215 144 14 121 114
50 188 245 10 141 218 244 233 135 242 230 96 96 205 186 200 26 103 159 108
253 209 4 253 137 51 12 251 173 242 2 200 83 231 87 16 121 35 147 142
160 11 57 12 95 242 14 223 215 209 121 209 223 120 76 23 178 62 154 160
41 9 32 194 14 34 191 176 16 108 172 148 41 158 109 151 160 103 103 173
221 251 170 121 50 37 176 106 122 42 84 93 30 74 75 218 205 218 218 241
160 215 103 0 223 113 181 62 147 135 137 45 195 26 186 93 114 72 242 87
192 186 148 241 80 175 242 200 26 215 96 231 50 64 186 108 186 186 108 44
120 160 215 212 178 200 195 15 230 191 152 52 42 123 62 62 158 121 148 211
160 131 91 245 170 243 135 242 19 23 101 32 152 26 193 171 56 96 91 212
242 23 52 108 248 135 242 3 69 231 34 31 114 197 232 210 87 96 87 121
242 87 14 26 241 152 175 121 151 14 34 36 121 241 87 14 142 242 200 120
138 205 37 121 205 123 200 26 241 87 14 111 41 185 203 9 114 114 108 114
114 168 203 23 114 238 108 158 216 211 9 137 215 226 104 121 158 96 223 181
10 245 231 240 189 152 114 108 141 18 54 204 96 182 242 14 110 252 221 87
243 242 170 83 243 223 14 0 230 69 113 176 8 114 35 212 50 104 19 174
121 223 186 203 62 186 25 121 181 194 14 176 59 160 41 45 121 182 242 21
58 194 14 218 191 127 104 33 56 12 16 120 52 114 114 27 108 9 230 182
24 147 121 218 50 61 106 65 215 25 142 121 200 205 96 75 134 251 21 122
185 158 217 80 123 23 160 121 159 77 57 121 45 104 72 236 31 135 242 208
212 173 242 200 78 127 14 215 108 105 242 173 54 83 196 30 42 121 108 113
245 91 215 85 221 122 163 70 231 215 218 192 114 27 105 27 235 4 245 174
58 103 108 20 212 231 160 73 128 135 123 135 242 85 113 244 164 107 25 135
228 108 192 85 96 38 186 0 111 121 114 22 121 205 121 52 35 114 7 161
157 146 31 122 186 96 96 112 177 253 40 147 121 158 248 242 87 78 152 141
223 114 195 178 177 147 177 184 108 255 158 91 244 16 189 182 75 211 241 50
153 138 218 123 113 103 75 83 250 196 192 164 223 114 27 50 27 192 104 73
234 200 239 104 242 87 14 186 96 46 11 66 65 23 25 136 195 121 90 121
163 174 114 195 150 41 95 199 231 110 113 164 12 114 121 106 163 174 58 96
193 178 158 158 160 65 198 121 199 32 96 45 109 26 96 215 6 242 200 26
192 186 108 250 87 186 241 200 6 200 242 45 110 212 21 109 42 53 113 18
235 191 19 158 96 73 114 108 186 186 181 184 141 85 218 200 96 120 186 252
97 163 218 218 218 242 182 196 141 87 27 114 108 26 141 142 96 6 186 163
179 218 114 96 187 0 243 142 212 210 242 200 51 80 121 159 86 185 77 212
58 93 181 23 56 6 7 114 7 135 200 58 208 205 135 114 35 108 178 59
185 13 184 42 2 200 96 204 244 111 104 50 177 135 242 20 109 142 151 82
205 209 221 158 148 182 110 148 205 29 14 96 148 85 96 26 215 25 121 140
192 186 96 51 236 163 170 243 173 240 36 121 114 135 242 170 14 32 12 14
