242 200 78 121 205 219 114 58 121 128 244 173 223 45 77 238 157 211 241 23
160 103 181 87 218 241 241 251 50 73 135 212 50 5 242 86 186 181 224 230
4 148 205 16 231 31 158 186 158 35 171 121 2 135 121 242 200 108 186 250
58 194 14 186 108 251 96 66 173 251 242 73 181 23 62 104 187 186 203 121
102 163 188 58 10 148 218 96 121 242 200 124 158 103 83 62 16 200 211 104
205 125 21 251 50 95 152 4 111 152 20 204 50 251 248 60 158 223 223 218
215 200 26 152 92 242 21 64 52 121 106 143 108 186 96 34 200 200 50 151
10 9 195 27 50 103 240 114 13 193 65 4 240 61 43 197 173 104 209 200
223 114 108 114 236 127 12 50 123 92 222 76 234 186 69 242 200 209 243 12
158 37 121 35 114 121 192 186 96 96 186 181 168 200 253 96 118 108 46 114
242 200 250 205 69 57 45 248 230 218 9 242 182 114 10 158 242 114 108 201
160 65 176 144 14 127 223 159 35 9 118 212 10 50 23 0 158 135 200 3
252 247 170 136 200 173 58 234 200 226 65 20 96 50 242 165 121 201 121 179
34 251 208 94 242 30 95 121 248 243 123 114 121 121 58 96 215 245 108 42
58 34 127 200 112 9 4 182 223 242 182 216 113 164 135 178 211 8 50 3
81 126 151 168 38 209 194 251 113 0 212 69 102 7 251 69 74 87 16 4
178 188 24 16 62 147 121 53 46 25 158 144 200 127 240 211 11 102 158 50
58 194 14 148 176 177 160 34 104 231 113 181 178 14 96 186 203 223 159 9
160 111 104 96 215 218 71 122 42 50 251 248 76 87 83 179 158 0 58 231
250 179 218 113 52 35 114 108 114 121 37 181 7 215 218 113 51 121 57 121
24 16 102 189 103 113 212 121 58 19 186 186 103 0 186 186 108 201 185 26
248 163 107 200 218 73 113 51 121 181 121 96 112 108 96 108 250 108 173 242
135 108 242 162 50 212 50 48 219 131 168 252 251 221 2 24 127 178 182 215
58 8 7 212 241 96 250 240 221 138 209 96 186 26 83 245 121 241 218 212
192 186 114 26 217 62 104 218 51 16 48 244 231 240 114 121 205 5 215 138
220 42 62 63 215 121 34 36 52 104 29 14 121 181 223 186 174 210 87 22
223 114 148 110 10 120 158 96 250 99 143 23 31 69 19 151 121 52 204 148
205 10 9 38 137 2 200 126 53 250 138 138 14 36 215 107 50 242 33 223
209 244 158 32 247 113 212 170 21 179 177 48 173 121 192 227 85 114 76 2
114 178 26 111 196 26 21 73 31 168 237 16 165 210 2 152 62 208 192 0
24 28 193 143 207 30 200 112 109 238 27 138 163 230 158 158 96 96 6 209
163 12 218 242 127 82 192 186 19 158 160 194 231 67 212 96 114 196 114 120
179 218 51 121 87 61 76 82 186 39 136 95 231 242 87 82 136 216 122 152
163 174 14 200 96 118 51 87 121 209 104 135 137 200 253 96 96 78 218 113
185 233 96 50 113 160 242 82 93 114 75 26 136 114 76 23 114 187 23 62
112 250 14 231 248 135 121 205 73 127 144 208 50 103 123 120 53 208 135 242
245 118 104 121 218 96 50 215 42 12 72 84 103 23 197 103 87 111 174 131
62 158 121 114 72 121 182 184 96 136 200 226 31 50 251 66 42 186 108 26
28 46 83 158 140 164 113 29 14 186 186 181 217 121 199 121 151 121 242 200
179 91 231 45 51 121 242 14 77 247 242 200 242 200 96 26 42 108 114 112
58 50 77 207 87 123 19 14 108 110 147 121 243 242 200 22 186 91 158 56
92 242 200 96 176 118 71 234 200 242 82 173 200 168 250 50 26 96 178 85
243 142 114 121 114 200 27 148 218 38 77 96 215 42 0 181 62 168 218 219
163 174 108 148 163 126 12 35 102 200 242 118 200 245 211 122 52 130 180 105
58 144 14 223 77 230 210 200 144 14 215 62 121 45 251 109 23 122 114 27
58 218 242 231 87 78 46 77 179 23 147 121 69 121 57 121 158 158 103 31
24 223 108 244 23 158 209 193 247 50 110 20 215 87 121 18 200 242 66 121
185 9 114 241 87 121 189 112 113 196 238 121 200 102 87 7 118 200 209 96
223 114 114 154 181 148 23 87 42 121 218 122 136 200 226 114 72 121 58 120
221 170 243 103 142 126 168 159 18 168 136 114 114 168 108 114 121 252 197 107
137 200 126 218 113 212 205 223 159 96 23 12 158 135 242 95 219 22 18 138
192 121 205 57 170 121 251 96 133 128 158 45 178 133 242 87 76 128 242 203
223 50 1 194 212 212 71 135 211 94 11 138 186 96 121 200 96 242 82 186
50 5 108 2 200 250 196 210 136 200 118 186 26 93 50 136 159 118 31 96
37 102 73 135 121 242 87 27 26 170 73 164 230 189 25 121 248 135 128 244
179 102 62 209 227 168 170 76 231 104 38 218 63 139 160 237 251 123 21 1
242 200 148 114 27 186 135 208 50 122 218 51 123 232 96 121 52 186 215 25
158 26 103 241 135 178 133 242 82 202 50 242 121 242 14 219 223 53 51 168
137 200 124 227 120 103 113 108 178 253 182 242 195 186 108 114 239 227 159 201
57 168 113 65 242 182 23 175 177 121 82 12 126 175 223 69 19 182 242 170
242 87 203 152 147 121 87 70 96 160 74 34 92 82 251 50 251 199 114 195
37 163 215 42 50 242 177 123 230 11 96 243 121 64 182 127 200 109 186 26
114 223 96 87 23 218 34 210 87 50 110 197 76 182 141 212 219 74 151 118
37 212 253 24 10 113 87 195 204 87 27 26 108 210 25 243 39 87 212 215
