221 110 114 192 28 248 73 179 142 104 164 216 121 34 126 121 123 67 87 218
102 35 223 121 192 14 186 210 76 152 19 25 182 156 211 208 227 209 130 87
10 66 45 106 207 0 113 87 174 240 118 14 111 208 170 128 200 230 242 210
58 173 158 205 137 10 47 223 50 147 168 26 231 199 183 190 210 14 229 203
158 251 208 50 234 114 251 215 76 212 114 209 146 212 200 175 239 18 234 113
250 108 131 54 121 158 50 185 160 191 238 135 58 97 189 150 242 34 212 121
192 231 175 239 230 14 19 108 218 151 163 45 126 159 174 160 135 184 158 245
205 26 52 159 6 148 16 50 211 170 78 252 235 121 196 144 92 35 233 112
146 62 251 131 122 235 127 200 121 58 145 176 96 131 219 111 79 34 105 0
27 242 182 114 242 203 114 158 65 218 76 74 242 133 185 221 223 250 38 231
151 227 96 215 195 106 96 45 144 8 114 170 225 230 215 14 211 135 7 242
221 115 120 239 220 87 127 208 71 42 121 242 96 158 158 147 205 102 212 108
151 210 135 160 186 44 156 182 76 87 50 38 135 186 181 102 113 22 26 56
37 121 177 159 170 14 233 114 231 24 251 87 205 135 52 223 200 7 114 111
106 153 216 143 144 38 122 179 247 196 19 87 50 192 186 14 178 102 223 121
102 128 185 121 205 78 253 219 96 121 168 142 34 127 58 230 46 66 233 241
88 114 200 218 182 45 67 173 185 135 24 72 72 56 218 244 103 69 182 182
10 123 121 108 123 113 247 121 121 142 46 114 135 234 14 173 96 19 148 212
50 76 218 22 176 123 77 107 239 168 30 240 135 230 152 205 176 181 102 121
178 202 121 114 189 108 103 44 114 50 237 176 236 130 216 215 173 223 121 102
35 13 50 139 66 237 114 219 12 218 242 50 210 173 34 242 82 108 73 251
176 223 38 197 143 96 185 208 130 50 87 219 253 182 58 59 113 34 248 177
12 252 251 14 148 33 2 177 178 218 151 14 186 94 12 218 74 91 239 23
107 96 211 241 112 69 142 121 2 96 96 211 44 108 122 16 85 207 253 228
135 144 120 114 79 110 242 104 14 197 58 223 58 242 111 19 170 93 31 37
134 121 245 12 26 250 108 66 148 204 85 182 241 20 62 50 176 62 158 130
221 23 208 13 148 107 203 131 203 219 160 175 201 178 243 142 20 72 123 195
242 173 235 108 14 241 186 182 14 96 50 95 121 52 207 245 245 66 113 77
243 108 82 200 187 52 194 14 242 189 242 96 252 253 219 186 178 2 251 87
121 138 10 104 121 205 58 114 10 107 114 251 85 174 200 252 253 45 213 249
16 94 162 234 143 189 218 158 200 159 186 121 168 31 96 103 204 23 245 178
254 58 37 96 91 48 30 46 167 254 102 96 231 50 21 2 178 181 108 157
121 196 96 114 91 121 96 237 157 34 135 242 20 12 186 108 87 242 203 87
145 183 200 251 205 135 114 151 142 50 103 230 95 66 69 163 144 141 34 152
120 136 185 216 160 218 96 12 62 170 23 218 30 148 37 212 50 176 134 192
168 189 87 191 108 2 226 14 50 196 96 28 137 212 144 83 4 205 97 218
114 5 170 147 178 72 177 19 87 186 230 233 220 12 126 101 210 230 235 108
118 50 221 83 108 208 114 186 108 121 221 186 108 50 51 25 21 100 26 102
218 200 87 65 16 96 104 103 231 102 64 34 12 182 104 223 242 194 148 108
142 50 150 158 58 196 123 142 114 87 12 244 10 220 223 23 114 96 170 25
50 231 25 96 58 160 223 200 158 85 96 210 186 91 127 147 253 164 70 12
58 131 114 253 106 76 121 114 96 50 87 196 218 9 245 242 108 242 7 26
16 127 26 96 216 227 107 165 203 99 66 210 86 99 113 252 241 50 235 170
205 182 82 242 50 24 196 242 73 95 170 125 206 121 20 127 10 144 42 87
158 102 205 96 182 179 121 242 46 21 110 186 21 223 178 12 242 245 75 108
185 242 200 208 209 57 192 239 240 200 58 85 14 121 137 178 149 212 251 121
158 191 66 186 96 121 39 182 200 158 205 54 215 242 242 181 218 209 218 227
242 167 85 201 2 255 189 12 7 57 34 66 146 50 152 34 0 152 54 23
223 27 176 39 150 87 212 182 182 66 78 241 96 121 158 197 19 7 231 178
160 50 212 12 242 181 122 1 221 200 186 176 122 62 105 121 241 200 141 168
91 160 189 35 242 42 104 201 50 153 158 182 77 209 224 163 32 114 46 212
160 142 39 215 55 216 121 200 72 179 45 233 118 18 242 66 66 121 161 158
58 242 129 179 173 100 164 95 186 86 188 253 221 96 188 96 50 50 164 212
234 170 92 228 89 114 104 106 87 96 114 224 17 120 253 50 123 164 23 27
88 71 214 158 177 14 31 106 26 110 6 62 173 115 9 96 50 160 80 50
205 242 201 176 66 240 251 231 85 23 160 21 96 134 87 245 18 62 218 226
58 225 113 224 114 77 83 210 93 12 45 248 30 103 158 196 231 205 108 11
253 18 233 243 72 101 209 25 195 10 239 165 142 163 159 121 128 103 205 188
103 158 250 50 46 207 178 200 69 130 208 193 65 243 121 243 242 111 90 131
114 242 56 114 121 51 194 215 131 192 26 42 136 200 20 50 158 158 203 73
50 34 50 160 39 87 122 231 9 210 227 219 87 121 148 3 170 173 103 182
145 57 121 221 251 212 50 218 222 227 242 181 14 135 209 211 136 207 96 87
192 248 103 147 218 37 121 158 114 231 8 121 215 121 200 234 209 244 50 31
58 243 34 45 240 102 234 144 203 160 33 26 186 158 96 46 14 215 188 7
