175 223 69 160 103 121 223 0 231 223 50 72 123 12 158 134 136 189 223 91
197 96 38 42 186 186 108 173 114 37 104 114 96 114 27 12 29 181 87 76
128 121 242 200 42 108 19 0 207 163 251 12 120 96 176 160 51 92 121 221
145 114 211 152 159 223 170 23 182 248 223 114 12 204 219 152 105 26 65 87
114 239 114 200 136 200 114 223 189 230 170 69 219 206 60 233 14 1 221 207
96 223 195 184 109 23 218 242 32 50 82 158 50 160 8 22 6 182 28 135
58 194 14 26 96 96 250 134 2 109 58 200 50 72 158 135 65 231 121 192
194 14 186 148 159 197 242 152 203 248 62 135 242 208 50 140 82 164 114 72
242 21 189 182 51 81 38 219 214 6 120 123 127 219 251 199 113 95 66 131
158 235 231 128 121 235 103 0 93 158 82 92 82 214 78 197 50 94 199 131
192 163 73 35 31 186 108 173 121 108 52 86 186 148 250 181 223 144 200 113
74 243 242 200 83 188 182 186 114 13 148 230 38 121 223 114 104 212 200 250
138 159 251 173 16 147 244 0 216 134 248 135 200 51 201 121 209 58 50 121
242 200 11 58 253 121 79 121 241 25 121 209 51 121 242 200 173 86 141 58
102 223 50 66 46 252 250 30 123 231 126 218 242 113 248 135 243 109 136 127
194 14 3 50 165 182 136 184 232 107 76 121 18 131 242 14 186 19 136 200
96 186 114 27 113 106 23 0 106 197 218 242 248 21 122 42 108 200 242 170
106 23 0 105 223 69 114 35 108 160 111 121 242 200 253 172 87 121 209 50
158 50 251 82 46 110 123 187 114 213 154 227 170 121 128 251 231 14 218 135
163 253 58 121 58 96 58 96 174 200 26 241 87 96 113 120 173 101 199 231
24 102 209 201 112 218 26 111 7 114 223 135 114 130 121 97 91 186 108 105
205 223 14 135 114 235 203 224 96 242 19 141 14 223 13 45 239 56 96 127
10 210 87 152 99 22 178 186 159 227 34 185 177 160 207 229 50 123 182 216
65 151 160 160 103 232 70 248 62 104 223 50 5 226 0 50 44 114 87 28
176 160 135 242 87 12 30 72 152 147 121 114 223 114 223 50 87 223 221 87
223 135 110 158 211 103 121 156 215 218 50 21 46 121 12 158 210 200 96 250
114 178 26 218 123 212 253 209 223 159 96 114 121 174 227 247 252 192 144 14
58 218 160 227 76 114 23 75 203 218 51 164 232 242 200 42 12 87 31 50
102 242 200 226 27 204 107 13 200 96 58 241 66 73 103 50 239 84 92 197
163 50 233 142 159 35 32 93 218 242 231 160 56 96 178 1 245 103 218 231
223 114 27 113 212 93 114 104 41 231 248 135 108 53 104 71 223 14 173 231
151 160 121 96 118 44 144 170 121 212 50 216 122 42 139 87 158 121 200 26
10 20 96 14 186 96 141 218 215 96 45 33 12 114 27 51 121 242 200 239
10 212 96 113 38 72 231 236 27 12 114 223 205 186 186 186 186 241 45 109
106 201 160 69 163 218 96 114 203 152 231 30 66 158 96 50 108 176 26 51
96 121 176 160 41 16 103 23 95 14 187 1 161 185 7 161 108 173 10 121
58 135 175 96 58 219 221 52 94 243 121 189 106 178 251 199 199 231 171 231
58 93 151 209 14 74 131 215 112 76 121 192 200 51 87 121 26 96 215 42
228 221 200 51 58 160 158 103 135 87 135 242 200 248 218 50 251 96 66 239
58 194 14 50 14 66 182 242 200 22 26 170 103 87 108 163 174 190 78 50
50 193 148 242 231 248 251 21 122 26 21 105 160 163 215 138 96 105 247 50
65 31 73 250 196 203 121 200 106 235 26 105 35 114 135 136 200 58 241 250
205 219 108 93 158 232 231 242 127 250 87 152 74 7 105 253 121 13 114 223
245 243 121 114 135 143 203 64 121 148 205 186 96 26 96 96 96 45 215 214
242 200 30 42 87 63 189 182 51 96 121 151 182 121 137 200 250 50 242 141
185 114 35 108 173 143 152 1 158 50 158 96 45 207 242 200 94 114 48 66
58 218 96 176 50 242 0 26 0 62 114 121 121 37 110 16 108 173 121 192
196 176 173 242 179 230 87 3 241 200 181 87 50 172 6 28 135 242 182 219
163 17 186 220 96 174 148 110 212 204 96 245 5 159 121 241 87 66 121 159
24 111 94 45 23 223 174 186 108 80 240 185 251 64 4 19 152 9 230 87
106 252 192 144 190 247 239 237 186 148 114 112 38 76 100 9 71 186 34 147
114 178 43 211 241 87 218 219 242 200 111 193 243 135 242 200 195 184 186 108
58 13 131 174 252 58 200 219 9 215 99 32 241 23 178 75 56 218 241 87
242 200 26 136 2 14 141 227 26 0 191 114 27 31 108 242 250 95 113 152
176 50 1 37 67 141 215 218 242 127 251 173 242 200 42 186 50 110 0 114
34 194 14 170 21 48 91 58 106 159 154 242 66 242 113 248 135 121 114 34
57 121 182 176 85 215 174 72 223 120 50 27 122 105 39 87 83 24 231 106
50 2 252 102 58 208 25 121 192 50 96 38 24 16 108 186 158 243 50 245
16 108 185 103 137 96 168 189 174 228 218 195 240 36 186 114 27 19 28 147
114 223 50 160 160 131 246 242 87 87 121 87 50 0 135 154 255 104 121 198
248 189 242 127 218 122 114 223 50 164 106 171 188 231 216 235 242 30 179 136
221 52 97 19 121 182 204 96 50 173 114 108 105 56 96 13 87 242 87 93
136 186 148 110 87 16 32 96 121 58 147 187 23 62 80 223 50 247 244 50
37 152 46 52 21 255 144 102 245 26 111 26 241 87 42 87 42 134 128 171
