58 13 211 252 108 90 174 87 96 121 200 112 151 102 114 245 33 26 50 148
223 114 230 200 72 95 182 127 165 14 133 56 208 242 127 200 205 106 10 105
193 189 182 42 108 114 223 212 14 96 215 16 61 51 160 227 141 14 173 121
192 148 176 12 64 223 114 27 52 52 154 0 134 251 96 17 189 85 20 109
248 163 170 121 96 96 250 141 212 160 102 128 121 156 218 103 34 144 208 203
148 245 223 50 156 177 242 52 236 16 177 130 7 197 50 212 65 35 212 96
50 242 14 14 215 245 188 242 50 66 56 138 62 147 212 45 94 108 207 52
106 211 121 242 87 14 189 218 208 65 189 251 50 56 232 121 134 254 108 67
161 242 82 109 186 114 108 211 2 152 170 14 4 111 158 96 209 97 186 148
51 240 227 231 121 205 88 168 14 205 114 112 195 14 114 27 114 27 20 96
253 35 185 135 136 114 223 135 242 203 9 159 74 242 14 186 203 212 14 65
57 35 114 38 10 67 137 114 26 241 218 218 176 33 14 212 10 26 241 218
161 50 108 186 91 242 200 211 186 108 221 240 26 56 136 114 148 41 182 242
185 135 242 191 12 105 87 35 108 178 19 121 221 170 188 218 122 113 106 14
192 173 231 80 158 91 223 186 186 163 174 203 148 205 77 45 85 179 218 216
68 51 103 135 78 27 173 223 231 164 50 65 103 236 16 108 173 121 176 144
242 66 19 56 13 158 208 242 200 27 58 16 242 200 192 105 158 96 219 75
192 186 181 7 135 182 26 135 65 147 142 62 168 251 208 50 50 177 243 210
107 16 114 112 27 186 212 50 204 13 242 108 159 178 146 223 202 114 159 16
74 194 14 215 114 158 144 241 135 179 138 181 42 220 50 199 121 94 159 123
242 14 30 186 181 121 79 35 118 158 160 56 121 181 231 208 223 69 160 95
194 14 38 50 251 23 237 27 114 35 108 121 116 215 42 136 95 94 231 135
10 26 170 140 121 209 230 38 14 253 82 100 138 0 133 218 251 66 121 207
137 151 251 50 206 114 248 158 242 212 109 121 35 2 152 151 231 123 135 123
243 103 96 212 245 234 247 194 14 159 27 96 250 56 96 114 27 163 94 154
58 218 232 29 122 186 192 186 212 209 76 118 215 138 87 218 56 25 30 121
163 253 253 111 245 1 223 212 96 151 212 215 96 69 199 113 29 14 111 16
137 200 27 186 108 152 57 66 83 121 242 87 14 62 114 114 9 14 69 150
176 215 42 61 170 121 220 95 121 156 28 121 182 242 200 230 96 51 240 147
245 218 51 227 16 96 178 212 250 50 240 121 193 175 121 203 233 218 197 74
223 189 52 182 13 186 148 108 182 216 176 160 96 121 182 192 251 200 125 108
158 218 242 82 253 152 108 152 231 133 58 242 200 105 168 148 163 253 24 28
74 153 114 112 232 163 218 251 50 5 42 105 168 242 179 73 189 107 71 113
242 200 91 186 108 173 136 200 135 5 130 21 152 33 26 241 87 91 179 77
221 80 197 22 105 205 197 50 236 123 95 95 154 9 53 96 105 65 11 41
58 103 218 219 50 65 242 82 22 74 196 109 96 212 58 200 96 231 151 37
85 196 210 182 245 10 173 251 158 251 50 42 34 251 229 218 176 242 21 251
176 140 142 96 26 241 87 107 151 121 186 96 219 75 42 113 50 27 113 121
185 105 215 218 241 254 131 218 245 74 182 102 175 137 45 26 26 103 50 218
245 192 186 148 218 96 20 51 14 135 21 96 113 173 178 96 127 242 200 174
185 189 96 231 109 121 35 114 114 114 223 189 12 96 12 57 121 9 45 136
253 76 170 147 121 106 201 201 242 87 107 93 12 14 188 58 66 242 250 99
242 200 42 87 18 200 96 106 90 230 218 64 158 193 41 126 135 121 107 135
145 189 174 252 174 191 242 200 208 58 194 14 200 209 11 253 16 130 121 23
92 158 209 241 96 209 253 56 87 5 18 52 215 66 121 122 107 118 181 58
16 224 105 251 12 219 77 27 108 178 141 200 26 158 103 34 0 93 106 8
10 122 26 186 186 0 5 218 96 122 186 96 2 96 174 99 42 103 144 14
245 58 50 240 23 48 242 200 218 91 215 218 245 11 50 251 173 101 121 116
58 58 50 182 114 240 231 212 146 69 173 251 199 212 200 96 239 188 94 254
178 223 45 146 163 215 218 25 69 242 189 174 148 205 201 252 93 91 12 135
228 148 235 109 121 50 238 223 139 121 205 68 121 69 2 6 0 240 102 103
58 135 193 211 234 22 245 192 186 186 186 186 186 120 121 120 150 231 186 19
192 239 78 230 120 231 182 250 106 10 158 51 251 21 215 245 121 245 192 186
144 82 102 164 218 204 95 87 152 163 73 50 1 198 121 75 2 189 152 179
58 128 135 121 245 11 26 241 87 78 250 144 231 94 242 200 138 218 245 218
221 16 174 170 190 136 135 148 230 45 160 103 50 41 179 123 75 208 163 107
158 144 93 12 58 205 121 77 18 111 34 200 251 23 92 114 12 251 173 72
161 50 113 164 241 106 56 121 99 215 209 11 42 108 158 153 159 223 159 181
102 163 22 218 176 33 114 223 14 6 128 198 251 205 152 227 123 79 121 248
231 223 105 218 96 50 251 206 182 176 242 200 197 230 9 242 14 239 50 206
192 160 185 96 83 231 251 90 114 104 121 185 90 203 114 23 62 147 121 178
185 103 247 25 242 14 23 87 121 115 111 223 16 102 242 200 168 170 242 127
24 147 212 96 232 215 223 167 186 108 83 81 31 135 136 200 96 173 200 205
58 34 131 50 23 164 32 122 78 14 111 200 11 26 83 211 158 91 45 3
