102 11 120 108 212 100 109 186 186 114 70 87 103 87 14 14 159 131 8 96
38 96 106 104 195 31 74 131 96 231 108 201 209 144 158 146 16 121 58 50
137 200 63 151 141 103 21 148 189 182 242 66 230 42 87 241 14 121 81 158
58 223 159 147 121 112 135 242 42 23 62 242 181 159 10 34 36 251 50 95
242 200 209 186 108 26 138 175 113 95 108 152 212 14 173 10 10 196 46 114
16 211 233 113 223 69 231 26 142 103 111 196 85 58 32 96 14 223 65 230
205 10 128 251 123 66 242 23 25 23 164 135 121 151 160 135 82 126 252 250
138 234 93 135 242 62 173 128 65 215 245 121 69 56 121 111 104 3 152 24
56 62 223 251 72 208 186 103 113 106 121 131 48 145 244 189 121 158 34 170
209 224 168 191 78 170 177 121 95 96 121 74 128 103 121 83 67 114 251 181
221 122 26 19 245 107 16 148 241 14 25 87 72 87 121 95 199 215 136 192
223 186 200 211 108 11 247 251 50 212 182 219 22 210 87 126 218 182 188 192
221 163 107 65 56 218 254 18 104 200 128 16 148 215 187 158 160 227 69 181
192 52 123 12 158 121 58 165 69 30 32 143 148 41 104 135 242 200 51 96
107 16 108 1 10 175 114 5 121 106 109 108 173 10 35 250 179 12 205 218
58 194 14 76 186 148 241 182 245 128 218 80 158 103 123 95 121 114 37 23
158 196 219 242 14 103 108 26 91 65 103 181 87 21 1 164 251 50 23 218
10 248 158 34 94 82 228 239 50 251 21 253 231 240 114 121 211 158 168 195
137 14 210 87 93 62 200 51 123 12 205 121 248 223 189 190 143 45 207 87
58 232 158 96 50 148 218 96 50 103 108 223 241 166 170 121 8 205 80 121
58 181 0 0 7 87 152 121 182 58 235 189 96 242 208 158 87 163 103 23
96 219 58 201 121 114 223 159 35 39 87 248 135 66 241 19 83 245 10 141
201 114 121 114 186 50 94 117 121 106 121 242 200 250 242 127 109 186 233 65
201 21 109 121 135 121 58 82 105 158 244 135 242 87 14 186 114 135 121 114
192 148 96 173 251 242 250 200 135 204 240 114 4 96 244 212 109 186 200 96
253 121 96 121 57 121 182 148 205 251 50 240 34 95 147 158 34 252 192 186
158 210 114 24 114 108 242 176 96 42 186 93 170 220 12 65 14 50 72 212
58 121 137 211 75 230 87 209 83 242 200 26 96 38 26 215 96 45 186 108
37 148 41 123 229 113 103 71 19 215 76 83 1 2 16 62 147 244 240 121
58 194 14 186 108 221 50 20 51 240 142 211 23 211 131 219 62 201 223 189
158 50 66 186 203 108 224 96 26 50 22 239 50 95 152 14 14 102 163 176
205 10 148 218 135 136 35 151 110 178 87 32 14 108 174 108 147 76 121 136
128 101 242 200 238 239 35 114 108 104 121 200 26 188 245 188 182 242 200 96
151 121 37 56 24 3 19 226 240 54 9 23 242 200 116 96 215 218 113 25
158 151 103 87 212 14 218 96 65 215 131 120 10 114 223 50 194 14 195 136
37 242 85 189 174 126 218 85 96 250 179 12 173 185 76 242 250 12 173 176
158 159 114 27 26 105 245 218 58 209 242 14 173 87 222 104 96 212 215 218
151 35 114 108 26 91 211 1 166 151 18 122 19 209 147 102 192 158 96 94
176 227 159 16 146 121 248 251 173 121 27 189 170 177 166 103 108 186 108 250
96 121 253 223 14 92 242 200 91 244 185 96 6 205 194 212 121 171 180 96
253 209 223 69 135 91 158 103 113 135 240 83 243 228 184 14 14 96 38 13
158 96 50 72 123 162 195 21 26 186 136 100 2 200 209 187 34 170 26 50
138 218 96 250 29 122 186 148 176 190 50 48 186 212 242 127 127 114 223 114
58 50 46 123 218 21 20 51 104 219 239 58 28 208 226 209 251 205 243 215
82 253 121 102 123 12 94 231 248 7 118 42 136 114 187 223 50 20 14 197
10 12 114 108 160 215 170 121 35 108 138 69 231 114 108 114 27 173 35 193
58 194 14 115 170 211 14 173 65 160 177 121 182 94 231 135 114 27 223 69
58 106 105 210 112 95 236 135 87 27 235 207 21 1 158 18 154 179 25 135
26 42 198 135 242 200 78 47 38 43 114 223 230 99 5 75 251 152 16 0
192 186 157 114 219 157 6 236 108 212 96 242 231 109 242 151 201 121 176 46
92 29 122 12 99 186 108 182 201 236 170 244 215 178 244 240 96 121 97 159
96 121 58 10 61 253 188 5 171 242 14 61 163 26 245 219 211 189 0 218
106 114 27 108 114 27 108 26 163 218 244 14 34 122 26 193 80 219 223 118
102 211 151 121 103 75 2 218 69 231 138 10 212 224 51 227 69 121 106 251
58 194 23 135 82 186 108 239 56 173 121 114 27 144 208 96 115 218 242 14
158 209 96 67 46 186 163 75 22 224 96 103 181 14 185 107 123 204 227 19
185 194 173 121 121 158 207 251 52 12 203 152 104 121 182 96 69 91 185 93
185 194 82 119 2 205 113 14 108 182 216 12 114 218 242 200 46 14 87 14
50 27 58 251 50 42 181 114 121 21 148 216 122 186 106 131 251 87 70 14
231 146 16 121 106 14 244 9 242 200 26 215 151 121 164 200 96 215 174 31
102 58 218 246 43 242 99 27 223 120 23 53 35 114 69 135 114 252 69 221
231 26 45 147 121 12 114 65 182 113 231 165 201 114 16 30 121 157 103 113
163 245 218 96 231 58 28 206 158 158 215 96 186 96 250 108 162 23 164 218
106 14 114 23 75 164 218 26 96 113 114 69 163 50 86 186 20 14 219 96
