10 45 144 14 71 158 96 153 186 87 158 96 26 241 178 244 242 69 135 20
228 220 21 24 63 135 44 114 72 244 215 23 131 210 182 23 242 123 95 12
211 131 106 87 14 96 66 185 77 186 159 108 19 186 200 88 168 191 172 121
96 121 182 182 186 26 83 215 123 135 200 161 242 242 87 14 186 186 93 19
58 69 102 174 35 108 197 174 200 26 218 204 135 243 103 12 87 195 121 218
116 105 86 171 223 203 108 152 173 121 199 158 91 64 194 193 28 42 244 110
245 113 16 34 41 182 232 135 121 64 21 123 76 96 118 212 215 94 200 58
114 178 26 96 83 194 11 83 114 26 64 30 179 218 50 182 216 50 108 36
158 135 48 96 87 230 175 177 182 103 189 245 74 187 163 12 45 160 38 96
114 227 181 218 215 50 251 113 34 123 29 42 192 122 186 148 6 135 223 113
58 34 200 26 50 206 122 114 142 108 10 216 50 1 185 111 245 231 242 113
185 163 253 94 242 87 16 251 135 242 3 253 66 87 42 121 158 96 148 237
223 203 170 84 173 242 200 51 92 242 127 249 95 127 94 82 57 173 154 95
151 196 46 208 186 83 32 209 197 26 209 16 102 168 113 110 173 143 10 186
161 50 135 242 127 200 218 182 66 121 102 125 164 192 186 26 42 76 83 96
121 145 94 2 178 165 152 150 138 218 63 135 242 191 66 86 88 16 23 216
37 114 38 121 137 182 1 151 160 176 242 215 218 114 159 186 181 62 173 65
160 245 136 186 128 51 223 135 135 82 78 251 160 198 121 242 200 210 96 185
205 121 37 128 242 66 87 78 87 135 242 248 168 38 122 186 108 69 83 245
221 251 42 210 99 60 182 182 23 237 186 108 26 137 93 135 108 178 11 168
192 42 96 121 176 160 158 114 223 114 19 196 18 252 50 63 135 150 51 70
102 158 26 241 87 7 45 182 178 160 242 200 26 241 93 100 136 72 196 223
102 27 192 171 242 50 58 48 235 152 5 134 242 87 14 80 87 7 114 211
185 111 152 220 80 182 175 242 87 78 152 10 23 245 133 200 168 19 158 168
160 114 108 221 112 114 210 87 42 180 114 22 164 245 106 144 7 200 42 12
221 104 120 51 121 181 148 178 182 210 231 151 45 182 182 231 121 114 108 17
96 121 99 189 215 25 114 204 245 102 207 2 93 114 41 123 248 197 70 14
79 121 253 251 209 102 92 203 152 102 242 114 87 181 121 128 12 230 241 87
50 251 66 173 173 223 69 26 103 113 247 133 218 113 50 72 176 160 178 141
185 158 148 209 158 108 255 41 114 114 121 64 121 114 12 239 158 212 96 204
201 193 163 244 163 96 45 182 242 250 179 218 242 14 50 33 142 66 62 159
96 6 170 165 85 202 208 235 208 242 127 224 96 250 12 190 0 176 215 218
218 50 254 45 121 58 194 14 218 182 91 242 20 219 56 215 96 113 108 182
192 242 250 12 218 204 112 216 122 91 148 205 32 107 50 151 128 71 12 94
114 96 243 242 200 83 151 231 158 96 27 218 242 66 3 50 26 87 78 241
160 23 203 119 121 95 199 161 51 81 245 121 118 31 114 27 24 27 50 128
185 194 46 241 45 152 105 235 147 123 12 96 114 108 19 24 178 255 8 248
163 174 114 147 158 207 87 209 121 61 127 16 4 64 170 0 114 14 186 50
161 200 78 1 107 13 87 186 200 72 185 0 121 99 201 74 114 27 126 218
223 122 26 50 97 200 186 108 148 172 198 121 137 96 66 182 38 10 151 121
242 176 114 108 106 186 142 139 35 91 227 50 189 174 31 114 27 21 56 218
252 146 16 102 137 181 174 202 191 58 18 56 136 242 87 82 76 45 58 16
151 242 152 245 127 179 23 62 19 126 178 144 14 230 12 29 121 178 212 118
147 212 144 14 111 231 121 121 176 32 96 215 96 113 212 121 242 200 186 96
58 218 232 106 196 51 16 160 242 178 165 112 239 73 135 54 14 114 108 176
252 192 118 51 31 122 26 96 167 186 158 96 250 200 16 224 203 70 138 96
103 173 242 200 51 60 147 244 135 121 158 96 250 21 223 50 19 218 96 176
242 200 126 191 121 114 108 178 18 114 64 105 218 218 71 251 164 208 58 50
231 67 108 95 231 76 182 182 13 136 200 233 74 31 45 104 123 135 154 121
242 19 196 219 48 113 242 82 31 113 244 121 64 242 151 161 144 66 12 215
160 102 65 242 234 200 211 192 215 217 65 147 121 242 231 2 38 76 182 242
220 245 158 102 164 135 128 135 240 226 121 251 50 122 186 148 205 121 106 197
242 14 186 99 110 121 135 114 72 95 121 50 23 173 223 251 50 146 31 50
242 82 120 10 121 246 50 226 121 114 22 187 191 121 252 250 26 91 0 181
253 50 242 191 42 95 219 238 126 108 26 148 218 242 121 58 182 66 242 62
114 239 124 176 223 69 242 42 37 242 176 200 51 27 223 200 236 251 10 189
85 196 45 20 215 66 250 57 147 173 121 96 121 96 109 186 186 13 83 136
185 101 185 152 127 182 102 96 96 208 92 174 218 204 96 96 109 75 178 239
58 58 111 121 73 82 121 176 153 114 158 50 108 56 135 231 58 16 130 214
10 176 160 245 111 227 191 121 91 92 16 173 242 200 26 136 111 15 21 107
205 227 50 137 87 142 200 26 179 13 49 151 182 216 74 136 200 58 209 147
107 13 87 200 26 83 50 56 158 16 121 94 114 114 27 252 253 209 16 233
185 103 111 96 121 136 114 27 192 168 14 154 85 96 242 200 151 253 121 246
160 8 232 23 62 33 131 20 244 135 242 200 113 96 250 127 30 179 218 102
