253 77 163 0 121 58 223 14 106 251 181 178 148 174 72 185 77 114 58 223
185 14 212 241 251 66 73 38 96 242 21 244 103 152 108 211 211 122 186 147
160 122 186 193 61 114 121 201 31 42 150 244 120 96 108 250 108 201 113 147
106 108 239 186 164 135 114 144 14 121 106 251 152 44 114 168 20 113 205 106
197 135 164 195 136 114 235 26 230 218 179 25 90 187 131 114 181 223 200 239
158 218 51 51 212 96 205 0 114 108 178 251 173 121 223 118 152 9 141 96
51 244 36 26 181 105 97 96 127 242 250 96 46 212 250 50 106 113 106 25
209 50 165 231 223 186 186 110 87 14 121 241 87 241 182 2 230 144 200 219
58 224 23 218 154 190 113 109 42 123 12 205 121 243 219 72 25 123 95 2
151 33 121 242 14 96 65 212 96 208 158 226 175 223 113 208 58 16 102 125
40 131 231 223 50 182 177 215 121 253 178 253 194 14 87 186 111 121 87 158
58 218 176 142 218 242 66 0 120 242 191 152 12 99 7 114 223 186 148 182
52 176 114 108 178 85 100 141 16 211 137 200 50 103 114 108 186 186 108 178
108 56 158 194 106 174 178 158 18 131 242 168 113 188 59 215 131 114 29 122
192 223 14 186 103 34 200 104 135 242 127 223 82 97 28 114 197 96 95 152
58 218 25 121 209 245 211 186 5 242 173 34 186 108 184 173 114 26 96 9
102 163 114 96 12 242 164 218 96 67 223 0 239 212 56 231 75 26 207 121
37 231 223 239 50 229 50 242 200 165 12 114 27 23 135 242 231 223 114 195
158 158 158 103 113 121 46 196 200 182 242 23 8 218 210 121 251 10 113 176
151 121 160 65 121 245 221 65 21 14 186 108 76 215 186 148 201 210 87 121
65 144 203 34 105 218 51 104 242 14 159 14 121 50 18 215 121 218 96 65
50 27 145 170 141 45 23 218 159 38 96 73 102 115 223 77 62 182 242 200
7 38 160 218 136 200 78 113 16 121 114 108 210 58 194 104 135 108 148 245
151 21 201 247 96 112 24 196 11 253 148 242 87 14 121 121 186 158 51 160
58 93 135 105 87 168 189 250 50 176 75 78 218 144 14 135 21 123 199 1
58 103 121 108 46 69 32 32 19 158 96 65 108 173 121 182 160 245 127 229
106 148 245 65 147 160 198 121 2 203 102 56 62 30 76 185 189 251 66 40
231 16 100 108 255 100 125 34 52 173 121 182 184 77 236 135 200 150 21 19
7 99 23 137 26 241 108 83 62 104 16 223 148 111 104 200 58 28 117 168
58 151 121 138 245 102 5 50 109 212 50 172 212 34 56 218 135 121 193 8
192 186 113 212 8 250 91 245 218 251 12 179 113 16 189 25 12 230 0 50
151 121 182 242 14 152 29 122 23 136 45 58 194 178 44 200 242 200 216 122
245 58 196 92 239 175 69 50 110 144 82 85 242 200 143 205 174 35 108 20
67 201 51 96 23 75 25 187 137 200 96 103 111 150 245 170 121 248 218 96
241 0 251 111 200 96 250 98 81 128 219 220 7 69 208 186 241 152 113 212
24 158 51 121 138 87 23 85 14 114 7 215 218 212 215 218 96 176 173 223
205 74 160 178 10 242 127 21 56 76 83 102 137 218 151 182 181 58 58 186
242 162 152 196 79 220 185 185 223 191 0 76 14 152 221 87 158 12 204 181
160 160 34 227 35 45 56 71 234 209 212 56 25 92 29 96 186 241 96 23
107 50 46 212 69 196 108 255 197 50 251 173 223 250 242 127 21 131 30 199
50 46 215 121 37 242 51 21 152 175 87 31 114 112 108 23 87 12 114 223
137 218 96 78 77 50 173 121 53 45 27 251 231 69 163 50 254 34 105 210
231 146 197 96 210 200 26 218 96 210 114 108 42 34 136 200 26 96 215 218
151 121 58 69 58 107 252 50 58 208 170 38 96 186 212 64 209 253 96 76
58 218 135 242 23 164 135 150 231 200 242 208 58 16 96 193 179 24 76 5
58 74 136 148 218 96 66 245 58 114 212 102 168 99 212 174 108 173 40 182
230 182 38 251 242 23 218 242 62 251 73 177 178 200 209 158 169 108 67 212
65 182 66 245 10 215 108 250 96 231 212 251 250 50 23 175 223 223 35 147
114 223 186 152 76 109 42 215 184 138 218 215 87 121 148 0 110 197 200 100
158 226 209 50 20 113 212 231 173 121 176 64 242 82 200 114 111 223 135 114
58 13 186 203 139 23 242 181 12 14 209 139 164 203 121 34 136 200 50 108
58 16 1 74 187 131 188 182 205 234 83 243 212 14 178 121 182 74 193 242
121 50 67 181 87 121 114 218 58 245 245 211 108 9 86 253 96 50 46 25
176 215 218 113 123 25 21 95 34 12 114 97 96 42 50 136 114 27 58 214
10 126 218 135 140 66 241 87 25 23 87 121 72 240 121 189 103 152 231 242
248 163 12 114 58 245 36 121 205 18 121 148 58 13 95 3 12 108 26 42
163 205 242 200 96 174 218 96 106 113 159 114 239 135 121 176 75 90 230 152
58 34 178 212 241 135 19 232 103 231 113 236 121 178 56 83 160 245 215 42
74 28 182 215 201 247 41 126 203 159 27 242 127 200 6 193 200 230 103 181
39 179 31 114 114 134 182 77 27 20 215 50 251 158 235 103 0 34 136 200
223 186 108 109 42 50 9 16 102 253 158 96 96 120 150 163 215 218 51 123
158 228 235 189 58 251 242 66 127 28 182 118 14 45 226 175 101 203 16 242
57 114 110 142 113 212 151 182 251 91 148 218 215 25 87 144 14 83 221 41
252 26 50 65 121 58 114 154 96 19 121 253 158 50 148 182 50 27 145 65
