138 28 121 182 58 27 123 12 200 209 16 51 56 96 192 178 242 48 31 181
91 12 242 95 173 20 10 242 178 174 186 96 121 205 72 164 13 135 242 0
192 186 50 108 148 8 152 203 29 14 42 121 178 14 251 248 10 212 251 66
245 92 242 66 47 31 241 122 186 196 250 108 193 211 165 231 97 186 83 162
10 105 164 218 50 122 120 200 96 45 231 175 12 3 12 114 27 114 27 114
221 211 186 108 26 25 62 173 199 242 82 185 34 186 209 14 148 74 34 59
58 69 231 223 50 181 242 203 108 250 210 182 242 170 23 114 121 88 14 186
201 16 109 31 135 178 160 215 112 242 200 27 113 34 207 95 121 205 34 2
97 64 186 108 44 114 114 158 103 121 2 200 9 201 22 178 121 182 231 33
58 35 108 195 136 76 14 137 45 166 82 163 174 173 223 200 247 242 85 66
85 151 216 122 26 83 71 164 58 252 247 81 215 96 110 173 58 34 200 50
151 121 223 120 61 218 242 200 113 212 121 135 26 50 122 186 108 113 212 182
16 114 108 250 240 121 58 23 131 21 178 178 242 191 236 126 114 0 98 182
58 14 167 186 181 163 211 186 217 121 114 27 58 144 14 35 211 96 102 123
58 194 14 218 210 30 114 72 152 247 114 223 50 110 139 165 231 158 16 211
245 4 96 66 185 194 106 178 45 110 101 104 87 159 212 224 241 147 158 242
223 107 50 61 96 199 241 165 200 96 112 114 38 179 75 5 235 151 121 124
10 172 66 172 242 200 158 50 251 208 58 58 198 218 113 25 23 140 163 176
242 200 39 87 148 122 186 158 162 223 186 32 50 20 69 133 205 96 26 103
24 16 243 71 31 181 114 170 69 151 158 121 158 226 94 231 121 182 176 219
193 108 30 52 20 96 212 96 151 96 181 23 192 4 104 162 215 218 151 121
12 252 50 179 114 27 160 65 6 193 23 131 163 245 211 14 65 239 39 12
58 218 133 50 103 187 26 233 218 113 66 103 50 148 245 92 20 96 250 50
237 121 200 26 148 96 210 45 152 114 235 109 121 181 121 209 16 239 186 223
58 50 242 211 85 66 200 91 158 253 121 40 37 196 108 11 208 58 58 50
58 218 215 218 96 122 86 45 126 197 96 178 253 121 96 175 114 27 114 210
205 121 106 168 186 195 136 118 14 50 106 121 231 114 232 96 69 172 234 121
161 67 74 110 160 227 120 114 248 108 242 181 121 201 50 182 69 66 185 186
192 121 242 200 5 139 109 121 192 178 108 173 242 208 136 50 121 178 121 53
174 158 16 177 23 147 103 87 160 241 50 1 38 201 210 26 241 218 96 65
176 215 121 96 251 33 106 159 198 12 185 116 186 108 26 209 142 217 102 242
161 50 108 186 103 159 203 76 121 45 196 114 112 135 120 158 141 9 241 151
234 211 14 241 56 66 96 242 127 200 96 151 158 96 45 121 220 57 121 182
16 211 131 106 14 91 242 178 0 30 19 7 16 173 62 143 61 170 178 186
151 158 12 126 218 174 104 191 160 233 106 122 26 50 5 123 159 121 201 106
182 58 0 242 30 26 131 135 184 23 16 10 61 223 113 186 186 25 178 23
245 108 26 93 215 25 121 134 104 21 1 177 48 211 103 113 106 242 182 231
211 121 220 96 73 113 21 77 123 34 20 96 151 106 173 115 164 185 190 243
211 88 14 161 96 151 121 106 121 176 241 139 87 27 144 14 126 126 45 141
50 87 158 18 14 23 87 12 192 9 27 235 26 241 146 128 21 10 202 200
161 242 200 96 96 26 170 159 1 242 179 0 130 12 162 106 14 198 52 12
68 105 242 182 199 135 121 218 191 122 230 96 186 96 201 121 35 114 27 114
163 185 140 75 164 50 242 193 191 20 77 91 244 242 159 48 151 208 241 87
253 40 253 196 85 242 150 141 50 95 21 61 141 160 14 71 122 184 109 91
50 113 106 23 164 218 240 160 227 176 140 195 12 175 137 2 14 48 39 144
58 218 96 215 40 182 51 95 121 131 135 242 12 114 168 114 163 75 186 114
86 96 26 72 62 197 182 118 248 135 189 251 160 227 19 10 186 108 186 193
242 165 165 23 237 197 96 176 146 251 179 12 252 50 114 50 72 98 192 136
24 147 212 121 144 96 6 128 65 103 34 121 251 248 14 121 152 128 227 12
158 103 103 71 32 108 91 174 60 14 251 209 122 186 108 46 136 114 27 4
158 160 41 212 224 242 77 148 209 18 56 25 71 247 147 163 232 29 14 174
200 58 200 39 192 20 45 141 212 102 160 105 144 158 50 105 96 176 144 200
205 194 14 108 186 186 241 50 182 112 24 16 196 192 186 114 108 186 108 20
58 218 34 31 114 135 211 192 200 58 50 251 199 212 182 242 50 122 26 96
137 185 189 194 152 158 61 81 97 64 96 165 212 146 31 135 199 212 195 251
158 121 158 96 174 114 235 26 241 175 223 185 186 114 96 121 178 96 253 139
69 199 128 121 96 253 121 106 16 160 73 114 108 242 45 182 216 109 51 37
21 188 46 14 35 108 186 13 164 215 62 216 144 14 102 31 215 108 203 141
176 96 135 242 39 26 87 215 121 69 7 135 114 24 108 26 158 218 45 182
114 178 185 40 243 219 23 62 168 200 50 72 95 95 121 173 242 200 78 114
50 201 103 111 104 215 218 50 241 122 205 223 186 186 215 42 135 121 99 182
57 121 205 114 26 241 218 218 218 71 251 135 233 242 200 147 164 50 72 31
114 223 114 27 212 235 221 211 175 35 114 4 185 1 41 83 158 158 103 218
245 192 121 120 212 64 164 50 251 173 69 231 151 21 152 30 248 72 104 135
