253 121 211 230 151 161 114 108 164 69 105 242 99 114 27 4 93 50 219 121
231 52 72 164 135 158 96 114 72 126 186 95 127 216 122 186 186 193 211 99
26 241 174 94 200 81 45 14 12 182 223 215 218 96 242 82 186 113 135 242
211 50 189 174 131 252 252 204 25 10 248 135 121 158 137 203 157 140 176 135
41 212 236 114 37 121 158 245 58 96 14 187 52 185 13 96 205 50 1 243
114 168 114 108 148 110 0 158 106 11 96 51 37 196 223 186 77 108 26 241
10 186 26 127 247 62 158 34 144 21 50 148 200 26 83 244 19 93 181 114
242 87 60 14 114 186 186 87 154 121 156 177 94 242 114 212 8 54 14 73
245 221 50 136 218 242 208 30 25 242 200 4 141 186 186 181 103 108 114 14
102 151 56 208 121 154 61 25 24 147 103 21 94 51 108 165 95 121 182 94
58 28 147 76 185 194 51 121 103 87 22 183 102 165 87 16 160 56 252 50
176 160 60 251 21 21 152 31 114 223 113 200 42 94 200 96 151 121 182 208
130 134 200 138 114 72 87 72 25 27 4 127 82 103 113 135 37 176 103 79
114 114 27 215 186 108 44 0 58 2 189 195 240 231 160 92 35 114 116 186
106 5 230 87 158 111 104 12 173 242 250 200 188 251 50 251 173 251 173 251
10 205 10 126 186 174 200 96 50 251 114 156 12 114 27 7 182 24 16 87
194 223 186 186 93 219 137 131 16 223 142 96 205 186 156 103 212 121 158 96
58 218 25 58 159 77 63 158 215 121 84 253 121 96 50 215 158 118 236 121
251 50 50 30 12 186 7 219 108 252 102 80 31 227 108 182 182 113 176 173
218 103 72 25 242 200 111 112 24 147 231 235 19 26 82 120 186 186 92 151
160 159 80 121 114 223 159 159 121 182 110 178 177 233 151 215 87 241 138 208
106 121 184 96 250 108 241 141 107 14 109 186 239 3 186 189 211 211 203 231
209 10 250 87 135 123 198 113 244 121 205 233 96 250 212 96 38 170 38 139
228 184 147 121 159 223 69 23 131 242 200 26 50 216 242 135 121 170 182 215
74 144 143 19 151 121 135 212 241 65 69 172 104 75 158 58 194 20 148 42
81 182 253 12 114 27 37 23 87 27 87 186 34 164 25 231 189 218 96 113
242 200 230 114 186 195 56 71 131 106 187 163 113 174 152 131 242 200 168 191
160 241 122 235 26 241 56 25 121 106 178 106 87 27 37 199 102 242 208 4
58 194 14 241 131 200 96 121 205 203 182 113 212 10 179 218 140 58 242 14
242 200 148 107 58 162 223 35 231 208 65 242 200 58 152 16 123 87 251 70
37 221 112 204 87 121 77 242 173 52 121 248 137 83 211 131 212 231 242 200
242 169 240 0 114 142 108 199 14 101 141 92 76 121 182 245 20 96 151 121
231 223 159 76 251 173 244 242 252 26 83 80 252 192 123 218 218 118 122 186
57 121 115 253 87 3 173 251 73 8 171 104 80 231 58 242 200 205 196 168
163 174 9 242 200 182 195 27 253 31 30 100 136 242 66 199 215 25 87 19
96 121 182 249 152 182 215 218 34 12 158 58 165 231 87 121 28 143 96 74
58 107 197 50 176 135 114 26 241 236 232 112 171 241 87 120 50 56 218 204
203 20 96 91 186 218 163 176 200 112 38 72 133 58 21 98 30 66 192 96
65 223 231 106 18 168 127 152 242 200 26 241 87 54 12 72 132 12 200 182
58 50 210 121 56 91 87 121 218 242 94 200 183 144 121 108 178 121 182 242
245 121 58 181 223 203 0 48 191 48 96 210 3 106 50 207 50 66 240 186
74 182 94 96 112 118 95 25 142 114 121 144 182 121 253 121 252 192 144 82
58 145 159 147 121 106 108 109 185 219 223 3 96 235 58 242 208 19 216 122
192 148 96 250 240 250 0 35 113 176 112 222 251 242 14 108 196 144 200 158
253 121 65 20 96 242 14 250 201 186 114 223 61 76 135 186 181 33 87 7
58 28 197 162 83 141 96 250 205 242 200 252 26 228 243 21 121 182 216 207
223 50 199 158 216 242 200 192 186 200 26 65 159 77 163 215 96 50 98 58
137 200 96 96 50 223 215 159 179 113 212 218 192 31 122 186 193 114 26 0
242 34 101 103 50 121 182 141 16 31 104 209 53 248 209 102 56 217 198 21
176 215 197 50 10 114 204 96 232 215 50 80 56 14 203 123 95 196 182 242
114 201 174 198 26 241 50 8 50 103 106 242 26 151 194 182 20 51 242 14
58 135 128 216 122 186 230 45 2 127 82 158 123 50 242 152 65 114 222 26
58 194 14 110 197 106 108 46 0 186 223 215 91 121 120 29 231 242 87 247
58 218 92 182 196 183 46 225 251 121 151 159 121 200 209 39 164 50 223 108
252 253 50 26 30 176 104 56 12 30 231 14 40 189 210 56 96 96 96 26
58 194 14 158 242 200 78 242 82 185 87 32 121 95 121 20 14 109 121 114
192 186 50 114 121 114 223 114 135 200 218 241 151 121 189 141 218 178 188 141
185 194 14 186 177 19 163 174 253 236 0 120 176 0 111 182 242 200 73 151
158 148 242 200 178 186 121 96 50 218 148 240 121 58 82 212 250 21 217 236
58 13 200 50 235 182 96 103 7 135 165 208 81 158 218 24 108 56 96 121
102 136 114 108 181 7 102 192 121 11 3 78 16 242 200 96 50 0 34 200
58 194 14 186 96 11 152 41 19 99 46 23 211 205 34 184 152 197 50 152
138 231 50 108 212 121 114 137 22 174 114 27 12 114 72 121 98 114 204 147
160 189 65 189 251 231 72 8 196 150 34 252 51 40 133 108 23 23 136 121
