125 12 135 114 235 108 57 186 186 52 121 114 12 114 35 114 114 94 121 12
205 121 205 40 252 44 120 158 26 241 218 204 9 242 182 109 6 58 175 121
236 135 33 30 230 203 123 164 62 104 135 108 94 232 244 160 80 135 242 113
58 218 102 56 121 135 173 16 85 244 242 14 239 116 42 136 200 50 175 103
163 253 231 33 32 93 96 253 72 87 23 87 135 242 87 23 122 186 193 114
125 200 239 242 83 41 242 186 186 108 26 122 42 23 140 87 230 45 135 121
81 96 26 163 26 93 114 170 121 182 38 96 242 200 6 114 210 87 87 14
231 114 23 25 173 227 160 104 96 38 218 218 235 50 26 108 113 161 65 103
96 178 184 250 108 19 13 240 147 231 251 152 114 96 196 203 236 203 123 199
153 158 243 21 136 200 37 242 138 231 109 50 251 173 69 182 204 107 28 42
40 192 186 26 144 14 241 168 113 186 121 184 221 152 170 187 131 135 114 223
121 223 86 108 26 186 108 30 199 216 50 20 14 58 218 235 242 82 160 131
95 34 31 114 108 203 176 113 212 54 96 186 108 173 121 247 242 189 174 110
107 16 212 46 200 26 131 135 190 205 231 27 186 108 161 150 98 176 33 248
182 216 50 0 26 218 242 170 81 248 33 121 151 212 185 241 204 158 18 104
40 182 242 200 26 241 152 42 21 123 102 128 197 96 38 29 80 121 58 96
196 26 111 2 25 203 119 102 114 176 144 119 163 186 200 96 96 42 96 50
158 235 242 0 242 62 210 95 66 199 250 12 182 176 232 71 168 186 18 56
92 151 182 38 231 160 103 23 137 56 241 223 50 30 42 32 103 113 176 50
10 86 174 147 212 96 38 96 215 215 159 152 31 135 190 151 121 120 108 26
24 16 187 147 121 127 14 134 121 207 21 239 178 249 185 186 158 92 205 186
192 52 219 75 174 58 198 248 134 251 64 199 242 99 108 176 167 185 77 108
245 163 205 251 23 128 35 114 205 121 106 178 121 74 23 87 76 215 218 51
102 168 143 186 114 26 96 66 126 96 45 201 231 151 160 106 196 135 37 21
41 87 186 159 127 138 12 87 16 114 14 243 242 103 61 126 218 204 208 30
57 178 133 158 242 200 42 26 163 94 130 21 242 45 5 113 35 148 211 87
205 10 38 50 148 11 250 218 106 122 108 186 148 218 96 135 67 242 200 209
163 174 72 112 195 168 203 152 164 209 251 113 232 222 69 95 121 201 182 223
242 76 87 96 23 0 223 186 186 166 5 0 101 199 121 10 193 161 160 215
143 211 151 121 39 158 96 96 182 38 218 71 114 120 186 103 108 26 111 234
58 218 210 100 107 186 108 242 87 12 139 209 242 23 218 242 21 109 121 114
74 87 23 215 197 96 121 210 210 250 148 144 137 96 96 130 104 72 95 196
194 14 26 0 26 170 219 139 121 158 233 121 211 121 151 158 45 207 5 238
245 102 23 128 134 46 154 181 87 25 87 19 7 135 121 99 82 26 148 125
114 80 80 121 200 250 196 109 186 114 223 186 203 231 209 96 26 186 181 163
231 146 150 242 66 179 12 182 176 106 106 58 176 144 14 111 121 60 200 197
11 93 53 151 9 82 196 230 45 108 139 123 135 205 170 121 209 158 114 235
102 147 121 106 235 26 83 103 212 133 151 82 185 186 120 243 72 95 121 87
242 76 250 87 7 219 195 186 108 186 18 122 136 135 27 67 182 242 87 27
57 159 121 79 242 191 223 189 31 51 50 27 25 135 41 87 158 96 126 45
245 188 66 96 202 159 159 18 226 209 253 105 103 91 101 162 189 245 243 153
10 128 71 158 144 241 218 218 254 96 73 96 50 108 158 108 152 38 222 173
121 162 83 173 231 196 171 242 14 173 58 242 127 82 141 14 14 203 170 103
243 103 12 242 87 47 23 219 185 77 191 26 242 114 215 25 87 22 126 234
145 38 96 235 121 245 218 71 251 50 27 75 133 219 230 14 186 30 230 218
41 234 82 185 215 62 203 26 103 247 230 121 14 121 182 205 48 225 171 14
96 133 22 34 94 200 197 236 102 242 165 66 87 87 25 121 243 120 230 185
205 10 141 178 23 173 121 114 26 96 81 108 186 51 164 218 71 25 135 242
158 201 174 227 159 182 24 248 135 165 231 242 244 23 160 197 212 141 45 94
161 223 223 50 114 159 242 200 22 242 66 152 203 20 14 231 121 37 179 196
58 218 96 233 173 251 173 121 35 114 50 216 122 186 18 83 185 101 231 162
151 121 177 121 201 114 223 16 108 173 34 144 220 96 12 176 215 208 97 96
163 205 85 96 151 5 173 14 239 188 74 131 242 14 186 200 219 111 191 77
242 69 163 174 96 210 82 174 114 242 82 170 104 95 10 223 16 200 96 50
151 245 243 123 218 103 50 30 71 186 108 211 247 247 114 23 186 181 203 152
58 34 223 250 181 223 135 121 58 16 230 241 218 96 148 107 13 39 87 87
160 32 25 54 185 75 218 170 0 12 87 135 242 87 35 147 121 2 14 31
144 14 249 152 219 96 50 96 109 186 151 212 127 189 250 108 148 211 170 23
163 106 174 251 178 212 208 223 230 218 255 192 178 26 103 113 135 21 109 87
10 75 174 131 223 241 174 144 50 21 5 12 114 204 103 106 96 178 56 96
243 140 62 147 212 121 241 19 151 96 160 160 242 182 113 212 191 31 122 205
242 200 42 87 117 121 245 211 94 72 87 7 135 130 251 91 12 242 127 182
58 7 50 10 151 216 137 250 179 218 96 135 121 223 50 160 32 96 231 186
223 114 168 114 23 23 31 101 62 35 141 168 113 152 31 19 163 174 136 218
