114 14 63 186 108 178 146 212 79 219 185 31 135 160 56 205 76 212 215 118
156 218 135 86 26 31 152 31 71 186 158 96 50 67 147 121 218 242 82 195
231 35 114 100 96 242 244 61 18 127 240 141 212 122 186 96 151 121 253 121
178 85 242 200 27 96 250 240 58 123 66 96 186 96 234 170 14 219 109 215
161 26 108 133 151 158 207 56 152 150 219 223 230 56 96 96 250 240 242 45
161 144 14 93 96 121 243 12 103 87 121 245 216 50 240 114 178 85 170 211
58 217 1 185 32 96 189 206 176 177 103 179 216 96 106 121 182 58 167 185
58 13 114 108 85 114 112 64 51 80 158 91 199 176 50 56 245 125 203 22
12 106 11 208 39 87 189 103 103 91 242 14 202 114 33 39 164 50 77 120
158 106 227 231 50 152 242 23 75 218 113 223 147 243 114 14 96 215 189 138
242 165 62 251 66 87 221 87 186 194 219 253 40 173 10 114 7 21 247 200
242 62 223 0 105 84 103 19 218 96 231 242 66 110 85 221 26 96 215 158
201 102 226 94 121 242 119 148 122 192 223 186 186 186 142 121 2 200 213 148
163 253 40 133 103 241 99 37 109 91 0 121 114 218 26 50 108 242 179 126
92 121 128 103 12 87 212 54 96 121 253 14 220 218 96 250 176 103 106 223
201 109 83 242 248 135 121 57 87 101 104 12 242 12 182 121 182 182 51 108
114 252 144 14 121 243 231 242 29 14 33 114 134 135 212 104 25 135 137 96
250 179 123 182 58 194 14 182 38 142 96 250 160 189 96 187 47 12 45 87
57 147 244 135 76 36 158 103 186 103 221 181 96 113 16 131 121 164 223 190
231 146 135 128 71 186 108 221 26 158 108 244 7 241 25 252 112 95 14 74
194 14 10 253 121 158 242 200 152 83 87 28 229 209 103 233 96 26 211 83
107 196 35 186 108 250 58 242 200 26 162 241 87 121 253 106 23 62 76 83
196 108 141 158 242 99 110 136 200 231 223 129 141 144 14 23 31 81 35 114
58 13 200 78 251 173 65 121 82 223 241 123 182 250 184 83 245 171 211 110
125 163 13 184 108 44 26 83 105 242 200 209 189 123 12 126 45 113 182 189
131 160 242 12 1 96 121 205 181 186 42 108 148 51 104 215 197 37 248 135
245 170 103 152 170 121 175 101 126 178 185 60 159 121 58 181 114 135 182 216
192 178 182 148 134 147 146 97 62 244 158 243 114 135 182 216 19 207 21 206
39 12 219 33 185 137 45 193 251 242 127 2 200 96 66 65 148 205 158 74
141 92 242 191 121 20 250 179 66 62 30 95 148 62 72 35 248 163 205 23
10 210 162 228 26 50 219 35 96 26 96 212 218 241 87 66 163 66 65 103
58 194 14 159 69 212 106 163 230 182 121 160 242 210 87 158 96 96 253 122
10 74 198 135 193 27 137 211 4 242 200 26 87 215 5 50 121 35 141 96
50 158 144 82 92 135 66 121 185 181 230 181 159 121 131 221 194 244 236 103
35 102 136 96 196 210 182 1 223 18 19 245 108 168 250 66 242 165 23 198
163 17 251 42 23 31 197 102 137 158 73 134 110 114 158 103 135 112 176 179
58 0 151 231 10 207 21 109 209 241 182 138 153 18 208 228 108 105 172 121
158 106 51 121 2 25 182 242 45 168 176 114 204 8 87 212 29 122 186 108
160 102 58 194 14 186 96 151 182 20 250 218 210 87 72 12 99 141 38 223
223 114 186 186 108 160 253 121 253 185 50 42 123 33 50 56 134 199 121 151
29 14 14 10 186 203 106 61 181 110 223 50 108 250 106 122 26 0 138 94
176 215 121 182 201 182 92 245 34 211 123 95 121 82 185 230 182 182 58 13
234 170 223 135 220 96 50 242 200 195 136 114 27 192 164 12 183 168 50 176
58 194 196 138 191 152 62 104 121 244 58 106 203 170 62 45 121 226 45 242
58 217 102 56 152 163 73 23 97 203 242 119 12 114 223 114 108 186 171 1
228 200 51 216 87 186 203 212 96 74 182 66 26 96 118 19 10 186 181 223
40 231 223 135 114 52 112 109 186 118 212 14 105 215 174 227 123 196 114 108
145 223 215 218 50 208 242 114 27 35 212 160 144 14 173 121 8 112 192 218
158 151 134 7 212 50 186 217 155 102 242 22 72 158 96 67 242 21 250 33
176 144 14 157 148 189 11 231 235 26 111 104 93 30 42 247 87 121 158 201
244 107 28 114 223 114 186 148 181 23 136 114 108 27 130 87 207 21 141 215
223 114 9 5 242 2 200 182 242 200 77 87 186 108 242 178 9 23 219 75
211 14 95 143 96 45 27 196 182 250 73 216 106 26 135 242 87 14 186 181
12 92 242 87 14 154 42 121 189 158 141 25 121 156 218 66 240 23 114 121
161 50 223 186 34 14 96 244 87 14 74 113 106 242 12 192 154 23 72 240
163 253 23 65 212 23 31 186 218 204 173 69 135 200 58 73 189 16 200 42
151 121 231 10 141 110 173 178 121 58 10 181 87 19 148 158 103 23 61 26
58 13 87 220 50 5 75 174 108 186 186 108 34 196 94 242 200 148 96 135
37 165 196 75 110 243 182 81 45 87 16 160 103 19 96 45 23 75 239 218
58 196 242 84 121 158 27 218 251 50 242 66 66 223 50 30 39 164 12 215
50 197 170 121 74 121 182 58 151 121 121 131 223 195 114 178 23 131 223 142
192 50 109 186 241 114 186 108 250 218 96 65 23 210 163 215 241 218 218 242
58 218 215 118 252 108 178 59 106 8 182 178 201 96 250 181 143 85 71 186
242 200 26 148 218 232 160 41 212 106 241 251 42 123 230 218 96 50 176 0
