223 114 195 201 212 8 14 219 150 242 200 126 45 121 158 242 21 75 168 113
107 16 121 163 176 106 122 242 240 186 30 96 138 42 45 23 0 223 19 148
114 223 189 244 19 182 88 208 186 189 174 14 108 26 166 113 103 212 103 96
195 174 14 251 74 113 106 211 10 26 0 87 19 121 181 203 123 232 205 114
242 127 173 242 200 96 151 104 50 65 12 146 153 147 121 114 121 207 242 95
242 14 239 104 7 50 8 87 19 127 245 114 23 123 255 56 121 186 18 92
176 215 108 242 42 127 82 91 242 200 51 148 26 111 119 2 208 192 168 247
242 45 30 42 87 209 246 185 164 219 223 50 103 23 87 121 238 114 143 69
58 32 170 160 181 87 186 96 113 38 119 114 23 87 14 113 243 50 151 158
10 137 200 168 170 111 136 203 75 136 39 207 56 218 113 123 67 22 223 148
88 14 73 199 163 177 50 46 108 163 253 173 223 175 101 231 216 109 204 39
215 218 218 241 182 210 203 176 15 50 160 58 135 94 121 211 56 241 243 123
206 116 166 113 244 218 242 250 27 144 14 121 157 215 38 215 108 148 136 242
205 243 160 227 215 200 51 19 186 108 192 215 218 26 103 21 103 127 245 215
242 200 90 223 50 50 33 223 14 230 45 23 197 99 175 177 37 242 179 62
242 200 209 103 73 148 12 94 123 182 254 46 237 16 85 71 216 122 26 98
160 131 158 160 241 255 92 185 87 241 81 181 62 45 122 46 22 251 66 42
26 241 218 11 66 245 163 25 27 144 82 170 170 121 163 167 186 96 42 114
242 159 103 14 121 176 50 46 31 195 247 50 212 7 50 147 121 223 135 169
242 19 25 30 95 121 178 54 151 121 192 26 111 245 239 125 0 245 178 160
96 23 216 122 108 242 200 209 108 20 141 15 50 210 130 65 151 242 179 215
185 0 215 218 103 50 136 200 253 180 241 65 25 135 125 194 23 242 21 51
192 218 96 250 200 253 121 114 22 114 96 205 186 189 96 186 108 173 194 23
58 135 159 16 14 105 242 83 218 51 51 212 122 51 215 121 96 231 38 180
9 242 82 173 34 123 94 244 121 195 237 186 131 223 186 147 121 179 74 184
160 246 146 121 200 22 224 186 186 170 101 231 1 211 201 114 152 221 75 75
58 34 218 232 45 251 67 164 135 231 21 12 114 144 14 121 158 96 246 121
231 160 111 182 195 94 178 121 250 200 251 50 42 67 242 174 152 252 252 26
221 251 205 0 87 124 158 158 148 215 218 240 166 242 179 87 135 91 185 75
245 221 108 182 127 192 178 94 148 181 96 121 176 160 227 147 199 142 178 193
96 190 95 1 160 215 25 95 185 110 103 0 38 253 139 185 170 51 121 102
185 76 121 200 208 178 182 242 182 26 144 14 142 146 147 23 87 121 196 74
221 148 168 183 178 85 141 102 2 96 176 156 230 74 87 135 172 54 182 126
158 58 161 50 196 96 250 176 104 200 96 173 242 154 23 218 51 135 121 58
10 242 120 186 108 242 85 250 179 75 51 130 168 108 182 110 197 14 58 218
114 108 173 121 3 152 211 104 135 21 109 163 113 10 18 209 31 122 242 179
58 194 14 66 2 171 121 69 128 62 200 108 26 170 10 108 74 193 154 215
158 51 158 246 19 160 6 21 50 95 251 66 80 170 113 14 231 189 90 14
58 218 242 82 185 230 128 104 114 121 125 108 173 205 34 164 245 121 185 200
107 16 211 65 158 103 31 113 212 96 65 18 21 111 135 242 12 2 200 218
242 66 83 81 110 114 121 205 121 253 209 186 50 254 90 203 12 253 123 112
185 194 108 182 102 50 62 147 121 92 87 14 26 186 203 6 136 114 121 39
135 135 108 11 26 111 82 186 170 121 189 242 136 200 231 242 66 42 108 121
151 121 192 134 96 6 108 211 251 181 87 70 179 50 126 112 248 135 242 114
253 134 197 96 245 91 158 231 114 223 161 50 105 186 108 121 158 164 50 72
242 200 78 176 184 152 141 85 215 134 236 186 200 95 121 182 40 105 13 182
92 158 218 182 242 250 181 58 182 121 223 69 242 87 147 39 87 121 197 96
58 194 14 218 123 174 200 143 96 151 240 35 114 178 0 143 0 223 69 110
50 253 223 209 103 17 15 250 50 8 87 121 96 23 237 204 96 250 12 141
175 121 50 50 56 127 199 212 176 167 71 186 21 100 192 227 94 242 62 121
242 179 114 23 218 177 243 121 151 121 7 118 150 196 242 250 200 250 210 108
209 233 223 114 223 203 159 31 105 242 152 141 133 151 182 38 96 215 96 250
192 96 6 243 103 122 150 196 108 26 25 50 177 242 17 108 179 230 0 69
245 252 187 174 203 102 242 179 0 164 34 83 231 27 186 102 163 50 166 26
242 200 168 189 50 5 122 239 25 160 230 14 50 251 76 14 150 245 242 200
179 218 71 122 186 159 121 151 121 102 209 205 37 26 209 110 92 200 112 195
250 184 96 20 152 91 177 199 241 181 189 87 152 104 12 114 27 96 121 106
209 242 148 112 148 211 186 96 215 171 23 31 14 58 22 26 210 87 121 50
58 13 241 19 158 255 92 135 58 135 128 242 99 61 96 231 38 211 14 121
242 14 116 108 186 186 186 159 173 220 223 152 113 169 208 50 0 147 87 219
114 252 252 24 200 96 91 186 186 186 111 41 123 87 169 21 50 33 239 121
114 19 196 209 231 212 96 87 158 24 108 114 108 114 50 220 31 175 121 121
223 114 195 114 27 146 164 12 25 242 87 14 216 96 67 114 195 184 16 212
57 115 72 31 105 37 212 96 38 87 96 114 27 19 158 26 60 216 122 9
