1 58 222 50 242 152 147 173 121 182 133 113 69 162 113 251 113 212 96 232
78 114 27 108 173 245 62 147 121 62 114 211 62 160 227 176 242 200 153 114
96 253 121 223 50 114 19 41 122 96 42 112 69 114 210 45 135 177 200 223
253 121 223 45 74 131 242 14 219 86 22 58 215 218 51 29 186 186 186 148
91 223 114 135 4 144 82 224 14 102 30 110 87 76 87 242 87 14 121 77
186 186 194 11 10 14 45 196 227 38 107 25 135 21 122 245 100 211 230 234
163 253 251 109 214 152 252 24 16 48 91 12 114 210 211 104 135 37 109 118
151 121 114 61 96 135 121 56 96 88 103 23 114 239 121 45 160 170 121 242
31 215 250 200 16 4 218 170 121 58 176 242 85 196 201 187 145 148 227 103
253 121 200 96 112 38 186 96 186 96 91 58 65 189 170 223 50 200 254 96
50 108 52 33 182 239 192 158 215 218 67 242 200 138 118 248 12 158 185 96
221 123 34 179 16 121 99 242 87 27 4 96 45 79 121 46 178 85 38 138
37 196 114 64 178 87 96 216 251 248 24 16 108 173 121 118 200 78 27 83
91 194 242 66 183 108 90 230 0 87 218 111 212 254 170 159 79 160 237 186
58 13 144 19 25 121 114 135 230 218 242 151 212 182 58 16 101 147 215 81
205 221 218 218 242 66 39 181 87 164 154 144 30 152 71 26 83 201 108 51
97 96 112 223 222 114 23 248 137 218 215 80 82 182 86 78 1 58 194 14
96 121 30 95 121 182 58 121 50 108 86 96 107 58 208 218 179 218 242 165
245 108 188 40 104 223 114 22 215 218 50 73 118 152 244 82 182 215 138 158
133 96 73 153 114 27 45 22 148 46 31 114 223 50 108 196 160 96 242 38
9 114 212 107 25 195 121 200 96 235 26 111 245 219 71 66 87 245 215 218
185 194 139 162 219 221 136 104 113 23 31 105 99 23 175 220 139 123 216 108
242 14 84 19 245 10 215 218 96 103 123 20 250 123 38 205 31 223 114 178
178 173 242 182 113 106 178 69 158 184 91 242 87 248 163 111 200 78 16 211
186 234 93 96 112 210 73 120 108 165 104 12 51 121 56 25 87 23 121 177
107 13 218 50 251 50 33 108 114 163 13 186 96 215 42 245 92 16 11 219
192 200 245 51 135 242 12 114 114 186 181 200 51 50 22 96 50 232 96 215
237 182 114 181 69 151 199 185 121 151 121 223 114 72 121 182 86 126 203 208
50 108 133 191 121 10 151 185 18 11 152 147 121 231 215 135 114 235 19 13
192 106 211 87 241 174 42 121 200 242 212 121 122 186 26 245 50 240 34 2
205 131 208 114 218 245 242 200 169 25 108 114 199 216 56 25 121 205 14 178
107 16 6 121 95 95 200 51 158 37 242 14 148 218 58 241 56 50 104 106
209 122 26 241 174 233 218 241 121 192 101 242 244 21 122 12 104 215 159 25
106 23 31 114 218 71 96 222 58 231 251 50 199 135 165 242 127 82 22 106
64 50 105 189 63 103 34 108 46 83 81 203 223 0 108 201 173 251 29 64
242 2 170 14 121 34 123 95 121 10 148 211 186 241 45 48 103 123 12 173
250 34 200 253 250 17 26 82 27 11 91 231 251 34 179 105 218 96 87 135
160 99 51 5 135 108 242 179 152 163 176 109 121 182 46 82 26 137 215 42
242 200 230 218 71 122 148 87 78 230 87 14 50 201 122 139 96 251 229 243
58 13 147 121 223 87 14 121 12 192 186 147 159 111 182 160 96 121 106 121
10 193 27 151 121 158 103 106 22 42 244 3 135 21 177 160 5 218 205 235
208 58 218 242 182 196 114 23 234 178 26 93 38 223 230 61 216 38 230 170
10 118 108 20 44 114 72 112 5 31 154 121 200 168 193 201 133 182 216 163
251 196 74 87 87 135 56 104 135 112 38 96 250 67 233 12 96 197 26 216
58 188 161 245 108 249 138 50 104 74 192 121 248 27 158 50 152 89 242 14
58 69 212 107 105 223 114 114 96 121 151 254 245 87 6 114 27 26 61 113
231 223 108 114 121 223 45 242 200 186 186 26 241 96 105 223 113 212 96 121
163 253 223 87 16 173 223 240 121 50 67 65 108 42 186 2 178 85 239 108
192 186 203 218 113 158 218 210 87 218 56 50 231 121 181 241 253 209 106 197
242 200 186 186 42 87 72 50 126 108 199 121 218 182 58 223 107 152 108 173
146 35 26 87 87 186 181 203 20 108 250 245 92 45 173 251 91 218 34 200
185 194 201 109 23 218 242 135 82 164 58 152 108 19 136 218 251 215 71 13
242 14 135 179 83 179 179 218 51 121 58 12 87 76 95 176 196 242 87 14
85 96 201 250 200 205 58 50 251 123 87 50 21 66 70 182 66 138 160 41
96 114 221 87 136 212 242 42 186 181 50 20 200 243 127 113 71 76 45 193
253 121 37 241 50 138 135 23 87 12 45 242 87 82 221 80 242 87 248 137
253 121 253 54 248 135 58 218 103 135 242 231 189 218 96 251 173 106 66 186
158 160 104 29 122 112 38 185 77 27 229 136 200 250 134 28 231 182 242 90
96 67 242 87 14 105 223 118 210 25 231 50 248 25 135 121 138 218 50 197
192 242 148 241 218 212 241 25 200 50 108 182 26 162 186 181 101 33 216 122
223 114 182 141 215 218 179 200 168 218 95 242 218 113 251 67 51 87 10 121
121 120 19 96 96 50 201 46 218 113 123 135 20 196 135 26 241 218 96 114
57 136 114 108 23 223 135 58 41 87 16 121 82 117 50 206 182 216 122 26
242 200 26 218 103 123 34 34 95 196 31 135 242 127 211 209 10 108 188 182
