151 121 158 121 218 50 35 114 108 52 121 120 173 137 200 51 112 44 114 114
106 114 96 121 34 200 242 82 192 96 218 242 31 186 87 50 72 95 138 121
160 245 102 242 83 133 12 178 85 46 19 13 164 251 96 106 241 73 66 114
205 177 69 121 158 103 186 34 211 2 123 12 114 108 96 212 185 50 5 34
58 13 136 200 223 186 103 133 200 96 50 251 66 87 23 23 87 196 247 227
151 182 182 96 38 239 205 223 14 62 147 121 120 50 95 86 96 186 114 163
242 151 87 23 210 80 219 181 121 218 51 123 12 29 122 230 99 75 168 186
114 223 106 9 242 200 96 186 41 158 109 121 253 87 18 11 163 253 42 181
245 145 159 7 216 56 92 135 199 242 14 12 114 27 168 2 14 220 209 212
242 14 218 241 252 108 178 215 141 50 121 114 223 135 242 200 182 239 251 30
158 193 136 147 177 147 0 163 215 145 148 114 16 242 152 108 85 251 23 150
211 252 24 197 231 251 50 56 96 113 152 175 121 34 104 50 87 152 212 50
96 23 170 14 96 239 71 186 19 83 231 2 14 242 200 211 207 62 104 243
114 223 35 114 108 176 160 185 230 182 176 215 97 218 96 50 251 23 62 173
209 10 73 212 241 218 182 73 66 121 159 185 218 219 135 108 147 102 50 0
221 148 211 158 103 12 14 244 121 114 178 87 28 180 64 12 171 119 187 178
138 211 94 193 92 242 200 61 253 186 181 239 242 12 190 212 182 176 212 224
107 251 166 108 52 50 27 26 241 87 121 8 2 200 96 50 251 50 67 179
158 103 179 178 160 8 158 103 108 133 57 174 209 170 177 64 93 218 237 147
96 112 175 160 109 45 121 218 242 179 218 128 229 218 96 50 46 168 135 242
43 193 90 37 152 147 177 241 174 147 148 6 82 52 199 79 160 227 9 191
242 200 26 241 35 186 13 52 50 121 98 205 223 218 47 122 50 206 83 12
151 182 113 232 212 204 121 218 96 250 50 176 165 182 195 5 164 50 212 242
121 114 223 186 186 20 147 147 106 237 251 5 23 31 31 114 135 223 218 242
242 14 32 42 52 233 135 200 96 153 151 96 231 151 182 186 209 121 103 32
242 178 103 12 242 42 136 175 160 115 164 158 242 0 26 25 121 158 58 158
114 19 51 158 108 104 106 122 250 27 186 108 178 219 186 158 239 186 18 11
59 76 163 127 242 127 200 226 175 76 83 69 199 12 59 35 147 121 119 66
58 13 114 178 140 83 92 179 178 87 121 114 26 241 174 87 96 231 176 50
58 123 12 242 99 223 38 230 205 121 103 230 45 23 135 62 114 223 103 21
228 200 186 19 121 186 96 219 22 96 235 151 18 158 64 27 245 58 96 136
221 251 96 113 247 81 138 218 241 87 121 158 96 151 182 216 122 19 104 12
212 96 50 251 23 242 182 87 135 125 108 173 136 200 158 96 38 96 201 121
243 69 145 205 101 12 104 191 121 209 50 219 114 223 114 186 23 114 62 35
158 158 100 243 212 106 197 96 176 160 85 133 96 46 200 26 121 192 32 96
151 121 120 16 19 80 134 136 135 191 231 37 199 5 242 82 200 96 109 121
211 65 189 182 121 151 121 26 103 221 87 209 194 243 103 34 196 251 173 251
24 147 103 95 87 185 221 186 13 200 22 178 200 138 77 212 191 231 177 50
242 114 96 215 218 71 241 87 135 41 110 147 219 12 170 225 41 147 197 27
245 106 108 211 62 35 114 135 253 13 110 103 113 182 126 114 27 94 30 113
176 215 65 196 187 137 151 121 37 199 105 205 201 233 218 96 106 121 106 178
145 223 186 186 96 244 215 218 204 245 26 50 193 26 71 113 212 254 241 174
185 96 215 66 119 147 121 34 168 239 242 200 168 210 87 186 186 181 111 19
245 59 34 238 23 237 104 191 121 158 182 195 251 192 181 226 210 136 242 14
115 186 186 186 203 108 121 154 16 10 114 127 242 23 56 121 121 231 223 247
245 73 66 74 121 58 218 158 50 103 23 12 114 134 10 96 121 159 135 99
151 10 141 176 85 148 61 248 135 211 175 77 6 216 252 204 152 42 16 48
179 69 57 121 239 50 95 152 203 238 95 176 122 207 150 204 25 121 50 205
106 114 236 121 205 223 114 195 178 87 168 114 22 36 230 45 140 137 31 135
182 182 96 215 65 62 67 123 12 158 135 184 173 45 195 242 200 113 212 11
114 178 144 14 121 186 114 131 253 23 99 242 200 195 242 87 31 252 50 108
221 251 218 113 215 218 71 251 50 56 25 216 108 251 87 76 121 35 195 168
252 223 26 50 83 244 23 31 241 87 11 83 12 14 114 35 114 223 135 242
69 242 66 200 201 186 96 250 218 26 245 215 135 191 244 87 91 58 34 94
209 245 243 34 181 121 186 181 121 194 14 113 114 64 122 26 96 26 233 91
114 9 114 121 192 186 186 181 121 12 96 251 66 152 223 113 14 121 114 72
74 198 121 234 19 13 186 186 148 215 112 211 121 253 219 218 96 189 21 108
205 245 11 20 50 86 111 231 121 182 21 152 108 26 26 241 87 96 96 121
192 189 208 251 205 76 248 137 215 85 19 19 186 34 219 79 52 235 151 207
192 212 50 72 133 114 37 23 87 16 121 114 205 108 114 236 121 7 248 135
151 158 103 136 15 23 12 163 253 251 19 62 159 120 108 223 159 42 114 144
253 58 194 14 186 108 114 121 209 31 122 186 96 96 186 96 205 235 26 103
10 108 148 242 174 35 186 176 243 19 200 66 186 186 186 127 50 50 197 58
205 65 103 148 189 96 231 173 103 34 93 218 241 218 96 122 96 223 159 14
