58 181 168 114 52 95 208 121 197 221 144 119 87 93 186 96 212 224 7 69
58 218 212 141 96 69 104 121 218 151 204 135 152 231 108 252 239 44 114 62
223 114 203 38 195 200 35 108 178 106 56 152 71 227 200 96 96 78 14 14
201 114 192 173 251 56 158 50 128 180 158 51 121 182 58 28 242 200 166 110
114 108 200 96 26 103 87 23 209 10 96 229 218 122 114 230 161 218 204 104
181 114 168 0 186 108 69 151 119 62 168 114 210 126 26 50 61 113 251 173
16 193 211 239 135 128 137 186 181 2 182 176 165 173 242 182 38 242 87 0
242 231 12 242 82 175 133 73 34 136 200 193 201 18 83 16 26 186 111 100
106 131 106 168 38 96 35 114 72 14 92 96 121 223 151 121 90 201 106 114
188 121 38 106 11 250 218 50 72 95 231 5 251 253 121 158 106 223 241 135
58 223 69 120 16 239 59 152 34 16 242 178 23 114 104 96 135 242 191 182
252 144 200 50 56 182 176 223 114 23 170 81 237 201 160 101 216 16 158 242
127 200 148 246 254 141 96 205 69 103 107 47 247 113 27 104 96 73 69 50
151 231 100 196 247 122 26 96 96 107 186 135 114 181 204 172 173 143 121 96
221 50 251 33 120 192 12 203 12 114 108 114 10 127 104 113 25 217 87 105
31 158 91 212 96 50 108 251 196 23 114 121 35 114 114 121 96 173 58 147
24 147 185 196 196 124 158 159 148 96 220 96 50 26 241 25 87 135 135 242
74 198 86 244 87 135 26 241 218 167 173 69 173 121 58 176 242 200 158 96
242 14 110 114 131 219 135 135 242 178 141 16 237 194 65 170 212 96 96 112
205 223 50 33 158 103 243 27 218 200 95 66 9 241 87 158 25 159 142 14
102 209 128 209 40 113 160 51 123 36 121 205 158 218 216 122 26 50 61 71
52 157 186 96 87 19 35 114 114 108 114 27 106 223 151 159 121 12 14 10
58 25 187 178 185 10 36 67 58 23 238 114 27 215 108 173 32 245 192 96
221 218 51 182 51 121 92 205 242 23 178 87 14 239 251 179 32 31 135 82
58 93 21 6 105 223 218 113 123 10 218 247 181 186 181 230 12 83 242 178
243 159 31 178 211 94 121 8 72 123 87 12 114 204 158 160 121 245 230 178
35 163 205 151 212 121 58 241 120 242 14 14 230 135 42 97 111 147 23 134
242 14 221 186 159 136 114 26 108 172 172 87 135 82 253 254 148 242 14 186
107 50 212 106 29 122 226 131 253 25 135 203 177 103 92 200 209 182 242 250
69 161 50 1 86 201 247 50 56 218 106 251 50 122 186 186 203 108 223 23
160 92 150 231 50 251 121 158 158 96 114 37 166 114 14 212 114 60 200 201
150 12 183 200 50 209 251 122 186 96 176 59 111 152 31 122 250 200 78 205
10 253 121 218 108 173 231 209 16 103 34 136 200 26 186 41 219 245 37 229
58 16 247 100 254 245 232 179 159 122 154 182 121 182 253 38 96 96 22 245
129 181 114 152 109 121 108 33 25 58 121 233 218 96 106 178 2 182 45 176
58 194 14 44 200 148 218 176 241 50 242 127 208 168 113 14 121 34 197 50
65 73 101 231 144 200 242 200 108 26 198 121 33 121 205 121 106 14 38 253
136 114 27 26 163 243 85 113 182 46 186 127 219 92 87 91 201 231 45 242
114 27 168 108 141 253 121 24 108 178 11 239 193 223 120 135 173 182 176 160
170 10 223 186 186 147 135 30 19 216 134 16 10 242 200 51 248 163 12 148
228 200 124 85 71 50 87 25 121 209 223 108 50 199 199 1 129 212 96 141
205 34 143 11 250 50 233 108 42 23 0 251 148 237 158 207 208 175 177 23
243 242 200 96 231 103 251 7 120 26 175 122 253 121 196 242 170 178 168 24
176 50 251 221 50 178 95 148 40 35 114 186 108 44 114 27 130 165 87 187
69 253 172 212 96 152 185 31 14 113 212 48 21 91 19 18 24 16 4 245
114 215 205 123 135 114 35 114 121 158 208 168 114 108 19 13 83 160 108 114
158 103 198 12 181 238 72 95 110 135 242 200 94 231 229 87 135 30 66 12
192 223 247 26 108 26 209 4 245 123 102 182 151 106 164 135 71 208 218 218
107 114 50 56 135 123 30 127 244 95 219 253 78 254 96 96 106 201 250 151
192 186 50 20 212 146 31 242 95 147 158 123 56 218 171 121 135 212 251 122
242 200 131 0 212 182 106 122 186 96 96 215 209 251 12 230 39 87 218 181
74 192 201 231 109 121 176 26 218 229 41 73 64 37 242 127 178 85 152 189
14 121 128 231 56 51 69 223 50 114 27 137 215 218 72 95 152 114 122 114
242 200 42 198 240 186 222 101 161 251 218 242 208 12 48 3 205 50 42 33
193 209 245 114 108 114 137 223 103 66 200 179 12 178 114 131 114 223 35 212
114 200 186 181 87 121 241 176 242 127 57 42 233 247 170 96 121 21 0 77
209 160 194 14 242 144 82 108 14 215 186 203 160 114 178 121 178 144 231 188
10 176 242 200 60 56 218 91 123 232 113 121 37 231 4 13 199 16 148 27
211 183 178 173 121 99 201 250 12 186 215 65 218 241 127 133 194 248 148 141
192 69 212 96 50 72 31 113 108 173 178 101 231 212 2 14 186 87 14 135
58 160 122 186 148 242 231 87 158 232 24 50 67 58 58 181 82 103 152 192
58 218 50 206 53 208 192 144 14 121 102 242 66 87 42 123 182 127 82 152
58 205 121 245 14 101 121 154 133 158 96 205 96 219 85 196 26 234 170 14
43 66 34 83 158 67 242 244 87 209 106 27 50 108 182 71 113 38 223 195
