125 243 92 203 31 242 209 186 189 144 9 212 188 242 182 253 65 242 107 152
10 215 96 19 158 102 128 121 50 51 21 75 122 26 96 26 62 168 113 185
236 35 186 108 114 108 186 131 114 7 212 82 121 138 129 71 186 134 167 173
185 4 120 34 26 50 123 121 12 114 121 186 186 136 71 186 93 114 14 165
107 252 192 178 144 14 239 128 77 158 108 104 121 221 218 71 97 148 242 200
50 8 218 218 71 58 218 176 176 76 208 58 194 14 212 64 245 192 186 223
253 121 158 96 50 108 178 178 212 185 1 58 103 0 215 25 135 21 236 216
163 144 82 90 203 53 11 218 160 111 182 212 50 240 201 58 121 151 182 212
58 96 231 135 73 241 87 6 103 135 243 103 111 160 227 107 241 25 135 4
242 14 42 137 211 230 114 96 87 14 83 179 25 121 96 231 212 121 182 114
58 209 103 135 121 114 58 28 147 244 215 218 113 240 121 114 104 70 2 14
188 96 201 231 106 122 235 242 96 114 114 108 186 87 121 83 41 32 92 219
253 40 69 215 240 108 186 163 108 20 96 26 96 91 181 223 230 45 45 190
160 103 103 70 176 96 107 113 14 103 219 247 203 225 31 106 122 114 52 60
145 99 18 251 21 56 218 103 34 200 136 191 197 221 241 174 170 218 218 242
114 251 241 193 121 114 27 109 201 176 45 160 158 158 242 200 186 108 146 16
50 251 12 170 121 35 45 14 74 184 18 208 251 160 242 204 178 87 158 34
74 160 131 218 87 135 1 148 178 178 186 212 96 50 20 108 178 121 176 144
56 194 212 102 58 96 93 38 138 135 211 52 218 242 208 191 247 96 50 26
58 218 218 50 188 242 189 251 66 81 50 199 127 251 114 87 5 77 16 108
121 218 200 96 50 251 152 170 58 208 158 218 235 91 158 222 12 114 158 242
223 153 114 235 87 152 230 87 12 182 58 231 196 242 87 75 207 113 95 121
58 96 186 241 52 242 82 170 121 2 14 62 147 113 231 12 248 135 160 121
231 223 50 108 105 58 13 189 134 109 216 60 251 91 212 94 76 121 201 121
176 106 211 87 70 7 171 178 173 118 127 52 199 182 176 103 12 16 173 105
163 253 194 14 50 201 16 242 200 250 181 23 87 205 80 158 51 121 114 96
250 50 93 57 148 9 175 177 219 218 224 208 50 57 121 158 96 121 205 173
107 50 87 248 190 189 218 96 201 148 235 242 200 211 236 16 23 53 14 50
106 14 121 180 151 137 45 76 212 189 125 238 242 190 179 164 25 242 200 44
163 58 82 14 242 241 174 114 223 159 27 121 50 241 210 95 14 118 158 12
58 194 14 26 50 87 158 158 58 200 26 241 65 103 34 252 178 21 1 136
58 194 14 229 113 253 251 152 164 50 189 207 208 50 242 0 181 203 158 243
114 178 212 212 96 38 4 182 204 87 96 112 5 122 57 186 96 45 44 114
158 194 14 50 152 182 182 74 8 175 143 14 113 212 182 26 96 212 151 101
253 251 152 0 218 51 121 136 50 135 50 216 122 215 218 50 27 92 128 212
160 215 0 241 3 135 121 114 92 135 208 209 223 151 106 136 14 14 121 148
58 103 70 127 11 199 121 80 186 108 242 114 27 150 160 188 121 65 69 185
192 104 57 173 251 242 152 108 255 100 113 231 121 192 105 35 114 87 157 212
201 148 51 231 135 50 98 182 226 72 245 192 204 96 6 203 12 114 144 14
220 96 121 114 27 26 16 96 215 217 106 8 212 100 152 91 244 65 50 152
148 120 158 96 114 112 26 241 50 87 14 14 186 108 178 23 122 121 201 182
176 10 205 223 173 10 141 242 14 186 234 152 131 34 87 200 233 226 18 219
58 218 218 242 87 190 23 137 218 231 38 226 175 46 87 78 121 77 120 185
185 111 182 242 200 78 242 87 14 27 96 50 110 100 19 215 200 96 45 199
103 201 105 111 193 41 31 186 96 232 231 135 121 242 200 14 1 205 173 223
58 194 91 188 178 56 96 42 247 131 50 72 87 87 164 218 96 50 27 51
195 56 186 204 158 96 96 26 186 148 78 240 114 121 108 201 212 96 146 135
221 50 211 152 31 114 50 84 90 186 186 217 215 218 215 65 34 251 242 127
57 121 168 127 242 179 25 12 77 96 176 33 218 242 127 127 14 215 121 121
192 173 242 200 26 149 41 231 114 108 251 209 158 212 96 254 108 182 199 158
192 227 142 114 96 179 218 71 186 120 96 251 179 170 142 121 26 103 50 108
114 218 96 26 148 114 144 14 20 215 14 186 212 14 239 173 10 96 69 151
16 59 77 91 207 2 181 121 186 186 203 152 114 215 114 201 38 158 121 195
58 218 218 96 113 200 64 26 241 87 25 160 101 223 45 143 242 182 148 205
58 13 7 181 186 96 212 185 148 69 91 242 200 22 35 192 186 27 173 85
96 96 38 170 121 58 205 34 178 170 121 103 242 37 29 122 161 96 201 52
192 126 218 69 227 196 244 173 121 77 203 123 95 199 161 242 200 179 31 45
163 253 244 121 205 121 58 183 235 159 200 186 108 211 87 121 96 92 138 72
40 104 197 96 34 242 200 42 186 47 164 12 175 229 242 96 180 30 121 108
58 201 148 151 215 0 66 31 87 14 72 104 192 121 114 218 212 96 251 66
163 174 118 78 230 182 51 96 232 45 23 206 83 219 218 241 251 135 74 239
179 53 219 186 238 189 250 181 211 203 123 135 142 114 112 251 165 23 87 23
160 8 159 121 118 164 12 218 171 242 208 192 251 242 179 182 102 122 42 186
37 50 20 20 14 96 54 96 173 232 176 215 108 178 136 50 27 244 94 7
