10 96 186 151 18 1 252 26 50 215 218 242 82 109 41 242 179 57 31 186
160 194 14 186 186 148 114 158 18 242 200 42 23 114 121 218 182 38 96 212
86 45 159 182 242 66 127 121 115 73 25 114 121 114 26 96 11 113 34 143
160 65 103 135 242 179 129 147 144 234 127 196 114 121 114 109 186 118 241 182
163 253 39 15 218 242 200 186 2 218 219 92 29 14 121 95 231 23 158 113
24 16 108 162 90 214 121 81 9 47 40 245 218 182 151 121 182 182 126 46
242 14 159 27 187 26 50 103 38 186 96 73 200 200 105 26 241 87 186 209
58 107 135 113 76 219 241 164 93 95 173 34 1 221 144 14 223 114 186 239
114 211 188 242 200 26 30 245 50 215 31 65 56 242 87 231 23 242 114 19
152 163 95 219 96 38 208 58 218 242 208 220 221 207 208 208 186 99 135 141
194 14 114 121 252 192 251 50 67 0 95 254 108 26 148 242 179 136 241 218
242 200 111 251 50 165 212 107 16 239 251 242 173 220 199 209 186 96 217 34
141 121 228 200 170 58 223 135 200 108 173 121 182 182 38 88 195 200 183 121
201 200 91 186 34 168 189 242 87 14 114 121 253 121 144 14 48 186 42 92
50 110 186 108 182 188 200 168 162 109 136 200 205 235 242 191 222 137 140 112
74 160 158 193 101 121 205 164 159 58 223 181 50 240 94 231 121 248 181 21
252 192 215 108 182 11 208 186 96 151 182 223 114 186 108 19 245 174 237 56
192 186 37 113 92 231 160 227 197 113 0 35 170 127 242 200 26 96 42 181
231 174 200 168 135 141 207 208 158 209 72 197 218 71 242 103 66 199 111 208
242 200 168 200 26 241 35 158 37 242 105 241 179 218 111 197 29 122 209 242
248 163 50 186 205 121 158 215 95 121 114 108 114 121 58 0 76 234 35 52
10 95 182 216 113 72 42 242 200 26 209 83 96 26 96 152 136 107 25 200
221 50 233 218 51 123 232 135 242 200 46 186 148 41 145 103 27 189 50 227
218 113 34 200 195 168 170 48 214 96 121 176 178 67 123 212 50 251 209 154
223 114 114 23 114 23 23 131 135 114 27 228 196 210 114 12 114 114 114 23
57 170 84 223 35 186 187 103 87 70 179 31 53 144 200 128 13 30 96 121
24 55 81 179 218 58 123 12 114 27 108 196 109 114 96 114 112 4 93 95
28 150 148 67 58 168 14 215 42 233 186 173 121 182 126 45 242 87 14 19
107 13 51 187 163 253 40 35 244 245 241 80 242 87 200 158 26 91 212 146
56 128 231 164 135 30 87 231 121 97 83 120 242 159 182 121 182 176 160 160
242 99 189 103 50 216 242 234 82 158 200 78 28 147 212 24 16 72 160 227
82 71 211 2 14 96 215 182 70 93 111 200 96 221 174 72 123 135 114 26
242 200 90 87 5 168 96 151 160 121 114 130 128 242 87 14 72 95 73 25
62 242 200 96 242 200 42 163 239 223 16 211 81 186 158 21 69 179 121 218
163 253 106 31 135 137 45 121 182 182 148 242 186 186 90 203 170 144 94 192
192 144 14 96 215 18 255 56 62 128 209 16 140 33 114 223 135 135 21 109
160 215 121 114 200 186 205 74 87 77 27 58 10 223 159 77 58 7 136 195
58 242 179 31 218 96 50 210 123 52 12 160 218 242 50 165 231 114 204 159
223 114 114 50 23 189 77 182 45 199 100 135 242 14 121 114 121 192 96 50
65 215 50 216 251 152 147 103 87 10 177 33 45 121 200 209 130 160 8 63
163 253 134 200 186 50 251 90 14 242 170 0 218 206 103 241 208 218 103 113
50 201 185 203 152 242 14 127 37 66 242 82 247 218 191 152 186 147 121 252
242 189 174 200 130 104 159 16 242 200 186 186 114 136 114 121 114 46 217 103
58 90 158 33 243 130 158 209 18 121 192 215 218 51 232 242 200 78 27 241
102 242 200 186 114 108 251 199 113 212 253 245 104 114 108 114 112 135 121 114
138 91 168 241 241 25 87 135 242 127 200 83 212 146 182 242 230 218 251 208
109 186 42 33 50 21 242 120 219 195 31 8 144 200 186 196 114 178 121 114
58 197 96 218 96 242 190 182 215 138 66 42 212 50 121 34 195 168 211 19
240 121 10 147 121 148 178 106 168 42 108 106 56 13 96 202 200 96 50 251
219 194 14 9 32 42 215 158 30 75 110 223 114 4 14 102 252 192 186 19
158 26 170 14 113 121 173 121 178 211 96 121 34 200 192 251 151 52 128 27
160 141 114 159 14 131 243 33 87 87 152 196 244 128 12 195 94 242 19 142
52 121 58 135 242 85 148 205 31 135 189 2 174 173 182 242 127 178 191 60
58 218 103 34 31 173 242 87 230 218 102 242 87 14 31 247 42 186 200 195
194 14 212 146 32 206 1 242 200 42 113 114 84 223 108 114 23 242 62 173
121 60 231 135 242 243 85 71 221 50 27 58 182 98 120 4 246 96 66 96
158 158 147 24 147 121 2 251 248 223 66 179 23 62 242 200 209 50 42 186
16 233 148 96 16 10 160 215 96 71 65 103 87 50 61 103 66 42 21 188
91 188 65 0 110 10 144 14 13 121 131 252 51 135 200 253 158 67 96 231
192 158 51 158 96 113 34 87 212 144 219 76 163 50 186 186 18 121 37 244
174 35 47 114 236 135 72 54 141 48 138 164 26 218 176 242 12 114 58 18
205 10 52 52 176 215 218 241 219 61 215 87 168 131 106 76 63 113 16 10
74 7 196 242 19 62 163 174 200 78 182 242 200 205 170 243 114 163 253 12
163 253 121 50 215 42 233 121 200 220 154 66 182 51 121 243 242 200 108 26
