56 103 229 26 93 176 65 176 69 27 218 21 163 215 14 215 14 186 160 215
192 52 54 71 151 242 170 121 137 95 148 218 51 121 160 23 218 219 164 176
24 147 96 121 210 62 251 50 87 152 158 158 96 241 231 135 223 99 126 218
58 50 103 113 87 247 103 135 158 97 50 50 206 231 38 208 12 170 211 152
231 212 146 122 10 215 250 200 242 66 83 26 170 53 11 231 223 196 43 185
245 145 218 218 107 113 106 94 123 82 58 251 96 113 223 45 182 151 121 182
192 121 28 200 130 158 106 1 138 50 241 87 152 147 121 69 219 96 45 148
160 194 8 191 121 8 148 218 25 135 121 35 135 21 85 218 216 122 50 251
192 218 38 50 144 14 215 121 20 178 223 14 215 45 66 173 223 227 250 200
112 195 94 182 217 211 182 182 113 95 121 5 121 99 230 182 121 82 185 0
160 103 243 103 31 135 108 44 186 207 52 52 113 76 121 186 127 66 2 152
74 10 50 242 231 82 250 87 12 152 210 150 19 158 253 222 122 96 218 210
173 253 121 154 104 25 121 179 75 85 218 242 82 252 253 251 50 84 221 144
74 37 109 121 241 2 14 186 13 87 87 209 20 14 159 251 158 50 166 212
10 223 45 214 96 73 215 102 163 218 97 96 112 121 58 209 105 245 35 182
242 14 42 160 144 14 121 114 168 195 200 168 148 242 200 205 170 148 182 19
163 174 114 96 29 122 186 193 38 218 141 227 21 14 133 45 23 198 2 76
242 14 135 82 207 87 152 53 244 102 158 96 171 242 151 147 121 34 227 211
252 200 26 241 218 109 50 27 94 200 22 135 200 26 241 231 135 21 242 200
158 144 241 50 70 242 113 152 221 164 218 245 186 147 112 243 158 218 96 205
244 221 252 250 108 244 12 26 42 76 158 34 196 251 73 189 174 61 42 3
245 189 14 103 50 173 184 133 242 200 30 24 152 95 46 93 242 87 14 121
114 121 13 164 50 201 180 160 245 113 160 164 187 45 127 80 72 104 135 135
58 218 210 136 216 250 218 151 159 11 231 232 96 35 114 226 118 106 136 38
114 197 242 127 50 48 215 87 121 185 152 82 87 168 136 195 121 106 56 96
248 223 50 108 135 82 244 65 69 20 96 112 229 50 61 108 186 196 87 135
129 186 186 217 245 248 94 231 106 56 158 108 242 200 251 173 231 65 174 131
188 231 50 0 197 50 114 27 150 152 210 182 113 108 201 95 10 215 163 57
120 103 50 87 152 114 37 212 242 182 113 212 14 121 2 200 58 117 240 121
161 242 151 10 242 200 26 218 58 102 7 113 135 135 143 160 0 96 121 182
114 108 196 50 5 242 218 57 121 182 2 14 176 95 191 121 114 205 134 152
242 14 217 102 245 252 24 147 123 62 114 168 114 27 108 252 59 10 215 62
131 222 50 23 31 108 172 12 69 193 165 87 152 208 58 160 114 23 158 196
128 201 160 237 186 217 32 50 223 16 186 108 94 34 123 25 223 14 83 182
58 194 14 50 251 236 114 27 114 135 147 85 152 221 87 209 158 18 50 122
58 223 135 200 182 45 121 180 215 121 12 173 58 58 208 194 14 174 147 152
242 127 82 12 113 76 162 83 48 121 138 218 51 121 242 200 78 182 182 66
242 200 42 186 186 87 93 65 121 58 215 16 51 104 121 248 163 12 96 158
231 195 123 136 242 151 121 58 82 82 186 30 175 121 176 85 140 242 113 212
195 194 23 211 114 26 108 141 215 102 87 137 2 191 152 20 14 152 245 10
8 104 199 135 114 27 223 50 108 173 182 242 12 192 66 186 181 87 25 87
196 114 235 19 174 94 135 200 226 131 106 235 242 45 20 159 42 108 65 211
163 174 114 247 96 32 96 121 96 37 152 113 212 189 251 50 122 58 12 152
10 118 9 114 5 203 114 27 12 242 82 52 177 104 30 62 168 186 203 242
116 186 148 211 27 114 35 185 218 79 121 242 200 200 230 118 248 189 0 103
138 14 96 215 159 1 158 121 50 251 173 34 123 12 173 251 200 169 218 50
58 194 14 3 114 26 19 12 7 50 108 87 173 52 248 223 215 96 73 95
163 50 222 242 151 147 121 121 248 198 207 2 152 150 24 236 212 50 152 170
242 87 79 121 53 147 244 9 163 186 181 200 99 86 250 209 96 97 96 26
96 121 96 121 160 6 30 81 170 177 81 151 121 248 223 151 121 96 21 66
10 15 218 242 218 178 160 24 16 4 62 216 122 26 96 26 203 103 22 96
114 85 102 108 121 182 210 121 114 114 168 250 21 240 147 134 21 46 252 83
192 131 218 96 112 195 164 50 242 135 82 186 108 114 23 27 196 108 148 243
192 173 185 62 23 218 232 66 92 182 192 121 52 72 95 121 122 239 159 123
74 211 242 14 42 186 83 108 173 242 193 200 131 69 30 23 218 6 66 210
114 178 103 51 3 93 14 178 38 186 181 203 0 104 232 142 150 12 114 97
128 212 50 251 127 242 82 85 114 152 58 158 218 204 171 242 200 78 205 195
24 69 35 161 0 251 152 108 133 109 201 121 182 223 170 147 121 201 247 239
102 58 245 243 123 103 95 121 131 123 13 136 114 168 203 105 194 23 58 218
177 160 103 87 7 165 14 186 96 249 179 121 114 186 239 251 173 182 242 200
34 120 112 108 36 189 103 75 108 250 136 114 239 100 152 108 182 147 135 82
221 144 127 42 4 224 159 7 148 240 14 65 103 108 148 96 121 192 121 26
192 148 210 241 73 87 66 121 223 114 168 50 108 121 248 128 173 115 164 223
243 227 108 196 26 196 192 122 26 193 193 114 108 207 114 27 242 19 104 200
