97 96 96 130 158 212 241 113 212 10 44 114 27 52 97 209 204 251 50 248
192 118 178 111 16 200 26 111 131 107 24 108 100 177 142 114 108 26 186 108
176 145 103 23 31 31 158 96 96 51 242 250 56 66 83 242 136 200 148 205
114 223 135 200 66 186 186 96 95 183 251 1 50 74 5 194 23 218 242 31
158 96 151 121 205 34 121 170 242 200 126 96 174 78 109 137 45 251 173 58
231 242 208 91 173 106 251 67 106 136 114 27 235 242 219 22 27 102 50 143
58 194 14 138 50 87 122 96 26 50 158 144 82 221 186 108 148 211 175 103
24 221 87 50 240 244 7 189 71 127 28 147 12 24 108 148 41 62 135 242
242 178 200 138 135 66 104 170 23 175 87 27 144 200 239 96 96 90 174 186
209 160 95 121 209 160 121 160 103 103 108 108 178 223 170 10 186 114 108 23
192 178 211 52 172 21 108 26 144 219 4 245 2 14 252 170 108 26 186 108
40 11 163 12 114 195 137 136 44 120 35 108 114 148 205 121 151 52 42 87
50 223 189 250 50 114 100 51 240 114 137 30 126 197 203 150 179 12 170 243
242 14 218 113 242 87 38 151 121 114 37 104 12 182 126 58 144 28 182 38
242 66 241 87 218 242 127 242 208 223 50 35 45 101 121 136 200 96 50 67
114 186 218 215 65 87 152 42 136 114 38 114 26 241 205 97 91 243 109 121
151 121 182 1 107 135 182 146 28 182 225 248 197 96 121 114 222 209 251 205
223 99 23 85 244 151 121 203 34 239 121 35 26 252 186 96 66 242 208 108
24 16 160 194 160 7 113 121 103 176 195 136 200 131 242 200 191 42 216 50
163 176 215 51 240 121 236 16 31 114 121 193 193 212 96 176 215 211 13 87
58 218 103 121 242 136 200 231 51 159 21 42 186 8 215 121 134 131 161 50
243 142 136 200 26 193 240 212 189 126 218 34 220 52 95 199 192 219 111 239
151 121 106 207 73 121 151 103 127 26 103 196 108 148 218 74 5 75 150 152
158 215 78 96 121 205 223 3 186 218 226 151 212 146 251 33 178 114 10 44
158 50 173 242 2 152 108 114 66 158 96 215 21 18 100 127 178 178 242 133
158 218 50 113 233 251 248 131 106 100 230 31 42 129 186 93 32 32 96 38
50 201 244 121 35 108 100 106 121 182 210 114 22 94 231 196 242 12 85 242
211 131 50 195 121 228 148 26 25 242 114 148 211 122 245 200 205 18 100 160
11 242 200 94 150 152 196 231 52 7 25 114 24 108 114 135 242 105 200 148
37 196 235 114 186 108 242 208 242 127 200 251 110 177 87 96 186 158 96 121
138 113 135 151 121 182 241 174 114 70 74 120 211 94 83 245 219 22 38 96
221 202 250 218 94 231 212 218 51 67 230 245 72 136 242 200 252 192 251 174
106 0 10 51 35 108 94 147 121 209 209 252 250 109 215 35 96 50 245 13
52 150 24 108 221 26 209 242 200 26 96 239 251 50 84 108 242 20 14 244
37 196 51 23 123 95 199 167 84 144 200 186 96 26 241 3 159 251 50 21
58 218 45 143 96 250 240 173 160 163 174 215 50 113 108 173 182 216 87 16
192 178 242 113 120 188 106 58 64 121 137 151 182 210 192 242 200 250 58 219
192 144 82 170 244 114 223 186 93 127 123 61 107 25 216 122 51 251 50 27
56 123 184 96 209 109 186 151 236 19 231 209 209 74 207 123 25 135 121 242
96 136 200 94 242 82 152 116 19 83 24 16 108 44 114 37 176 167 45 143
96 151 121 205 121 160 77 200 182 250 240 109 52 207 95 179 12 99 23 108
37 193 163 253 90 96 177 200 72 100 62 104 253 12 14 181 121 103 19 196
242 200 83 245 192 218 51 121 242 200 238 184 9 114 223 50 209 0 236 158
192 251 91 104 135 242 21 113 106 14 13 136 182 121 223 114 186 51 215 7
189 182 160 175 177 140 214 6 103 87 0 66 96 219 96 23 114 35 114 27
185 131 242 200 7 45 178 239 67 108 34 240 193 10 108 250 144 11 245 110
35 212 50 215 65 103 113 212 96 2 178 61 113 212 96 250 50 31 50 23
56 62 148 81 196 158 96 38 96 58 181 158 96 196 26 170 255 121 223 50
43 170 177 198 121 105 196 16 152 175 48 215 168 200 195 136 200 96 250 12
58 41 12 16 160 65 182 215 52 72 8 85 218 218 205 212 122 26 93 218
223 189 66 96 241 152 196 210 87 78 182 160 177 142 103 243 103 238 120 123
185 111 181 242 200 148 96 151 182 176 50 240 52 176 243 123 12 42 198 160
145 205 135 11 250 200 26 2 96 73 8 66 66 185 152 170 199 92 185 87
50 240 243 123 95 121 12 114 223 253 241 174 72 87 27 168 85 241 62 148
197 16 46 105 27 150 212 170 187 92 114 29 121 170 121 176 251 10 20 196
58 218 73 114 187 90 164 135 21 247 9 219 75 218 242 127 179 53 244 240
58 50 209 147 243 177 106 11 113 16 255 21 56 204 134 245 178 56 96 250
223 135 200 250 123 250 12 173 115 56 66 152 103 113 212 243 66 121 95 242
106 69 212 71 82 162 50 216 138 106 121 182 189 48 146 128 185 241 164 138
16 116 105 16 37 91 103 32 148 205 227 114 4 64 171 196 29 122 250 56
10 23 108 131 210 242 200 250 179 218 50 86 136 200 193 131 29 122 186 147
74 194 109 173 176 160 215 247 218 47 31 113 106 65 87 7 87 12 203 212
245 81 196 242 93 200 215 242 127 242 14 186 218 113 121 2 14 121 209 10
85 96 250 108 179 13 223 114 165 248 14 212 148 218 241 218 242 182 184 109
