58 194 104 30 243 123 135 184 96 212 121 151 106 251 96 114 134 27 144 14
106 121 248 242 200 56 147 231 121 38 247 141 27 160 75 42 12 114 203 108
221 25 37 7 7 50 21 218 210 95 121 58 185 66 19 219 12 253 170 175
58 93 135 242 192 114 223 50 23 114 190 103 144 208 241 218 96 50 201 34
253 121 114 223 186 186 108 104 184 139 253 121 114 223 114 27 23 25 25 165
205 147 121 92 219 38 175 185 12 58 179 218 216 122 26 186 186 108 26 186
242 211 42 186 181 73 6 114 236 108 114 37 33 212 231 242 14 96 3 251
242 127 241 77 25 91 135 121 182 234 2 140 203 152 38 150 170 104 160 185
242 152 114 114 121 205 37 242 127 50 20 96 231 75 163 0 209 242 3 113
193 27 242 76 208 253 227 19 139 52 26 241 25 114 135 160 246 45 192 186
242 14 96 212 192 144 241 19 107 25 190 142 6 193 136 101 121 136 114 114
69 158 102 242 6 147 81 108 199 173 251 199 32 209 186 147 92 212 121 242
114 26 186 116 186 108 133 67 2 152 211 170 121 82 108 104 16 35 108 87
160 151 141 121 218 241 25 135 199 135 242 212 14 201 35 20 147 242 14 186
186 163 111 251 82 139 182 73 25 121 58 208 205 106 108 65 163 138 231 106
245 211 122 186 6 121 218 121 227 160 103 135 76 212 121 14 38 158 120 96
69 198 163 215 135 242 12 105 181 144 14 21 66 186 158 56 208 121 58 194
252 221 0 251 25 135 242 87 247 163 50 119 62 39 242 87 152 1 205 37
50 143 11 186 93 235 251 173 58 221 50 236 147 118 134 248 158 218 113 242
103 34 182 216 122 26 127 178 26 82 98 96 23 87 72 95 121 92 87 14
58 50 84 138 96 38 253 121 201 219 65 23 160 227 123 204 95 186 136 114
253 24 200 96 73 14 121 198 7 114 168 108 26 66 83 231 2 178 114 114
163 107 195 27 242 127 200 168 26 92 182 204 96 254 96 151 138 178 85 121
58 194 14 50 148 96 96 69 219 75 62 80 31 185 18 83 245 7 186 166
26 111 93 72 209 96 21 14 121 8 250 21 196 215 218 47 31 95 231 121
179 136 114 72 33 87 31 226 158 212 50 108 144 241 182 143 18 208 194 212
97 50 46 135 248 135 178 189 237 186 186 108 113 173 121 248 135 242 76 215
242 127 200 22 27 58 218 51 121 158 96 96 121 205 96 107 107 251 123 248
242 21 108 173 2 108 46 186 186 148 230 218 94 178 56 187 123 243 200 248
51 158 108 11 211 158 218 67 242 200 205 218 51 242 241 152 90 186 186 93
55 87 189 189 245 193 41 71 37 242 31 38 138 106 197 96 212 191 176 12
185 95 73 239 197 152 108 242 250 181 114 114 108 114 223 26 241 25 14 172
231 211 52 52 199 72 121 45 143 45 18 209 16 56 121 223 69 219 108 141
58 24 148 205 211 37 51 92 231 87 121 120 231 121 42 233 148 58 12 218
231 223 26 50 110 144 14 121 99 223 181 120 96 215 250 50 95 121 158 223
74 166 91 0 90 159 147 121 96 121 114 135 136 251 66 241 242 196 159 14
211 74 98 243 76 253 242 127 150 96 104 232 102 242 127 208 163 174 30 200
11 96 163 205 58 231 242 191 87 76 82 186 203 87 187 223 135 121 230 114
96 121 218 224 114 38 96 121 182 38 3 35 186 108 136 142 148 96 250 181
242 200 109 26 215 218 113 159 19 196 22 94 242 208 22 186 108 173 182 20
231 0 242 14 186 96 96 38 160 227 251 173 186 148 87 110 200 64 236 228
7 50 216 56 244 7 151 216 122 26 148 26 96 127 121 237 69 23 131 223
209 104 10 185 100 186 108 148 9 230 151 121 52 123 196 173 58 50 1 243
51 135 2 92 135 36 241 87 0 121 111 253 158 108 104 121 200 253 158 96
176 106 168 191 178 139 192 184 182 26 218 171 204 158 96 205 106 147 244 121
114 14 135 108 208 58 253 121 234 200 46 128 158 218 219 135 114 227 22 215
58 117 14 193 114 35 108 131 106 131 203 152 135 56 158 108 181 135 242 200
223 50 21 48 242 200 163 95 141 146 147 242 87 0 23 75 134 240 10 77
107 16 50 5 12 114 205 122 178 239 182 242 195 164 184 14 57 34 121 251
114 38 251 12 182 232 71 209 252 170 85 26 136 114 72 14 121 233 114 27
192 186 186 185 111 121 242 200 201 231 242 16 14 66 137 203 62 123 162 223
22 26 243 142 102 137 168 234 170 114 121 158 96 112 163 113 16 141 142 35
102 128 244 212 96 218 96 212 96 205 96 85 93 244 151 121 47 14 114 58
114 223 186 148 230 99 248 209 50 110 53 200 27 245 131 218 242 208 136 114
37 158 215 181 103 21 108 133 91 168 114 35 186 96 243 69 161 242 200 98
158 75 103 242 127 251 50 0 87 27 215 65 11 208 42 108 223 238 53 23
253 231 56 70 152 170 203 170 23 82 163 218 50 86 38 114 151 35 185 186
81 38 67 31 122 253 16 148 223 189 82 119 99 186 108 163 26 211 23 234
170 121 246 144 2 76 242 127 200 11 96 250 108 174 200 96 251 173 251 176
160 92 210 103 25 123 218 212 100 212 14 186 96 250 245 175 143 189 170 46
223 114 114 27 186 203 106 11 216 92 95 75 42 202 200 51 92 150 91 244
37 148 182 109 186 18 50 96 96 26 96 126 151 121 131 242 200 209 96 151
223 173 121 197 242 200 250 12 50 27 251 164 235 163 182 58 50 243 0 123
253 121 50 75 223 69 135 242 45 182 12 114 158 96 96 96 73 87 87 64
