231 146 201 210 182 96 212 185 21 10 215 182 96 242 87 168 210 207 2 113
91 21 123 12 114 19 218 50 201 121 106 122 112 58 231 218 71 252 52 26
148 158 96 38 218 96 235 3 50 152 108 67 181 174 25 235 242 82 83 245
248 135 67 242 200 42 186 18 252 102 2 20 66 96 151 121 182 242 200 186
231 109 146 128 218 71 209 16 109 31 114 9 113 106 14 170 225 104 165 87
58 158 135 242 200 26 25 241 163 64 186 91 148 111 56 16 170 23 175 4
114 168 218 255 21 113 102 58 123 244 95 12 45 87 27 188 11 242 250 50
58 227 14 185 239 230 87 168 138 114 96 112 38 106 164 253 19 56 114 121
160 158 5 251 173 251 52 173 205 20 96 50 212 146 16 10 186 108 253 121
176 160 92 200 24 16 242 151 121 31 114 235 26 186 241 14 23 175 113 10
185 111 185 137 14 195 245 242 87 127 14 50 172 21 182 176 215 140 66 242
192 186 148 42 123 95 199 158 186 212 14 58 241 134 14 119 243 103 108 176
9 114 217 243 243 218 243 212 14 114 114 147 201 121 136 200 148 231 35 114
252 16 35 39 95 127 178 168 30 95 121 205 76 211 96 121 186 0 138 251
114 92 118 114 27 223 215 226 164 219 178 114 239 72 240 158 102 242 179 75
192 178 144 158 208 50 76 83 199 215 14 12 185 93 148 212 14 218 177 242
151 160 103 210 56 121 158 96 242 63 189 127 104 71 158 171 244 200 6 118
65 189 146 85 219 226 114 96 231 176 242 87 14 50 152 175 238 231 251 120
26 96 250 113 106 108 26 42 103 136 200 168 108 96 255 58 50 120 231 121
245 97 209 209 193 187 14 186 148 222 39 210 87 3 16 108 195 216 251 173
138 16 108 174 178 113 90 174 50 135 242 250 12 38 242 197 114 186 0 230
10 114 144 209 108 173 251 199 219 201 148 242 45 3 196 58 182 189 66 182
51 121 96 96 151 110 121 200 26 50 38 96 121 3 50 87 171 212 175 185
158 18 135 34 215 50 67 176 167 105 218 109 121 248 87 159 201 121 106 178
185 223 50 62 147 121 243 211 178 250 144 127 200 83 242 231 242 14 114 96
192 186 50 108 114 215 96 24 16 108 160 243 130 156 35 197 242 250 179 136
96 121 11 96 45 215 186 186 181 0 230 175 121 216 221 233 57 121 178 59
10 131 106 197 24 16 121 108 141 144 208 144 241 158 218 34 242 200 113 16
97 158 51 21 241 1 158 201 247 230 99 189 151 121 205 123 242 200 96 205
92 231 58 218 224 242 61 42 186 82 186 147 121 200 1 161 148 215 218 2
205 198 19 135 105 223 163 0 170 190 177 173 121 199 51 121 160 92 86 108
245 187 116 16 227 23 137 186 223 186 144 209 31 70 14 34 122 250 50 50
205 69 223 113 3 186 108 173 10 233 58 218 113 135 103 240 121 243 121 12
192 14 148 26 28 114 108 42 221 87 218 103 20 14 202 58 185 0 87 35
58 218 170 103 112 72 96 231 176 160 33 12 191 23 131 135 82 185 202 248
58 194 14 114 178 144 175 22 73 237 121 211 188 10 86 83 211 14 215 121
16 108 160 245 102 170 121 74 5 87 14 201 121 128 121 50 223 69 212 50
194 14 38 72 119 103 50 87 215 223 105 35 34 25 87 194 121 173 251 179
138 96 241 107 25 216 12 85 179 12 173 251 142 100 201 23 235 207 2 135
58 56 219 176 160 168 200 20 108 26 96 135 143 211 80 121 220 87 87 96
58 218 182 38 242 127 200 151 243 242 142 121 96 122 96 107 107 251 165 244
247 85 113 106 122 103 243 123 21 5 137 242 200 26 96 109 151 21 31 87
114 131 135 121 114 13 192 72 173 121 122 186 186 120 103 123 136 165 121 31
236 147 212 58 96 135 247 114 223 218 176 160 35 161 233 86 158 136 50 201
10 114 210 52 205 122 192 186 96 45 201 106 114 223 205 151 121 209 58 4
248 223 45 189 122 112 113 212 192 227 203 152 203 152 74 36 218 51 121 242
96 121 46 200 51 251 123 62 96 186 96 46 96 151 151 196 87 23 45 101
221 218 37 56 71 164 50 72 240 121 120 196 87 121 173 121 82 253 251 248
58 96 219 96 121 114 173 242 200 251 33 194 21 50 122 205 189 122 205 223
162 0 93 200 216 108 179 218 144 14 210 0 185 230 14 42 186 30 203 108
104 219 252 253 227 69 112 219 153 148 176 144 94 195 94 231 37 20 254 108
228 221 50 210 87 16 103 74 4 215 136 121 91 144 248 163 218 56 102 41
135 121 153 72 205 194 14 42 114 27 196 26 25 135 199 71 242 127 179 82
158 96 210 50 175 239 104 121 219 96 231 110 52 121 95 152 69 151 121 21
10 9 96 186 91 158 37 189 179 218 113 106 20 96 215 121 253 62 173 121
137 200 202 96 96 235 39 34 12 114 114 235 114 114 108 114 186 186 19 13
50 114 108 114 135 242 85 113 176 85 133 250 108 20 96 38 174 96 220 50
114 116 170 14 230 196 138 45 27 40 35 16 136 114 14 72 223 247 114 16
58 158 96 215 42 184 141 244 35 120 197 196 150 123 96 121 241 32 231 215
185 50 105 38 209 102 2 182 216 122 26 128 144 82 175 223 114 108 186 186
96 194 200 50 210 95 251 152 221 26 127 243 189 196 29 23 218 56 218 242
151 121 33 62 147 135 114 72 87 11 144 241 96 113 121 107 16 173 65 177
136 189 174 14 96 201 175 185 0 42 153 135 114 92 242 200 186 114 223 215
185 194 14 109 121 114 210 35 186 147 121 41 138 158 96 85 102 242 200 78
