158 146 65 242 208 219 108 152 203 106 31 8 56 218 242 136 190 114 121 51
121 151 158 158 158 35 114 114 27 235 22 186 148 144 83 121 158 12 203 12
209 231 65 251 50 122 186 114 212 102 58 96 127 105 87 241 158 158 168 212
209 198 12 195 123 242 200 39 87 164 151 207 95 248 223 142 56 96 9 99
186 19 93 185 181 76 31 114 121 205 50 251 152 247 253 121 50 235 223 114
105 223 190 139 109 242 203 182 109 121 136 200 50 251 33 120 16 102 121 205
192 195 37 104 50 242 127 65 66 186 26 42 247 87 209 109 110 212 215 218
205 77 27 192 238 26 96 141 159 16 193 114 14 177 148 92 182 242 178 159
16 108 105 96 34 200 150 212 152 218 191 52 23 242 114 75 211 5 218 242
145 66 80 158 121 96 67 78 242 16 52 205 121 177 140 186 108 26 186 148
158 96 103 113 176 10 96 50 26 121 205 58 223 186 186 42 136 114 121 253
221 50 108 255 243 54 14 168 151 103 14 96 121 12 114 218 71 122 192 158
28 200 96 50 108 201 96 121 205 69 185 137 45 141 174 114 121 218 242 182
27 94 114 215 218 96 50 182 10 185 77 16 10 176 144 14 186 157 108 141
223 239 210 240 131 114 187 135 63 2 14 121 176 242 96 176 50 26 103 241
161 70 196 114 159 242 200 96 186 58 241 218 210 115 247 94 123 33 253 242
173 1 136 162 230 87 14 111 231 2 200 205 215 118 200 46 179 218 11 208
74 243 232 7 114 26 47 136 135 242 200 93 121 227 160 90 121 106 223 114
163 185 34 136 45 242 152 170 151 253 121 58 218 241 87 16 242 6 128 242
185 48 247 101 52 130 52 114 168 131 50 23 87 72 56 123 33 177 170 189
243 243 243 123 87 247 40 173 121 97 96 107 96 66 121 176 116 18 122 126
236 212 151 121 170 14 121 197 96 250 179 114 158 19 96 65 196 215 96 50
10 212 10 148 134 121 182 22 223 16 233 65 14 42 198 251 19 223 0 230
100 203 141 160 223 69 219 221 223 113 201 121 182 182 20 96 50 26 83 241
37 103 229 2 200 152 108 46 152 108 253 12 1 178 79 121 205 223 218 50
160 245 81 179 87 218 210 114 72 123 182 66 192 16 96 106 121 182 113 212
242 200 26 201 41 14 121 58 107 135 150 179 56 95 166 2 196 51 123 219
74 15 74 194 64 103 91 42 215 187 26 247 103 95 44 114 235 30 212 221
58 107 252 26 26 93 50 240 31 114 196 26 163 174 56 96 87 96 118 108
253 40 197 24 221 56 25 121 242 14 121 114 108 239 242 151 19 25 121 223
223 114 186 114 37 196 128 58 218 242 127 30 141 187 53 14 170 121 163 15
192 121 253 22 51 5 121 205 227 77 28 170 223 14 239 104 141 218 92 25
205 10 245 40 178 239 242 82 206 175 121 114 108 178 186 117 7 135 242 48
78 5 218 74 121 46 152 211 14 13 114 201 187 184 170 121 192 221 122 62
242 99 196 114 87 159 1 221 122 65 26 96 92 19 104 96 94 200 251 16
179 218 114 4 73 95 254 212 250 196 200 78 173 242 215 218 144 121 96 135
136 114 72 121 34 245 109 121 242 241 87 14 241 73 218 182 250 204 96 96
65 126 96 96 50 250 108 32 218 113 33 227 23 31 114 114 217 147 121 58
160 105 237 135 242 21 196 104 135 242 200 136 200 96 121 182 208 195 193 120
97 121 114 108 146 65 189 31 122 223 114 135 130 121 201 192 186 114 186 181
158 186 114 112 108 176 34 123 200 34 12 241 87 152 189 242 182 1 69 120
178 168 148 205 34 168 178 186 186 181 203 152 203 196 103 135 242 127 175 121
192 121 205 251 95 50 178 39 95 152 170 87 135 242 12 158 218 91 181 251
160 103 241 0 218 218 65 63 83 101 95 242 231 23 135 114 210 200 168 208
74 97 108 19 126 175 137 158 96 250 97 170 184 121 114 96 176 142 160 197
35 114 21 160 243 95 121 178 182 212 38 72 223 135 239 92 242 87 27 98
192 178 96 26 6 216 2 38 96 201 10 242 148 189 0 114 168 203 170 73
185 107 251 91 12 72 123 199 1 101 231 5 240 114 27 58 208 163 96 205
242 87 87 209 173 121 233 16 102 226 242 152 114 135 242 200 26 241 204 65
58 194 14 153 151 224 50 143 14 96 87 108 161 163 17 165 77 242 87 217
58 194 14 186 186 157 121 182 207 12 251 248 135 242 179 195 94 200 6 128
231 161 26 103 21 152 136 71 227 159 121 106 121 96 186 163 50 21 122 24
221 26 50 103 34 114 112 102 58 121 50 251 39 12 138 42 136 200 243 114
50 184 42 34 148 106 34 50 182 182 27 61 71 170 200 26 242 87 158 50
144 14 41 95 182 113 190 81 121 64 211 245 46 241 182 27 150 9 160 243
194 14 26 241 0 96 75 85 113 253 65 121 201 51 158 227 242 23 56 71
192 186 114 186 195 136 114 114 27 108 44 114 27 12 87 230 136 200 205 69
205 223 14 186 108 26 83 163 17 151 80 59 76 241 151 121 236 200 242 200
209 28 58 182 188 162 208 0 231 5 197 242 182 207 179 71 186 158 57 186
58 194 14 174 114 197 108 244 160 121 163 218 210 25 95 14 10 121 95 121
107 135 51 135 109 160 72 95 231 242 200 96 239 253 121 158 50 118 127 104
58 144 200 30 31 237 189 3 144 127 14 42 114 211 42 123 136 200 48 103
74 245 102 219 221 52 26 181 69 50 148 5 58 170 211 121 211 14 121 92
10 215 65 188 160 160 239 29 244 72 100 131 50 206 23 25 248 135 151 147
