235 26 186 148 242 250 179 223 87 247 186 145 142 147 106 56 62 168 148 242
92 219 212 43 96 58 241 182 38 168 20 231 109 112 242 200 22 30 87 154
245 10 38 174 227 16 27 186 108 186 186 108 46 139 250 26 92 242 87 170
151 142 96 151 210 2 200 186 108 26 152 126 94 231 160 75 20 111 78 136
160 41 160 212 96 210 2 182 15 50 212 79 242 179 234 170 165 121 121 18
160 186 147 121 198 70 12 181 178 141 200 158 96 218 65 103 135 52 216 122
151 231 178 160 182 242 127 200 36 186 106 122 250 108 200 239 84 191 134 50
57 121 22 185 14 23 199 121 242 135 28 208 58 58 93 6 127 94 208 25
26 181 181 87 241 83 231 192 123 182 182 82 92 173 242 120 186 96 26 96
231 251 244 242 66 42 12 234 170 121 209 193 84 53 11 208 192 121 73 191
10 198 12 114 50 250 108 121 103 53 250 136 200 96 58 96 250 66 108 96
112 151 243 170 121 182 66 96 26 96 182 245 245 113 27 58 194 14 186 181
201 151 121 69 182 242 200 170 14 101 76 83 185 14 215 127 144 14 173 245
58 96 121 158 218 204 215 87 121 77 144 200 50 231 215 108 104 151 237 104
10 239 223 19 93 170 55 170 142 250 4 14 30 21 94 242 42 73 33 203
10 205 233 114 105 181 151 121 58 215 178 23 87 208 247 163 45 121 138 114
245 102 251 50 182 121 242 178 127 200 78 182 121 159 50 110 14 35 253 158
178 146 251 199 231 135 21 109 215 245 131 135 173 58 209 27 121 35 114 56
223 135 184 51 121 242 182 48 109 186 157 103 186 6 157 31 114 158 5 75
125 221 26 108 50 160 96 136 200 114 114 27 27 58 218 235 96 192 26 108
253 253 13 52 24 55 203 160 98 181 158 218 103 50 182 66 108 199 48 94
114 104 121 12 211 243 121 128 103 240 186 186 170 243 120 121 177 234 121 92
58 107 252 50 35 250 87 16 231 243 114 37 204 96 216 122 186 159 114 96
242 127 50 165 82 185 75 136 178 56 186 223 114 170 0 194 148 205 186 186
211 243 103 12 12 50 72 248 5 135 114 108 26 241 218 210 87 121 120 168
58 194 14 148 11 141 96 26 186 108 19 212 100 87 123 160 242 14 214 6
50 108 160 87 212 50 23 31 114 27 245 26 91 188 96 65 196 235 26 96
193 192 144 121 158 158 50 240 31 105 227 142 242 200 42 112 26 200 108 211
32 230 178 14 178 223 223 189 59 66 152 34 123 218 36 171 12 99 7 0
159 121 114 168 203 200 8 85 151 134 31 50 160 79 121 58 209 210 178 104
144 14 224 186 114 121 205 223 182 66 186 181 121 215 218 241 65 242 87 148
192 186 159 210 93 142 91 245 11 251 218 42 87 121 203 108 173 121 182 121
189 50 251 50 121 106 217 170 121 10 0 171 106 87 181 26 50 14 21 165
58 158 96 250 25 34 58 28 147 160 35 102 182 250 106 153 58 114 27 108
138 28 182 113 212 191 176 106 77 212 102 207 56 179 218 113 123 87 87 25
114 178 173 121 106 56 25 7 113 50 122 221 112 134 245 234 82 186 211 59
102 163 218 96 26 111 94 231 248 242 21 10 12 114 13 137 218 94 150 179
58 18 127 93 100 179 25 87 135 231 153 114 223 114 19 196 85 104 135 242
112 195 4 242 14 182 182 20 166 66 185 223 50 212 94 178 242 114 21 14
209 128 197 196 26 87 111 100 250 2 152 248 134 240 231 121 108 182 216 46
65 211 93 31 237 121 111 196 23 87 114 54 210 248 7 99 108 242 66 121
242 182 199 66 222 216 96 26 186 108 27 188 236 33 57 121 74 114 14 19
107 147 103 87 135 21 94 231 20 160 96 210 200 192 26 91 81 212 146 21
221 218 103 229 113 114 121 196 99 189 251 173 103 181 173 69 193 212 215 159
23 5 230 87 14 96 151 103 121 182 109 114 235 113 221 223 247 141 173 24
242 127 93 82 114 144 154 227 120 234 121 200 58 87 14 121 50 121 181 121
50 216 106 72 186 108 141 12 158 158 218 242 66 103 75 203 127 21 14 128
58 107 250 12 218 69 91 128 24 123 25 121 114 121 205 223 159 114 27 58
201 35 253 35 207 12 158 198 251 135 242 57 7 82 93 163 212 100 175 177
243 108 141 245 192 121 114 14 170 121 160 111 104 223 14 23 0 35 53 114
160 211 56 218 102 242 136 31 14 186 168 113 152 114 87 209 218 212 107 209
142 216 108 141 218 151 158 158 103 34 200 1 211 223 35 250 200 251 173 223
58 69 50 243 21 48 242 83 196 219 210 34 205 185 186 12 20 96 66 42
160 131 102 185 93 218 105 242 87 14 23 128 201 242 66 66 121 111 223 0
176 215 87 209 13 87 42 121 188 106 235 45 251 57 35 186 181 92 242 200
242 135 21 212 11 208 245 192 186 160 103 181 230 96 231 87 28 3 152 230
26 127 94 30 127 21 56 91 194 104 135 109 242 200 26 253 42 50 87 121
185 230 144 14 218 243 177 114 27 192 239 227 108 185 31 104 121 120 29 121
201 121 92 45 88 152 242 14 186 181 62 173 242 83 152 170 177 121 243 200
74 137 83 242 90 30 225 12 252 192 31 114 252 192 50 201 121 35 30 12
205 178 147 121 111 242 178 26 87 50 91 121 205 211 165 152 147 50 23 87
245 211 11 162 41 245 10 46 58 208 58 72 41 212 96 122 159 118 14 50
179 148 237 164 218 135 121 65 193 242 14 58 218 103 50 65 95 182 51 121
185 10 65 38 21 66 214 6 103 135 242 179 103 66 62 168 186 203 225 223
