223 20 14 28 18 94 242 66 82 192 186 19 170 170 239 142 48 174 23 0
102 104 7 135 242 159 230 87 121 122 250 174 200 26 241 174 14 45 31 114
58 194 14 186 186 170 103 34 41 95 70 21 103 105 2 51 238 108 186 209
160 198 165 253 86 96 136 187 163 174 35 170 34 144 82 195 104 231 2 232
181 182 66 96 151 50 209 148 62 158 21 215 108 92 158 212 65 91 103 87
218 65 176 114 24 108 178 163 174 14 205 231 212 96 50 122 109 42 200 58
161 163 96 58 148 245 112 38 76 185 87 186 186 20 96 96 66 42 92 107
58 50 0 241 87 96 127 104 114 121 170 121 248 194 215 23 131 185 189 189
242 76 186 186 181 97 228 218 66 87 121 106 122 37 242 113 231 216 122 96
242 21 108 44 69 26 190 215 218 46 66 121 26 158 7 50 216 122 26 42
159 121 114 168 215 218 179 218 218 255 251 50 152 53 104 71 227 230 138 147
100 200 138 96 240 242 178 61 230 250 50 242 99 136 221 110 120 231 122 26
185 215 218 212 114 14 242 200 78 121 137 26 91 23 122 42 158 123 134 121
221 92 158 96 241 158 215 96 121 114 108 178 26 181 223 142 42 53 11 96
97 83 231 45 242 45 73 19 62 148 178 106 197 30 121 99 94 242 182 113
145 38 96 247 96 186 96 26 240 201 50 242 127 242 82 91 223 101 121 96
175 177 103 12 96 112 242 127 241 121 205 253 14 121 223 114 159 223 14 14
221 218 242 190 103 113 16 189 251 173 197 135 121 192 105 69 211 191 242 244
10 34 31 216 206 146 16 233 135 243 242 178 34 152 182 215 127 58 178 97
221 26 161 50 121 110 114 200 22 247 186 203 9 106 173 65 151 121 2 13
114 223 23 23 230 242 87 152 26 241 50 163 50 191 135 242 182 20 108 109
50 247 244 121 151 243 242 113 197 12 100 170 14 121 136 147 16 121 102 121
58 223 114 27 235 108 72 92 82 121 28 168 195 147 19 121 176 242 21 76
107 50 147 123 12 106 235 197 58 47 114 37 45 121 199 161 200 50 72 16
221 218 242 182 113 212 96 10 182 176 188 160 212 14 185 190 111 200 46 241
211 122 96 26 91 245 62 173 121 121 159 223 14 35 212 182 28 242 200 26
145 114 27 192 186 108 26 103 108 242 250 248 181 7 200 233 192 215 194 14
18 253 178 215 121 248 163 58 218 182 151 121 242 164 176 221 26 93 205 103
201 239 105 158 168 191 121 2 182 182 58 56 158 50 2 102 196 114 200 47
248 135 137 215 174 200 174 46 126 218 182 58 71 25 136 106 186 180 240 176
194 14 24 159 31 135 242 14 112 216 122 250 2 16 235 82 186 108 133 174
158 50 148 38 121 86 250 50 251 33 240 115 83 92 158 173 160 240 100 26
58 227 174 252 192 227 26 136 123 176 160 176 9 148 230 212 96 50 251 173
58 120 121 200 48 118 191 42 108 247 122 26 110 170 181 87 78 82 207 56
253 95 231 141 215 178 64 223 200 114 27 93 96 212 231 242 14 173 69 50
58 218 254 96 77 26 181 7 122 26 50 122 26 200 96 45 144 208 158 52
41 147 121 243 164 218 242 42 121 114 38 220 96 186 119 114 121 111 200 96
107 16 108 242 87 218 242 14 247 87 14 96 112 182 182 51 121 148 242 87
179 12 195 123 12 237 123 12 135 135 125 16 51 243 215 114 58 13 128 144
41 212 178 122 108 138 128 121 96 202 96 121 141 212 50 38 96 186 114 223
37 196 108 24 23 198 12 154 95 65 121 121 136 200 148 96 232 201 174 16
242 200 26 241 218 105 245 76 121 38 218 123 50 33 212 121 58 111 121 209
10 245 247 208 123 19 121 205 241 175 242 14 148 242 182 236 147 123 135 121
31 50 27 122 42 26 170 125 0 203 23 218 216 122 208 158 96 96 50 106
58 223 241 174 148 96 121 231 223 72 152 23 182 58 135 21 0 196 230 114
160 111 96 96 231 241 182 215 218 188 182 251 41 212 185 113 77 204 121 245
16 242 203 170 189 14 91 242 200 50 50 2 152 170 42 108 242 200 127 26
158 158 163 170 242 14 113 6 72 84 103 75 2 91 12 173 69 151 193 131
58 194 158 22 97 42 223 50 215 158 75 174 200 209 28 126 218 218 195 251
50 23 175 212 182 96 38 35 114 163 186 148 144 234 170 177 182 176 26 181
201 114 135 193 160 8 24 16 121 182 242 200 215 25 242 127 170 159 123 121
138 251 42 240 121 197 200 42 58 242 200 26 148 26 6 151 160 245 160 128
228 50 152 108 138 252 26 218 96 50 63 126 218 71 50 27 58 33 185 61
221 26 245 62 232 197 242 61 113 232 158 96 26 241 8 85 96 42 34 210
160 160 215 218 113 29 252 24 16 211 165 135 242 108 2 66 12 30 121 115
96 121 114 193 23 114 108 247 12 195 87 27 28 46 216 50 66 121 58 163
158 56 210 146 164 96 223 215 142 114 27 192 105 87 93 195 69 151 103 236
221 80 210 108 24 102 90 187 234 48 77 200 242 170 53 56 135 121 58 240
138 189 151 121 182 245 58 194 158 158 106 116 121 96 12 182 189 196 139 3
253 10 18 122 186 108 250 250 50 5 242 51 96 22 22 242 120 147 231 73
158 251 39 230 87 241 25 96 121 176 37 152 150 242 200 184 250 179 218 38
242 159 210 87 158 50 171 242 200 63 113 7 94 191 72 87 135 172 151 56
251 253 69 196 108 26 9 114 123 135 201 3 4 93 215 31 131 243 123 231
192 227 174 14 96 26 87 103 127 200 152 141 108 148 182 1 223 186 114 160
