58 34 170 2 178 34 6 189 242 42 185 31 230 87 1 91 242 211 170 127
91 147 244 164 218 210 185 103 181 121 189 251 231 250 205 75 253 194 23 12
192 186 158 26 50 213 113 242 14 186 246 121 115 227 174 168 203 19 66 208
221 12 151 209 87 154 121 87 14 230 85 23 99 31 114 72 231 121 12 85
242 89 114 27 58 50 251 173 242 0 19 196 96 106 87 27 168 250 50 67
231 199 135 123 200 58 246 253 50 223 50 4 251 179 245 145 93 12 96 19
58 13 136 121 7 247 114 114 121 200 96 107 50 110 164 16 223 135 178 0
231 146 160 11 162 121 53 14 186 181 151 231 121 11 107 252 186 106 197 250
40 28 182 96 58 133 50 240 193 247 173 185 216 1 194 14 77 26 42 108
151 121 182 207 208 223 14 186 186 173 121 198 215 159 178 223 186 251 190 189
58 194 14 251 152 178 242 11 219 113 164 135 242 0 87 70 23 62 243 123
205 194 14 38 19 186 111 186 50 207 165 152 219 12 45 14 22 192 121 205
58 16 59 42 198 12 205 65 141 45 182 151 124 175 53 45 23 23 56 218
164 106 203 77 157 103 113 174 87 244 121 151 147 121 114 121 121 107 87 16
141 189 75 174 114 100 85 152 250 42 58 50 66 242 234 2 200 250 179 12
242 191 42 23 58 214 212 100 244 7 104 160 104 218 96 13 87 164 50 136
74 23 99 242 23 164 218 242 182 58 58 79 109 199 32 29 121 114 210 242
163 253 159 115 242 200 183 75 108 34 170 21 209 194 186 108 26 66 112 107
96 231 242 219 57 127 242 157 113 212 102 242 82 186 221 26 111 65 73 31
179 186 186 108 83 11 111 231 90 121 151 182 216 207 242 250 50 30 52 35
50 201 121 205 34 27 245 231 32 102 194 255 77 63 163 219 186 108 151 160
58 209 151 147 177 62 35 87 152 170 62 178 52 58 93 87 121 215 16 255
104 121 198 121 214 121 182 196 215 58 218 51 240 10 240 148 215 218 24 102
160 189 189 56 231 248 163 50 64 123 136 27 211 87 168 61 248 114 121 181
221 0 218 96 212 46 66 42 114 223 120 16 114 109 121 9 242 66 110 104
58 218 158 91 244 160 41 212 212 188 33 173 56 121 215 200 158 242 179 87
221 218 126 252 218 50 125 108 182 72 114 27 164 50 176 215 218 108 46 137
158 103 109 121 151 121 192 37 215 218 204 215 121 174 35 114 131 85 66 121
117 56 91 10 108 251 248 158 163 107 24 16 108 178 251 212 96 42 186 211
160 227 125 170 123 66 173 94 200 218 51 158 160 50 23 8 26 241 218 96
163 174 195 246 96 121 35 147 121 209 106 175 115 164 17 73 113 106 87 96
242 42 202 114 186 186 93 185 32 121 7 50 131 106 203 103 3 146 173 251
74 194 121 182 180 204 127 54 96 26 96 26 50 50 0 32 240 160 114 121
201 69 161 50 108 11 104 152 71 186 247 133 250 212 191 74 158 21 21 1
185 218 128 223 135 165 103 152 114 42 108 26 103 215 12 103 48 87 14 185
64 186 186 114 2 172 242 66 121 103 50 27 26 218 204 108 114 72 134 25
20 14 26 103 0 201 121 114 37 242 113 165 152 141 242 200 26 128 242 66
158 96 50 216 56 186 114 27 114 108 173 24 147 51 144 82 106 1 243 160
163 50 182 4 182 91 203 152 218 210 12 95 10 173 121 114 195 144 92 242
11 208 158 91 223 113 174 152 147 121 8 27 192 178 239 158 50 242 21 255
158 186 108 26 240 114 93 135 28 61 113 121 20 14 148 138 185 87 96 121
253 121 252 161 108 26 96 211 243 203 123 121 192 178 121 114 62 147 252 108
158 91 158 96 151 182 19 238 82 185 12 11 173 223 190 223 233 200 50 254
97 158 121 218 96 229 218 58 17 83 170 103 212 107 24 253 65 14 247 227
24 147 212 160 241 25 114 121 245 192 50 108 87 208 83 112 108 25 22 71
253 66 240 75 1 10 73 0 50 61 32 151 121 160 87 87 111 123 66 19
221 56 107 152 9 58 189 242 200 26 241 87 70 152 91 147 123 92 135 200
58 107 16 114 27 52 182 102 215 19 14 170 177 92 191 42 123 46 12 29
163 253 220 152 239 160 237 121 87 93 135 121 252 50 72 236 14 38 186 203
189 196 123 38 226 185 75 87 45 106 241 241 87 96 66 121 50 210 182 33
114 223 114 108 203 229 247 230 45 12 26 175 48 0 123 20 96 113 10 176
192 186 148 174 138 96 121 50 121 143 14 223 251 200 50 148 182 38 253 139
58 95 242 14 2 136 200 6 205 253 251 96 200 51 51 121 114 14 10 251
163 205 10 74 108 242 250 179 141 144 223 23 150 114 66 25 121 96 218 148
185 194 14 188 178 173 251 199 212 50 5 75 108 242 127 91 211 202 197 42
196 114 121 96 50 242 182 250 144 200 209 158 96 151 182 113 106 185 77 110
58 252 150 196 85 151 21 108 48 85 176 75 197 252 192 168 151 182 62 168
158 253 242 200 38 96 114 195 14 251 173 2 251 216 196 50 60 178 48 103
163 253 121 253 43 223 113 69 163 85 179 75 182 77 44 57 35 186 181 12
151 242 231 50 152 175 223 186 127 21 14 240 176 144 243 115 216 251 179 253
121 114 205 210 182 176 244 23 210 95 95 199 231 69 5 123 34 200 200 250
209 158 251 67 242 244 87 78 104 121 50 247 74 189 227 174 250 179 24 159
58 13 248 135 50 30 95 133 50 173 223 189 170 118 200 10 219 204 151 121
57 121 182 96 231 176 215 189 35 114 223 186 108 114 134 39 87 158 65 128
