201 175 113 106 87 27 122 79 104 135 22 242 178 87 93 219 135 21 56 25
96 173 199 103 34 243 121 124 164 181 121 197 50 122 186 207 202 32 138 218
158 184 250 179 218 242 165 173 121 69 219 236 114 14 10 137 200 84 242 108
50 236 72 76 248 70 196 186 140 12 223 114 114 181 160 170 121 96 121 176
192 251 218 96 242 250 176 43 164 135 244 241 12 192 173 251 19 224 96 106
37 193 26 50 108 84 244 50 172 215 159 121 127 121 200 58 181 13 168 135
8 106 251 128 123 135 130 160 122 141 194 14 27 186 148 183 96 251 173 242
177 103 102 137 83 242 151 69 96 182 38 58 96 91 121 128 137 158 103 103
114 168 152 95 176 200 126 218 242 82 163 174 114 0 87 135 108 196 26 96
121 234 170 121 114 243 57 152 114 114 184 23 245 51 248 232 160 189 245 236
242 87 116 3 148 96 69 199 153 137 242 178 236 179 52 114 148 245 120 192
50 136 243 135 130 87 107 25 135 121 50 122 186 181 12 137 223 110 151 20
220 152 111 182 163 176 48 158 232 242 208 50 242 82 251 6 242 162 23 72
58 218 13 181 220 17 201 210 2 3 87 72 152 136 135 30 58 106 114 114
163 253 251 199 50 254 215 218 251 121 192 65 160 242 126 218 179 45 242 200
107 252 102 179 197 195 27 186 108 192 51 251 215 7 25 114 218 96 50 50
68 170 23 114 168 211 81 209 1 208 50 182 85 216 113 212 152 2 14 161
179 105 87 96 6 159 128 168 71 113 106 27 211 182 244 36 42 186 163 178
226 247 231 209 96 135 242 121 62 200 136 142 137 87 3 241 218 96 66 231
114 26 50 95 241 87 91 87 96 100 152 76 182 26 240 239 76 189 107 252
50 26 162 116 19 231 215 231 135 113 109 33 170 62 173 58 254 181 121 181
58 91 16 138 248 50 108 152 209 158 96 254 26 0 168 108 185 230 14 230
192 186 240 186 20 141 215 26 241 218 96 114 240 210 164 218 50 242 87 71
96 66 121 245 58 218 96 50 206 109 50 233 96 74 144 121 189 247 25 21
221 17 218 218 51 242 21 113 176 122 108 173 242 200 242 200 175 200 73 159
137 215 218 191 176 92 45 79 231 108 121 248 110 243 123 200 236 35 108 165
185 194 104 16 31 94 23 216 108 114 218 216 122 108 242 179 136 123 136 212
115 50 108 114 148 103 12 114 114 158 253 10 181 43 27 50 50 251 84 201
234 209 14 121 114 14 23 215 218 210 114 170 77 113 151 243 121 127 178 178
253 121 253 121 222 151 121 182 96 176 141 174 114 235 52 52 248 72 240 121
39 123 218 198 127 184 14 85 176 253 58 13 136 200 210 113 34 123 184 14
58 135 242 75 208 87 208 69 160 158 103 164 24 185 215 62 242 242 200 37
50 223 50 110 30 66 253 164 50 73 31 99 242 190 0 96 114 108 114 121
242 21 188 10 58 87 241 96 229 50 242 87 14 6 189 251 66 101 185 181
192 154 96 182 15 126 218 242 200 87 7 190 223 24 16 108 179 95 95 34
160 213 128 87 41 95 231 22 141 38 253 107 148 218 242 82 24 16 36 62
223 13 7 114 37 21 231 121 117 182 88 11 232 253 13 182 51 158 158 103
151 182 248 135 121 195 72 164 122 91 123 196 144 14 114 102 127 178 160 160
242 200 211 191 109 112 205 10 214 253 121 192 114 26 103 181 223 14 148 96
92 120 139 251 12 19 24 121 106 65 73 248 135 242 14 212 54 96 69 231
107 50 72 152 134 31 215 37 67 242 99 75 210 87 204 96 45 114 209 109
58 218 210 121 205 58 200 158 135 108 186 108 91 98 182 198 133 96 26 212
192 223 186 147 121 234 127 82 2 203 152 20 152 31 122 148 218 63 10 35
58 107 50 152 148 179 218 204 135 242 3 248 114 107 135 205 114 131 113 123
160 177 184 191 209 14 135 96 151 121 151 103 87 186 181 23 135 114 37 160
209 245 102 218 144 142 212 182 216 98 205 235 242 200 42 87 121 108 173 185
114 252 50 127 166 19 223 207 66 136 114 181 12 209 168 189 177 210 168 200
209 223 230 121 182 182 223 16 227 90 174 96 242 114 76 0 87 152 127 58
12 114 218 242 200 186 96 96 157 177 82 10 141 223 223 135 242 200 75 253
205 122 250 9 191 152 68 76 207 208 190 87 38 111 103 157 212 10 114 41
58 254 96 142 74 87 214 159 47 10 37 70 152 191 31 135 21 5 108 108
192 67 242 203 196 74 208 200 108 178 106 108 251 29 240 121 114 233 41 244
58 135 135 121 117 121 114 195 227 108 8 12 87 230 182 5 50 56 96 223
59 181 164 65 0 220 87 32 21 221 218 24 16 108 109 242 151 147 231 223
194 163 174 200 42 184 83 212 192 122 186 159 143 114 186 108 19 23 0 231
58 218 160 241 25 120 106 108 46 114 27 186 108 250 108 52 176 173 105 223
10 245 104 135 242 231 27 108 121 223 154 242 110 106 87 168 41 171 87 19
114 178 168 189 20 14 96 215 201 203 204 231 5 227 223 135 121 248 223 219
242 200 26 42 214 96 182 231 58 182 26 58 96 244 81 160 181 87 230 245
205 37 23 163 113 100 203 152 26 170 248 135 242 200 87 27 207 135 53 193
245 92 2 195 16 2 14 186 181 159 10 9 73 102 20 148 218 242 28 182
201 192 122 26 96 160 245 131 211 189 122 252 211 94 104 121 96 240 199 224
151 121 151 121 121 120 242 136 200 96 250 240 219 22 173 121 210 2 14 47
58 50 108 182 58 200 50 254 242 200 58 220 96 96 42 219 27 196 67 34
