201 197 95 181 147 121 160 215 234 26 186 96 186 42 164 114 114 13 186 108
114 152 159 121 182 233 100 151 121 2 14 45 114 121 205 158 148 242 19 45
10 24 147 231 50 164 218 106 164 61 114 108 121 87 34 122 186 174 148 96
37 242 179 12 74 135 121 248 135 128 158 114 67 12 195 198 178 173 200 242
58 218 50 251 225 251 152 133 218 159 197 50 201 121 147 121 177 34 136 200
58 194 14 65 0 210 240 154 46 87 83 254 216 122 50 56 41 71 42 32
231 210 35 158 114 136 114 223 50 27 109 89 181 87 151 217 121 253 121 192
114 235 19 242 87 14 23 223 23 242 193 48 109 242 82 141 34 186 6 153
230 200 108 223 69 161 148 13 200 97 96 250 12 65 14 121 209 200 96 186
37 5 251 33 123 184 185 34 128 121 186 127 200 104 121 96 245 224 62 108
176 178 83 73 114 29 121 9 2 14 245 107 181 232 231 72 176 223 135 114
107 252 250 113 232 96 25 135 248 241 87 135 2 14 203 3 113 135 92 16
102 137 207 135 242 200 197 96 96 250 216 122 50 193 212 2 218 218 215 25
245 69 106 189 114 192 223 221 218 246 242 200 95 14 178 11 138 174 72 7
104 135 163 253 74 7 101 121 50 110 236 108 121 58 93 200 96 121 58 181
158 108 121 96 35 186 34 2 184 20 96 250 181 121 41 177 203 152 192 251
242 69 90 35 114 235 203 189 113 103 50 66 83 24 121 172 223 218 91 242
138 151 158 130 12 104 186 95 136 12 192 239 235 242 250 87 50 218 51 69
231 242 147 248 33 114 27 105 235 188 245 232 95 121 189 28 189 25 27 251
158 189 87 60 175 177 21 242 114 200 96 50 201 121 96 231 73 113 73 114
192 14 159 250 179 12 205 45 230 31 122 205 58 241 19 16 87 220 42 7
52 59 93 12 122 114 168 231 159 251 50 229 208 192 121 58 14 51 158 30
10 221 56 196 114 26 200 159 121 87 203 135 10 235 30 136 114 176 26 147
209 160 41 219 242 14 250 235 26 181 6 212 234 14 251 139 182 242 23 98
26 144 234 2 203 231 165 179 134 121 195 184 26 186 108 99 23 187 203 117
245 243 177 121 133 103 50 218 232 163 106 122 250 108 141 102 114 56 77 119
58 218 73 114 168 242 106 95 216 122 0 121 205 233 218 9 21 56 208 242
106 131 114 121 235 163 94 121 194 135 199 82 94 224 108 211 34 218 94 208
158 211 167 103 108 26 207 179 12 250 152 163 113 212 10 146 153 114 131 128
91 251 173 58 103 50 5 140 7 186 72 25 23 190 86 94 199 121 2 251
16 131 135 21 0 83 179 95 231 160 240 58 194 82 147 71 242 82 141 131
37 248 163 12 114 148 218 63 58 14 151 147 121 137 186 151 96 231 114 121
158 175 197 221 181 87 42 147 135 121 242 114 72 136 114 96 184 18 94 186
243 108 147 121 103 121 2 87 14 152 2 6 82 252 239 56 25 113 135 114
176 70 12 192 227 209 10 242 182 182 215 200 13 136 233 82 82 140 114 223
230 19 163 223 114 26 96 96 113 12 99 72 121 108 251 136 205 151 23 62
173 178 69 121 253 158 123 62 178 121 181 34 164 138 218 113 14 131 134 87
58 218 151 244 158 96 241 251 66 218 65 182 208 58 194 231 151 158 35 192
107 135 114 223 230 101 127 14 40 255 27 186 192 114 225 41 83 242 200 96
148 106 135 242 82 158 16 242 21 26 189 242 87 248 25 210 200 37 251 113
221 174 218 182 176 212 14 42 196 216 122 186 108 161 108 11 240 163 253 158
24 147 121 187 72 87 244 248 163 215 186 186 58 18 3 144 208 12 192 174
114 112 160 152 147 45 170 121 205 10 212 182 134 152 96 96 113 77 242 162
58 223 135 159 14 67 227 205 147 121 185 48 113 106 164 218 209 160 41 158
245 24 3 50 242 87 14 191 23 201 121 199 148 242 127 140 189 73 66 121
242 200 26 108 42 103 82 94 196 85 242 85 146 181 101 185 255 111 148 58
158 242 82 222 160 65 34 150 131 22 50 211 242 87 25 196 132 122 26 83
219 34 206 250 203 218 218 106 228 108 178 183 85 71 50 1 131 16 223 186
156 144 82 164 218 215 135 171 170 189 123 242 182 127 200 50 251 148 108 185
148 158 160 7 50 77 197 231 204 35 186 108 219 58 96 176 204 244 163 218
194 178 12 242 14 180 114 121 104 135 208 192 21 111 151 243 158 121 114 29
245 52 87 181 170 121 102 242 208 108 196 26 19 193 48 85 160 227 159 34
128 121 242 121 45 114 215 42 87 31 135 135 14 223 69 219 100 190 196 38
58 181 87 78 177 218 96 118 208 58 161 26 103 113 108 26 131 203 27 58
185 176 33 88 104 0 231 186 114 136 114 27 122 96 160 58 218 96 251 208
107 135 200 152 91 175 71 186 95 121 99 104 106 23 31 135 5 235 135 50
58 218 232 121 127 162 76 31 25 71 158 118 27 186 207 123 231 135 242 14
50 62 158 210 87 203 5 123 163 93 13 223 113 195 121 114 187 186 108 19
58 238 178 151 188 231 121 163 107 23 123 152 146 137 114 40 240 52 5 131
109 137 181 71 241 239 220 141 215 135 191 158 218 71 252 55 2 14 239 158
205 121 63 26 113 140 199 23 242 101 231 243 219 248 215 147 147 121 184 79
243 142 103 34 200 242 179 2 14 16 121 128 158 235 242 200 211 121 87 21
247 212 121 215 134 16 231 114 23 114 200 108 114 27 58 227 66 87 121 242
24 28 147 200 41 152 114 236 121 137 188 250 109 193 0 3 209 104 188 45
