185 194 6 151 121 248 137 39 241 218 192 65 20 148 26 241 218 224 250 179
16 211 223 228 195 184 72 130 133 218 245 111 158 50 80 21 23 87 121 209
28 58 65 182 182 216 122 50 26 103 95 152 108 211 220 186 252 62 187 158
163 176 160 212 103 203 108 23 186 218 182 216 176 85 51 109 175 77 201 242
223 114 121 12 179 25 87 209 243 118 14 121 114 108 207 12 114 104 62 147
170 82 83 244 231 27 251 179 170 95 208 242 165 208 235 110 34 223 114 195
253 12 158 96 250 176 113 106 114 152 138 87 96 87 110 16 48 92 71 251
221 50 242 200 20 14 209 158 16 51 158 18 104 135 114 19 24 196 211 241
209 10 170 104 35 204 232 96 107 71 218 218 241 67 114 56 107 135 76 148
205 40 121 242 87 78 62 147 231 223 108 1 242 170 121 182 211 235 34 103
221 24 135 164 218 64 223 114 19 245 234 127 218 127 102 111 200 26 193 113
96 209 200 168 151 70 82 170 121 163 136 114 131 200 18 216 106 11 26 241
58 218 64 121 248 186 93 200 12 52 242 40 69 242 200 208 223 186 108 26
58 158 96 9 111 96 215 159 251 2 16 77 88 241 25 12 251 173 182 69
161 158 194 33 69 238 182 113 236 16 243 177 79 121 248 218 254 193 215 65
163 144 14 32 121 92 208 242 82 182 136 200 209 192 100 85 219 5 0 50
10 243 184 14 72 212 189 196 96 50 242 95 66 165 231 215 108 147 243 211
185 247 186 108 26 108 173 223 45 93 95 21 5 123 218 71 227 16 188 242
58 34 200 26 251 123 12 120 114 87 135 242 200 46 141 105 182 251 199 135
245 211 186 135 7 114 112 114 186 148 205 218 65 82 108 26 111 136 37 104
223 186 136 243 123 135 121 58 218 215 37 255 163 26 215 25 31 185 92 114
228 221 42 123 187 223 0 69 91 253 121 37 19 86 65 38 251 87 12 147
245 91 184 26 241 182 176 153 226 195 11 186 189 242 200 162 50 1 151 121
242 200 73 219 75 42 198 239 216 122 42 93 135 184 121 182 27 186 190 242
160 194 14 241 87 251 134 16 15 194 14 113 212 121 50 219 34 10 26 215
205 194 14 18 242 200 251 179 111 200 46 117 190 14 186 108 255 243 102 137
223 189 251 244 160 114 121 114 135 114 114 87 30 42 186 114 92 45 240 152
163 174 11 126 191 136 212 121 181 69 230 184 96 96 96 50 251 173 69 123
158 96 114 112 27 163 95 66 41 158 34 103 87 194 23 0 113 106 239 84
163 174 200 51 121 242 200 186 186 108 186 61 1 17 234 209 121 253 100 224
10 50 23 177 92 114 108 121 114 192 247 24 147 158 160 158 230 120 87 152
185 189 74 190 38 78 161 144 241 21 135 147 218 135 175 177 12 114 114 35
11 66 83 158 96 250 208 230 189 133 218 96 251 50 1 212 96 151 215 134
145 189 103 152 170 121 130 87 158 108 56 117 245 102 168 114 223 50 84 67
160 243 11 46 83 41 190 248 62 166 103 241 85 66 242 221 42 218 212 178
65 189 113 182 38 158 103 69 151 251 216 152 108 20 126 230 103 0 35 131
37 240 219 218 242 127 242 113 106 131 223 200 50 148 96 168 159 23 14 230
192 185 189 28 186 186 151 121 176 242 200 208 242 170 21 23 95 208 238 121
209 243 110 135 92 120 23 163 31 114 14 35 108 221 203 16 108 93 15 181
185 194 231 152 164 107 14 224 96 71 131 218 51 123 65 121 106 187 72 95
228 200 96 45 127 188 178 146 223 190 105 211 105 245 112 96 38 96 205 251
16 193 247 114 108 146 101 34 33 248 163 174 200 239 18 104 95 232 54 212
145 218 242 113 69 219 26 170 85 14 73 25 121 163 102 128 242 212 96 189
57 185 76 215 218 25 242 165 113 196 114 223 159 96 112 1 10 50 193 11
186 65 242 136 114 4 13 123 184 212 200 26 215 96 42 212 146 104 135 125
65 193 27 189 168 218 210 87 181 203 76 14 185 111 242 87 66 0 148 124
199 31 131 113 65 242 200 27 186 108 104 134 114 41 160 182 212 36 50 152
106 27 58 194 182 151 31 25 66 192 218 242 14 231 223 105 227 87 121 96
59 58 194 14 218 96 50 0 26 111 251 251 66 178 23 62 178 114 144 82
228 200 96 215 26 191 87 167 148 215 218 215 218 96 121 45 22 231 242 196
242 21 152 210 65 141 85 189 12 151 243 242 200 83 65 23 56 96 121 8
245 4 14 114 27 27 150 96 233 178 144 177 33 223 135 136 200 250 242 200
58 16 130 23 218 177 21 2 200 10 103 108 102 22 96 212 106 10 51 104
163 253 40 87 7 215 108 159 59 152 26 50 8 189 147 160 170 212 100 104
58 13 87 0 21 201 237 44 108 173 243 173 243 225 164 218 242 208 50 5
58 218 215 218 96 79 200 205 186 96 96 107 71 19 231 173 251 113 123 26
50 82 98 153 58 210 200 246 50 251 96 250 235 230 182 113 176 165 133 174
163 107 93 135 142 195 238 230 99 23 95 231 199 66 42 12 16 102 158 231
128 208 58 144 241 189 50 26 108 212 64 136 242 200 96 121 253 138 151 147
160 188 65 69 219 158 144 82 158 51 103 50 207 12 242 200 215 210 136 127
228 200 78 114 27 4 188 180 212 96 242 14 77 108 186 108 221 12 242 87
245 113 106 108 42 186 93 135 21 56 25 121 95 251 56 113 135 121 58 28
163 174 114 108 217 102 242 196 116 170 2 152 26 4 41 175 118 14 121 10
185 158 96 121 74 1 243 103 0 2 152 216 139 11 24 87 6 103 113 95
