252 192 80 251 123 218 210 31 105 158 108 182 159 242 14 239 96 173 10 241
173 158 18 31 122 96 45 27 231 121 205 35 114 205 245 112 51 123 21 109
228 21 146 121 39 164 50 114 233 154 240 96 178 148 26 108 186 186 103 241
40 10 151 1 173 231 121 176 103 34 193 136 200 251 141 212 121 248 215 135
245 218 51 135 121 160 244 242 200 14 186 127 122 192 178 59 184 14 186 96
58 50 206 189 194 231 113 42 143 104 135 21 4 104 218 123 121 181 114 27
221 251 26 170 87 121 70 96 112 113 106 152 182 212 136 102 242 66 12 173
58 218 171 121 192 235 226 241 25 96 87 121 151 121 8 250 108 11 104 96
91 141 223 50 182 133 242 14 109 186 96 186 186 211 218 245 113 148 230 205
58 194 14 26 215 197 170 37 172 216 106 146 242 127 114 201 121 200 208 186
58 194 23 0 186 108 100 239 231 88 135 50 75 183 231 104 196 106 121 106
245 232 244 205 121 197 96 113 121 221 137 186 47 164 152 252 135 242 127 251
146 16 109 121 82 177 104 33 216 158 103 58 75 200 46 170 48 103 218 50
114 37 122 214 209 148 114 148 211 14 121 181 121 208 137 26 209 87 168 189
161 108 46 186 26 241 50 0 121 8 218 242 66 42 12 31 114 33 135 158
58 13 123 136 50 248 145 35 181 230 178 212 96 38 118 14 109 31 215 121
151 121 151 231 121 30 181 127 178 110 66 121 108 199 121 128 223 181 218 71
223 50 31 139 242 87 12 205 239 72 104 12 158 138 45 23 121 151 121 205
224 28 200 168 161 96 50 56 28 104 45 176 215 108 26 91 64 91 242 200
145 159 111 251 248 50 93 47 87 241 180 87 209 50 148 67 85 239 121 114
163 253 209 106 197 106 30 113 106 48 243 123 104 135 136 242 127 242 250 21
114 195 168 76 18 114 168 203 255 232 212 121 126 211 11 113 64 84 8 242
170 251 121 205 203 120 223 14 87 19 3 3 108 19 186 19 186 203 181 62
161 242 2 200 186 158 103 66 67 27 58 13 234 152 126 114 108 164 58 167
160 158 242 141 103 87 121 153 114 223 218 242 250 87 135 2 14 174 233 218
160 92 45 39 242 42 136 27 130 39 207 56 208 186 170 242 170 121 81 177
122 107 252 52 58 13 87 212 96 113 77 7 135 58 32 121 189 75 252 235
242 200 169 87 50 95 121 58 208 242 87 14 219 114 215 209 242 200 109 121
9 161 50 1 230 26 83 245 102 58 218 175 121 30 62 168 20 96 96 26
10 144 14 14 186 26 241 87 135 39 50 75 87 247 11 83 87 158 103 62
96 94 207 30 127 200 193 4 215 42 243 216 122 26 50 254 196 26 16 73
211 79 90 142 243 239 11 104 140 243 147 123 121 242 19 186 26 87 111 240
16 131 85 251 152 252 250 87 186 19 127 241 112 212 24 82 121 195 136 200
209 10 122 186 96 96 6 120 137 211 73 182 250 196 151 158 45 86 215 87
37 19 245 102 45 34 200 114 114 121 35 186 135 114 103 181 203 123 66 56
221 218 245 176 144 82 20 141 218 71 122 26 93 12 50 87 226 215 16 11
242 66 12 87 27 109 16 193 3 108 86 63 82 211 186 131 158 197 96 171
88 14 151 96 201 231 121 138 114 121 120 139 210 2 250 7 181 16 188 114
97 158 168 252 250 106 123 26 240 200 113 163 27 96 151 96 66 217 212 64
58 50 108 69 244 21 56 209 242 210 22 96 50 108 35 108 14 31 216 122
112 27 12 218 191 32 177 87 135 16 60 14 231 212 242 127 2 232 196 242
58 93 57 12 185 247 30 12 170 200 96 250 176 242 87 231 77 179 0 185
58 159 152 11 188 126 135 82 252 52 86 201 34 195 189 174 227 18 144 14
242 200 230 75 170 239 96 215 200 51 251 152 45 121 182 253 115 121 151 158
192 122 186 50 0 158 218 65 242 127 104 239 56 106 108 23 227 103 207 21
145 108 96 66 39 152 108 173 153 137 45 188 63 151 160 216 236 35 114 163
114 178 59 148 246 242 200 144 2 14 121 127 191 233 162 241 69 242 114 223
31 114 121 181 189 231 72 66 87 7 178 163 174 193 144 14 156 253 136 131
151 185 223 103 50 26 87 111 121 245 112 215 87 168 250 50 21 242 106 21
221 158 208 50 108 178 26 170 242 66 127 173 242 200 161 218 218 96 251 66
107 71 209 101 121 242 127 248 152 158 208 58 142 166 82 2 152 113 152 138
253 254 96 96 170 77 236 50 27 93 121 111 10 215 218 96 231 205 223 14
92 182 242 87 22 133 205 14 239 103 127 11 127 94 211 131 222 200 58 28
205 175 177 0 21 168 82 62 147 121 97 164 194 14 96 177 253 210 56 186
221 158 135 108 36 100 191 69 160 242 176 86 126 186 181 19 160 65 244 87
245 114 121 174 170 158 108 242 113 212 9 138 159 69 105 96 160 215 210 240
228 223 114 203 108 0 102 80 58 12 135 91 20 96 250 87 5 237 38 107
53 14 9 148 230 11 24 108 148 61 96 212 215 171 138 248 135 114 114 114
106 252 195 211 203 103 121 6 136 114 186 108 96 215 9 85 19 152 112 182
185 194 104 71 248 135 242 87 86 212 122 52 218 210 2 50 209 186 96 29
158 96 141 96 50 26 96 136 96 0 49 178 243 123 19 7 186 99 180 151
192 151 121 158 158 96 151 182 96 96 73 62 150 9 163 174 152 81 170 103
185 194 182 230 14 96 113 196 45 27 144 109 186 93 18 83 219 17 185 108
114 218 71 186 134 240 147 104 121 160 227 72 178 141 135 211 121 158 50 186
