158 244 123 248 135 242 200 83 185 73 230 18 186 111 200 55 47 14 173 50
245 46 108 196 26 79 242 200 182 58 242 95 165 154 159 205 69 151 212 121
163 253 96 121 242 182 216 108 173 243 242 179 178 173 65 196 45 242 14 114
108 193 10 218 51 235 242 250 179 218 20 244 186 189 170 91 160 242 14 113
58 218 50 94 200 109 186 73 151 120 121 35 26 170 184 236 195 87 216 152
156 218 182 176 144 241 218 218 113 38 208 242 200 212 64 50 210 182 38 209
221 26 219 215 25 197 19 151 207 121 200 118 95 152 136 114 58 176 108 114
207 21 33 62 197 221 218 65 211 247 243 12 186 7 247 218 113 152 138 71
250 200 58 13 49 185 66 241 87 6 147 14 121 57 96 121 201 251 23 105
253 242 127 3 108 26 50 27 122 42 186 108 239 60 173 14 96 69 242 200
58 194 189 251 152 173 69 194 108 19 200 250 26 50 103 95 113 164 135 242
138 114 58 218 218 198 12 18 56 218 109 242 108 255 121 252 160 164 12 99
58 196 26 83 188 250 218 204 50 163 171 242 82 185 75 22 108 26 142 102
107 13 238 184 186 45 165 100 170 219 22 50 245 38 170 121 137 191 76 45
117 11 66 245 73 87 0 14 136 191 42 186 66 83 112 242 127 21 56 121
58 186 212 146 123 95 23 136 135 114 131 144 177 113 208 136 200 26 96 66
192 186 148 242 136 208 142 108 146 123 199 242 178 200 96 192 105 223 14 61
245 211 14 209 164 223 135 57 83 12 175 106 216 171 158 96 148 96 121 35
50 27 4 215 58 96 121 114 200 45 121 96 121 97 209 105 35 192 197 13
253 121 96 121 182 20 51 121 186 148 216 251 50 74 23 61 197 14 243 160
163 253 241 241 8 229 218 11 208 51 7 135 23 25 23 87 50 163 12 158
242 21 1 186 34 186 243 155 218 71 158 194 108 83 243 198 34 46 192 186
58 50 147 215 219 211 215 121 245 102 242 82 95 151 147 121 186 23 218 233
114 184 108 186 217 62 121 209 100 66 96 219 170 121 182 58 58 82 163 174
112 135 1 242 14 0 203 92 231 14 248 135 105 197 231 205 35 160 63 14
99 223 194 23 114 108 152 121 96 107 25 207 216 42 123 62 159 242 114 184
158 50 1 58 196 26 241 170 96 121 114 27 26 50 160 158 102 251 33 102
242 23 151 65 231 58 218 85 215 168 55 151 251 231 106 251 176 31 114 46
242 114 23 123 21 67 121 182 182 201 45 242 38 94 242 231 21 108 148 245
58 135 212 244 242 50 216 98 163 52 150 152 50 48 76 48 160 201 212 228
242 127 200 250 152 162 81 19 82 186 127 245 218 215 42 114 101 243 231 160
105 223 18 56 62 255 123 199 135 58 114 181 114 223 186 114 72 123 199 135
151 21 148 237 230 131 241 182 182 66 186 34 200 197 96 96 121 121 205 121
252 192 218 51 255 243 204 160 102 242 127 200 242 83 62 30 42 158 243 59
34 36 96 29 122 186 186 114 131 224 239 26 50 4 215 209 148 96 251 148
58 194 55 151 158 163 215 223 14 114 23 87 87 121 53 135 160 241 65 210
175 121 58 253 251 50 33 53 227 123 212 14 108 186 114 121 92 82 223 186
102 58 151 87 216 164 58 218 103 34 200 238 245 71 234 170 14 239 113 212
58 24 147 121 114 26 170 103 21 56 231 5 235 113 187 92 23 87 132 121
102 242 200 186 212 107 218 51 241 194 244 135 121 242 191 212 102 158 116 50
37 146 27 242 121 85 216 251 42 114 27 108 196 253 121 176 242 200 218 108
201 52 172 121 35 135 136 114 181 96 186 18 14 186 131 113 147 160 144 234
209 74 4 104 50 1 135 114 189 168 212 109 121 184 14 50 251 66 152 221
160 92 215 171 231 212 178 148 205 10 16 108 131 242 142 195 63 26 166 207
192 223 189 35 71 31 135 218 67 58 18 165 12 218 141 135 242 113 87 23
57 186 108 19 93 95 14 159 212 96 182 182 1 114 131 114 223 0 93 120
242 14 62 148 9 223 253 121 168 151 21 151 121 182 102 242 66 95 87 14
58 218 152 24 109 175 26 83 91 186 136 95 173 223 173 161 50 110 31 105
58 103 77 108 199 135 121 65 87 27 23 135 103 111 200 11 218 50 173 54
244 186 186 42 218 114 27 121 242 159 114 23 87 135 14 121 100 244 110 4
151 158 212 14 121 108 179 218 71 50 1 242 14 203 176 8 200 163 218 123
198 121 96 114 121 37 104 212 100 108 152 244 19 245 58 218 191 133 50 27
131 211 219 139 85 196 135 145 38 190 242 109 19 98 159 34 105 8 17 218
58 218 243 123 218 96 205 252 208 58 218 219 75 203 134 24 212 102 163 26
79 223 50 152 26 9 242 87 208 170 160 245 171 96 12 45 131 106 37 242
104 135 178 121 114 27 12 35 108 133 242 218 218 106 131 140 218 204 92 127
163 218 94 242 127 200 46 148 26 111 212 50 251 123 95 242 208 235 160 230
201 26 87 144 96 66 96 42 136 200 217 102 160 160 41 103 92 135 91 16
192 67 211 114 23 75 218 135 125 242 247 75 186 212 24 108 121 182 58 217
242 87 78 151 121 182 215 96 107 27 168 178 87 170 159 231 127 182 143 135
58 218 67 204 104 135 242 211 152 108 250 218 105 108 184 51 109 186 95 199
16 108 163 253 251 173 58 135 242 200 136 135 131 50 108 110 244 87 209 121
128 209 239 42 239 84 185 31 186 108 186 243 158 147 121 74 247 193 192 168
242 200 114 250 242 200 26 148 87 38 107 252 192 178 186 201 114 27 11 50
