74 211 10 186 9 196 136 231 21 1 242 200 186 148 65 87 209 201 121 158
237 186 108 8 212 253 56 25 248 230 96 121 250 179 0 96 218 112 242 135
126 218 215 16 51 242 114 27 160 242 138 3 108 113 182 61 185 75 51 168
158 158 215 91 158 51 121 226 121 96 26 158 96 45 254 210 218 242 82 231
58 123 34 12 50 182 171 63 113 212 59 232 66 96 34 184 236 16 131 144
203 102 2 72 242 200 96 138 151 130 182 199 231 201 121 115 186 248 135 114
223 114 210 87 205 151 231 176 215 212 144 208 59 121 159 123 121 203 182 41
253 231 114 121 203 239 242 39 95 164 158 103 75 83 234 127 9 27 102 242
58 13 144 200 211 223 250 182 61 182 216 188 182 242 127 242 136 200 58 228
205 227 231 26 0 44 200 96 112 215 42 25 164 50 152 108 226 158 96 215
192 11 215 66 41 237 114 200 242 14 212 96 38 96 58 128 75 218 210 182
237 30 51 244 242 212 148 218 205 227 50 242 200 96 172 135 109 146 123 73
58 13 159 247 71 203 181 2 87 14 178 173 121 35 130 109 114 0 252 20
114 218 96 58 96 158 96 176 215 71 16 72 104 10 26 83 114 245 170 40
196 193 37 201 253 190 103 120 26 0 14 87 215 96 219 96 50 73 163 0
37 93 19 107 50 152 147 223 222 230 218 181 69 103 50 83 141 0 18 192
192 173 251 120 173 58 121 223 35 114 192 123 187 52 123 121 182 160 194 182
102 128 240 231 108 44 200 24 14 186 3 116 69 114 163 215 223 93 200 242
242 14 180 242 82 123 95 121 181 243 2 108 56 186 186 186 181 12 205 131
117 56 232 107 134 182 42 121 163 17 46 186 147 147 121 182 211 251 221 158
58 167 223 14 42 108 26 186 108 42 114 108 26 93 120 173 182 102 87 135
121 205 210 41 87 208 50 0 251 199 244 182 96 20 196 114 10 135 114 223
63 102 207 164 25 248 223 107 196 205 14 50 251 23 173 10 103 87 209 163
114 235 141 3 108 85 121 138 230 170 121 10 20 96 251 66 174 247 174 61
160 227 128 72 121 8 39 75 50 122 86 174 200 253 96 250 50 108 182 113
39 181 192 95 196 135 115 173 185 77 133 58 223 50 1 151 121 21 198 253
50 50 114 27 186 212 151 104 212 14 171 194 231 165 87 14 230 159 186 96
176 235 212 96 178 23 218 242 200 242 200 84 192 139 14 110 212 170 121 50
228 211 122 235 242 127 28 197 50 233 158 51 123 92 29 31 186 212 32 96
58 194 104 96 151 143 103 103 247 148 175 177 173 210 87 96 219 221 170 121
50 113 16 185 0 127 153 108 197 185 22 184 108 236 16 242 42 0 108 110
114 203 62 148 218 204 127 252 250 211 218 210 114 174 170 195 200 112 46 196
100 200 205 233 121 242 200 39 30 23 163 106 160 31 244 212 96 205 112 86
158 158 96 151 251 160 210 87 121 248 230 147 212 121 34 46 200 93 185 121
58 13 114 27 160 35 186 108 201 34 224 230 99 96 96 103 42 121 95 121
250 50 239 35 108 1 121 158 168 48 50 171 65 138 215 96 50 251 122 186
158 158 106 178 163 253 12 153 46 93 231 242 21 208 189 75 218 218 50 251
24 16 113 212 121 253 209 10 160 96 108 230 91 186 159 50 1 250 212 96
221 209 235 242 200 46 30 87 164 215 218 96 242 241 251 95 66 216 228 221
114 14 121 182 151 121 10 51 84 211 111 197 58 165 179 12 182 152 170 48
37 67 209 109 67 242 252 112 38 107 31 109 151 165 179 245 85 0 148 151
242 66 52 23 122 58 121 131 39 154 127 218 160 242 82 69 199 102 189 242
1 24 16 173 10 114 72 121 153 242 222 50 72 12 114 203 102 128 103 34
58 182 20 96 176 5 31 203 17 114 27 4 24 16 4 245 211 62 173 194
243 102 137 45 208 12 122 4 39 242 87 78 23 87 209 10 108 83 201 105
223 114 19 13 110 0 16 148 131 123 135 247 11 96 247 252 24 14 212 215
58 34 54 14 71 186 186 221 152 211 170 21 103 32 75 2 126 114 37 96
248 147 34 243 160 101 53 208 192 93 218 242 182 182 96 50 206 121 160 233
223 186 72 104 182 253 121 245 11 121 205 223 174 35 250 218 50 73 50 56
186 158 212 11 83 244 242 179 163 73 118 127 48 174 173 223 251 107 135 142
131 104 135 242 21 35 108 108 104 168 135 178 194 14 114 4 104 32 96 126
50 233 188 102 158 158 91 77 73 218 123 242 127 240 219 151 35 186 108 186
231 158 197 96 186 23 50 215 146 121 122 242 189 21 255 236 147 123 199 135
140 135 136 82 106 138 13 87 151 182 244 41 182 178 224 133 218 96 113 248
176 215 65 196 96 26 151 212 158 106 247 14 186 186 96 244 167 186 108 23
242 200 42 219 186 203 4 65 243 91 69 23 150 179 12 237 253 62 61 161
115 218 103 173 27 97 244 135 121 227 174 114 168 114 13 108 131 228 218 74
58 215 25 114 72 0 135 121 22 108 23 87 50 98 87 121 186 181 121 135
173 121 182 2 239 14 180 251 50 160 110 14 23 87 158 58 196 96 45 173
163 176 136 114 108 178 160 69 160 185 167 163 96 96 250 251 50 9 148 158
242 21 139 109 233 212 96 50 78 218 113 212 212 100 192 131 195 242 14 247
223 50 24 147 236 71 234 142 241 218 103 12 114 108 193 243 121 177 37 242
203 1 245 215 92 248 148 242 76 126 159 31 114 168 114 134 33 123 171 179
194 14 26 151 231 231 46 181 230 87 96 151 212 215 178 160 223 16 235 242
