242 200 26 144 78 14 19 158 120 45 10 171 127 16 108 206 173 1 234 0
185 0 163 66 121 203 244 114 121 12 58 0 92 104 242 12 114 104 135 242
145 0 191 87 121 152 108 133 96 50 206 103 135 242 212 170 14 96 121 218
21 254 108 114 121 176 177 69 170 102 2 195 248 114 251 152 53 71 186 16
106 187 131 160 185 135 242 30 66 84 26 0 178 36 96 50 212 11 26 186
243 142 96 212 96 188 235 180 26 190 175 212 14 10 199 231 1 223 114 230
253 121 194 234 90 187 131 158 160 114 27 104 200 22 218 210 147 121 205 233
223 186 186 87 119 121 121 114 114 223 186 159 247 105 158 86 39 186 42 192
16 69 160 111 41 128 51 121 114 205 220 209 158 140 66 121 106 160 121 23
145 203 17 186 114 131 0 218 35 114 195 122 242 200 218 212 11 250 26 170
58 194 14 96 113 248 242 87 78 25 23 110 123 95 212 243 148 182 97 12
97 186 83 240 121 178 125 200 211 186 42 42 214 42 186 193 242 218 20 14
58 218 241 25 242 87 152 69 173 34 136 114 27 186 108 196 253 110 181 133
236 212 38 16 96 87 152 221 104 94 178 94 208 58 194 23 218 242 242 182
242 87 14 77 83 221 52 176 165 152 158 227 223 135 121 114 114 121 176 142
242 200 186 108 133 113 147 96 87 159 14 121 127 121 80 123 152 108 250 92
92 28 182 242 200 138 50 21 122 244 96 73 216 50 50 56 121 218 113 123
10 65 77 151 212 185 111 253 121 69 148 245 178 144 14 121 10 186 46 87
58 218 215 159 34 139 199 231 108 143 83 192 240 121 21 50 98 209 185 234
158 108 136 102 153 150 245 6 31 114 35 159 77 27 26 215 96 159 205 103
247 10 209 108 121 178 106 10 114 218 176 103 23 203 176 248 108 243 130 244
58 194 14 26 42 50 95 121 114 27 50 201 108 163 37 215 160 108 141 174
96 118 108 26 83 160 41 71 173 52 136 65 203 95 66 42 238 18 104 208
242 200 186 83 172 144 121 111 120 160 198 121 95 208 10 108 1 34 94 244
158 121 195 223 191 152 151 158 121 128 171 52 23 198 121 185 194 231 46 173
179 7 108 209 34 20 141 40 16 180 203 236 159 35 35 170 121 176 8 96
201 121 58 242 190 91 103 32 174 96 218 96 50 56 71 164 176 43 223 28
253 121 16 118 239 176 144 170 23 114 223 108 239 59 10 215 174 235 208 158
192 144 14 121 54 96 50 251 109 201 121 182 242 127 242 200 96 50 251 33
158 33 19 240 231 242 127 178 87 119 170 177 77 120 83 244 199 212 64 182
58 50 121 182 26 120 242 87 78 35 114 121 205 185 152 200 253 121 35 108
192 96 201 205 50 138 96 121 176 144 11 66 76 121 158 10 26 0 26 241
223 148 209 58 245 192 215 93 55 151 182 241 182 190 215 121 237 197 250 50
160 41 83 245 11 250 41 197 150 123 127 144 175 121 222 188 248 72 123 123
96 65 127 160 244 231 9 153 114 134 136 87 78 183 94 138 14 96 201 102
38 107 181 21 152 186 135 118 95 127 200 171 158 108 173 121 121 192 122 24
185 111 245 158 218 113 113 209 76 82 32 83 104 10 105 198 73 218 21 230
58 93 225 134 121 215 218 171 242 250 179 218 210 216 98 185 154 103 12 114
196 108 164 135 242 190 177 114 4 104 121 176 106 106 122 186 108 26 6 136
51 121 121 223 114 27 26 96 50 211 241 65 215 218 245 182 215 212 14 96
19 107 24 147 108 90 19 146 123 12 52 150 231 108 121 182 133 231 182 189
245 0 35 123 248 87 7 135 28 39 136 200 242 200 96 50 251 199 50 44
58 135 242 200 208 58 241 218 50 135 242 87 169 175 114 27 197 50 121 158
24 96 45 212 51 121 232 38 10 16 108 173 143 191 242 121 2 3 152 242
192 231 211 97 197 12 203 170 14 108 173 251 199 1 30 170 177 96 219 96
226 158 108 242 30 248 211 170 121 151 243 41 232 245 10 114 114 75 62 219
223 114 38 96 231 14 35 114 114 158 168 45 110 158 182 186 103 12 210 136
112 20 108 221 26 0 92 200 168 195 121 158 108 42 114 194 142 1 13 196
242 23 22 31 114 30 66 96 38 26 170 103 181 0 113 121 185 241 106 14
242 200 86 91 179 104 72 231 160 201 131 109 241 218 241 25 245 253 194 14
176 102 158 18 134 196 158 158 121 121 158 218 148 255 124 93 167 95 121 40
192 186 148 241 118 104 187 242 135 178 173 223 31 211 212 50 216 122 242 136
205 0 114 163 87 23 31 113 121 242 200 96 18 46 6 200 16 52 198 251
74 194 14 19 231 50 135 242 178 100 174 114 235 45 2 242 200 218 96 210
223 114 72 252 52 251 50 21 133 109 186 193 114 242 244 6 190 48 189 50
58 194 189 160 218 216 122 96 250 30 118 179 66 12 52 210 87 218 45 212
145 38 106 218 51 102 134 134 24 147 160 243 242 200 78 2 163 215 28 31
160 245 177 128 252 16 109 158 108 152 244 182 13 248 223 18 114 41 45 242
137 200 22 106 56 117 240 27 144 14 94 231 164 118 152 252 170 103 196 2
185 110 144 14 121 241 152 128 231 27 122 113 147 106 197 108 96 192 148 205
58 218 106 72 158 25 92 223 189 21 131 242 250 12 114 108 52 147 195 193
58 242 82 26 241 218 138 218 242 114 108 139 160 177 188 109 20 186 212 231
74 194 212 96 50 171 108 173 251 200 96 201 114 108 186 103 108 20 51 121
242 218 148 242 200 186 87 209 12 118 152 31 50 248 65 151 103 21 56 112
