253 121 96 21 103 121 87 7 144 208 252 192 186 108 250 209 69 50 9 58
65 151 160 65 103 113 106 105 7 210 87 16 108 98 121 97 18 100 50 11
58 123 12 201 78 114 121 159 251 25 114 33 248 135 144 148 242 19 190 163
102 211 131 242 14 103 75 0 186 181 223 69 50 62 197 24 16 14 34 31
100 170 121 158 160 215 121 106 186 140 102 192 31 105 245 76 250 105 218 158
223 151 231 212 253 71 94 182 170 109 66 182 58 242 178 144 166 62 54 96
58 194 231 148 232 96 250 200 26 28 203 146 31 158 244 7 204 218 121 245
114 178 239 227 151 121 223 50 72 7 223 218 113 212 64 209 247 96 94 24
58 223 159 212 174 94 200 51 121 95 121 193 114 117 182 34 200 250 218 96
205 69 160 120 103 199 135 114 87 135 242 250 23 23 53 114 23 114 135 114
245 188 136 135 135 92 114 114 223 114 186 181 181 19 14 135 135 242 170 231
231 148 96 121 12 96 112 44 200 242 114 38 223 165 182 167 203 18 208 160
242 104 242 87 50 95 196 58 163 73 151 182 104 135 121 45 226 39 242 138
179 171 242 200 83 96 218 21 100 123 159 176 69 219 21 241 122 42 186 108
69 160 103 103 242 189 135 136 195 200 116 208 218 218 51 121 242 200 46 14
96 66 91 65 23 214 14 186 87 241 121 233 14 114 27 108 121 45 55 196
160 211 121 182 113 152 50 243 164 70 122 186 186 181 23 75 42 123 164 178
16 4 215 175 199 177 198 154 152 171 104 96 114 107 186 203 1 69 215 25
58 108 20 141 85 82 162 177 46 76 14 121 242 2 182 75 96 121 182 14
223 151 20 96 67 170 14 51 240 121 9 151 147 121 158 128 103 111 219 197
104 135 242 21 14 35 108 172 216 20 96 241 174 78 250 208 192 186 26 228
221 42 218 148 218 242 200 46 20 14 96 50 56 218 108 185 198 95 143 196
58 218 212 96 113 18 240 114 37 152 131 242 200 157 189 160 237 238 152 113
57 121 58 80 22 65 69 242 208 58 50 144 121 175 177 131 223 50 136 200
58 147 103 108 20 186 108 85 146 31 168 219 196 58 215 9 94 242 191 87
58 143 96 151 182 232 242 12 255 92 71 227 69 215 170 175 177 178 239 11
163 201 174 50 82 174 182 215 121 135 91 11 250 95 166 113 123 199 135 91
37 110 102 242 161 218 208 16 230 218 63 11 51 81 12 158 102 163 75 178
50 216 122 26 218 96 114 96 186 203 4 254 96 179 218 215 37 55 182 151
121 102 33 242 75 182 56 231 27 196 242 82 253 50 77 98 7 75 26 241
242 200 26 241 62 182 94 242 87 135 108 173 10 42 212 1 123 25 167 253
58 223 96 23 215 42 121 34 164 58 200 148 218 204 240 105 109 137 186 186
242 200 163 93 212 109 186 137 137 45 194 215 138 241 182 96 23 218 212 109
158 188 71 186 108 159 176 176 160 243 212 128 135 59 139 21 10 122 121 182
242 14 201 186 75 2 252 211 94 16 121 10 69 135 242 135 199 14 18 211
151 147 121 136 212 135 71 114 223 114 108 27 12 135 242 82 18 121 106 195
242 127 14 0 114 144 121 93 200 51 251 248 113 95 10 192 14 58 242 38
209 121 158 51 123 147 121 121 209 242 231 182 182 26 163 96 215 19 121 159
102 108 26 186 131 103 34 12 114 27 210 87 14 121 159 161 50 176 140 111
163 174 96 45 121 182 135 30 248 203 4 10 195 55 151 185 164 13 10 215
163 12 95 192 102 27 192 121 205 231 14 50 61 19 13 87 50 66 89 69
96 231 45 242 200 96 50 9 182 26 207 12 205 198 182 26 12 135 123 242
160 92 170 121 96 176 123 218 191 242 19 171 2 96 66 110 231 23 164 223
158 218 96 151 96 69 242 113 64 182 118 248 163 75 170 87 52 178 186 181
151 158 34 178 45 86 186 104 162 181 189 66 82 185 181 121 99 88 14 212
201 114 37 196 126 135 72 253 214 152 15 98 170 121 211 170 243 135 58 176
58 194 173 251 231 229 26 241 174 252 192 193 27 14 186 186 158 228 242 200
145 69 103 23 131 181 69 215 218 96 231 215 218 251 123 37 242 66 110 69
160 65 103 232 103 135 231 189 134 92 161 208 50 122 50 26 127 242 2 200
74 198 121 234 200 78 69 57 87 154 67 181 203 61 106 197 242 14 215 38
51 16 233 102 242 200 118 239 209 195 136 200 242 82 247 170 170 121 113 185
209 10 114 108 65 12 35 186 101 83 231 67 74 114 23 204 158 96 120 32
158 251 63 114 4 14 121 114 27 186 108 186 18 36 215 218 215 186 181 241
10 9 250 218 113 232 33 95 182 69 91 10 211 122 4 41 248 197 245 145
37 148 245 103 110 0 34 147 115 123 120 42 42 186 108 173 244 163 31 122
189 19 96 215 96 73 66 152 170 121 82 185 1 121 158 51 216 158 30 66
7 99 230 96 31 158 240 37 240 231 223 69 113 123 248 72 134 87 121 186
185 218 215 216 122 114 112 152 147 121 205 243 103 148 41 137 96 226 241 87
158 109 151 194 14 141 87 135 50 211 67 223 142 114 114 23 126 230 212 14
39 174 218 170 135 242 127 242 239 72 123 95 66 242 87 159 159 230 87 16
12 94 21 242 135 1 107 152 9 99 23 205 175 103 48 103 66 96 66 240
96 215 186 166 151 121 182 152 143 151 96 38 96 121 182 208 58 212 106 103
74 242 87 22 14 114 203 0 96 121 239 167 251 231 14 151 7 176 176 103
223 223 250 174 200 148 151 242 127 165 14 42 21 244 121 205 242 200 208 228
