137 200 96 51 248 50 5 31 158 77 172 12 45 23 31 158 16 170 93 176
205 211 76 182 113 241 20 56 245 96 112 1 242 14 23 104 135 76 175 10
253 121 96 242 147 173 121 158 58 167 239 223 24 16 10 23 87 16 116 114
96 121 7 151 45 121 182 211 223 251 196 203 248 223 79 136 87 96 121 181
107 50 61 48 114 12 158 144 242 14 34 50 242 14 111 152 175 46 87 75
74 239 243 62 173 243 242 200 51 121 45 177 2 95 200 42 66 178 114 134
20 96 91 144 137 93 50 179 65 16 109 136 114 4 245 113 212 14 13 148
151 212 185 24 218 103 135 121 151 121 121 106 201 51 105 209 170 182 216 176
24 147 158 158 207 56 135 242 127 109 103 50 44 182 182 75 83 219 181 154
242 200 26 241 120 158 144 96 113 159 48 14 23 114 29 87 207 56 181 182
58 218 160 111 152 175 231 5 223 14 152 26 241 218 108 2 25 135 121 37
151 212 14 13 96 186 114 108 26 19 186 0 62 101 136 121 158 135 242 200
58 194 182 192 215 69 165 45 121 27 26 136 200 251 50 240 176 215 121 136
4 93 14 203 108 95 152 127 1 102 58 200 76 83 211 156 181 101 112 1
192 144 234 241 87 96 200 50 201 163 56 96 242 200 200 94 30 131 37 242
114 178 173 143 37 242 91 152 182 32 31 109 23 164 50 147 121 108 173 10
192 227 50 23 141 223 114 37 179 96 113 205 62 147 121 136 121 127 134 152
96 121 73 151 102 83 144 76 14 186 186 96 215 174 186 148 205 65 77 27
253 194 14 50 26 241 245 50 215 0 25 121 227 27 235 87 218 50 138 96
176 144 127 178 14 186 212 253 175 12 218 109 58 242 127 200 209 112 1 209
112 114 236 106 131 69 145 38 25 121 58 152 195 191 195 136 200 96 178 26
163 174 114 108 135 193 92 128 235 182 210 2 66 121 50 56 25 121 7 135
242 113 7 50 103 164 32 122 93 25 7 45 23 62 16 0 230 121 158 235
121 253 31 89 114 9 247 164 252 134 25 113 114 134 12 135 248 108 182 51
245 50 9 113 23 92 87 76 30 133 50 226 135 10 66 245 218 51 92 242
194 14 108 148 182 51 158 56 244 27 239 218 96 251 173 160 101 102 175 83
107 13 87 253 158 158 94 121 211 65 103 194 14 95 106 108 182 26 91 194
221 138 218 96 58 182 22 87 16 114 27 144 158 103 34 95 1 58 50 41
245 211 211 140 42 230 189 182 94 130 83 160 104 102 242 87 16 212 96 38
114 14 32 148 203 172 87 119 96 121 167 46 136 135 48 242 200 126 218 96
228 21 27 148 205 58 200 186 108 250 245 131 242 203 0 168 82 207 39 164
246 195 168 113 114 108 121 45 58 174 148 96 135 27 108 23 56 158 56 171
100 250 50 30 127 108 151 182 242 245 92 248 82 164 135 121 60 14 91 212
176 50 218 176 239 195 178 53 114 56 96 21 73 113 232 212 51 134 182 170
221 50 66 186 96 4 182 126 105 184 96 121 114 235 230 158 62 173 93 74
160 92 45 182 242 190 23 62 114 134 95 121 241 87 6 121 158 242 130 39
46 208 50 73 99 23 137 158 242 182 114 152 14 241 87 218 54 215 96 176
158 148 76 186 93 241 218 210 136 200 186 114 108 148 181 114 121 205 56 96
127 251 250 176 60 182 148 148 134 28 82 196 52 168 182 207 69 30 242 200
192 186 108 251 173 242 200 96 151 182 66 199 247 189 139 64 30 50 128 251
58 194 14 241 218 99 151 186 181 223 53 24 147 85 108 141 223 3 152 62
228 239 11 26 241 87 96 21 6 30 179 101 108 242 200 136 178 212 96 38
211 131 174 104 218 242 200 50 240 178 144 189 10 95 10 182 46 208 241 25
37 160 158 21 66 242 182 190 208 223 113 14 127 200 211 64 212 22 14 205
163 174 200 96 212 200 96 106 34 152 223 0 50 42 34 36 51 123 176 232
221 186 211 131 200 220 96 250 210 162 148 99 223 50 121 192 186 108 253 121
114 37 100 96 142 192 0 114 108 105 227 223 14 231 242 152 136 250 108 146
24 16 4 41 103 50 134 242 14 173 178 128 31 170 121 128 16 242 110 163
163 174 114 192 116 186 203 106 56 102 192 171 245 211 203 111 182 242 127 200
223 114 195 151 158 108 141 212 174 72 42 198 93 103 181 203 21 50 251 219
58 13 136 114 235 148 205 168 114 135 114 26 186 181 62 173 201 136 208 173
160 62 148 11 250 242 174 14 253 218 191 87 135 41 237 182 242 151 27 242
16 197 19 66 126 218 176 144 208 50 240 210 131 211 113 16 121 187 104 187
210 3 251 33 218 5 123 205 103 113 181 159 126 114 26 218 190 165 173 121
136 19 66 50 72 15 96 244 101 121 158 10 31 241 12 76 3 87 72 200
245 14 10 26 123 184 51 51 103 34 57 251 152 108 11 51 251 95 196 114
248 189 180 189 141 107 14 173 121 182 250 80 150 87 87 30 121 95 193 248
114 223 3 50 108 252 253 106 94 178 92 231 158 37 242 196 114 60 82 23
205 69 151 242 231 136 135 242 200 136 200 186 69 148 158 50 240 231 121 181
173 35 4 189 56 50 31 94 191 236 4 249 123 121 38 96 96 50 64 241
185 219 72 94 200 126 218 96 205 96 242 250 179 42 12 150 221 26 181 7
247 189 207 105 158 123 109 150 242 48 113 248 135 135 197 26 103 12 50 177
185 50 212 121 35 203 87 212 96 14 186 108 19 91 173 121 69 167 52 135
107 50 240 103 87 192 114 144 162 223 0 247 108 221 103 131 150 85 51 121
