10 20 66 131 74 92 123 12 250 176 245 211 94 200 58 121 7 144 200 242
120 108 11 13 58 14 119 248 123 19 160 140 95 75 211 74 216 186 161 91
185 121 189 136 200 96 118 210 229 242 3 242 142 96 65 3 18 242 218 96
103 160 201 242 73 91 144 54 151 121 182 66 26 87 209 50 54 14 14 186
77 6 160 197 96 107 13 200 250 184 46 19 66 93 219 12 203 66 152 219
176 146 128 246 71 178 45 23 31 170 180 205 186 91 103 241 174 27 186 108
58 144 14 81 103 48 170 231 242 87 26 66 83 242 244 152 91 10 193 26
58 181 203 75 126 218 182 38 51 121 242 12 56 231 135 182 176 160 103 25
145 12 218 102 223 223 135 82 26 186 2 14 14 147 121 123 95 135 242 30
223 205 218 103 135 242 66 182 133 159 205 176 30 87 222 223 50 108 114 121
88 151 244 151 182 102 242 218 242 208 58 218 242 82 186 108 186 126 178 200
242 200 42 186 108 120 173 242 182 182 26 218 71 241 25 123 87 216 120 108
24 16 121 162 137 158 146 251 242 200 158 218 96 46 151 158 160 111 245 38
114 223 186 96 215 52 205 72 185 217 62 163 176 251 173 242 200 96 19 13
102 201 12 14 250 12 219 186 16 79 121 73 113 106 14 114 186 212 204 96
160 194 186 108 250 34 96 151 34 174 170 27 26 218 113 34 164 80 75 26
194 14 186 148 26 215 96 69 158 103 114 187 27 46 197 96 50 178 223 223
248 92 242 241 19 234 82 186 148 14 58 219 50 27 242 22 108 184 231 212
114 197 250 50 108 173 198 41 45 121 218 96 250 240 200 58 194 121 114 186
196 58 24 123 113 163 96 106 6 114 163 176 167 102 158 251 242 87 14 96
186 158 241 62 147 212 121 79 251 103 138 114 163 253 186 186 189 23 233 218
252 197 250 28 197 195 200 116 0 186 247 177 103 210 136 200 188 242 208 170
200 242 237 186 200 250 50 58 10 126 135 128 158 96 87 121 241 12 247 252
58 106 223 23 31 158 37 199 212 51 76 1 4 14 121 87 209 158 146 218
158 158 103 103 108 91 179 22 186 204 120 186 108 239 242 178 0 50 200 96
223 186 186 19 93 24 218 242 218 113 152 105 108 160 131 71 143 147 242 30
192 168 14 186 34 136 184 77 91 12 231 106 232 218 71 241 182 182 2 200
24 221 148 242 95 208 65 108 121 209 218 103 95 66 42 108 173 121 182 254
195 223 251 33 172 187 98 84 213 222 50 193 189 9 96 250 87 110 106 114
58 108 250 218 113 123 200 126 58 208 91 128 218 242 82 247 31 66 83 242
170 23 123 182 110 182 215 101 121 87 208 144 2 14 152 193 152 170 14 72
253 121 50 209 148 242 114 27 26 179 230 136 96 73 159 72 231 33 21 215
200 143 103 38 77 91 110 34 144 121 185 61 247 141 50 5 123 135 39 219
245 11 107 114 114 114 108 23 62 231 248 121 28 200 168 170 179 218 242 113
131 146 219 190 1 181 121 248 175 242 218 50 206 177 200 96 50 108 193 4
161 223 108 186 148 211 237 186 181 223 114 27 192 12 175 121 58 184 13 136
160 189 28 248 251 7 25 135 242 250 179 218 71 252 250 12 245 242 87 14
60 220 203 152 185 103 108 173 58 121 112 242 176 140 47 31 241 87 92 242
242 3 114 108 87 42 97 91 87 82 93 195 247 185 75 211 186 108 42 23
158 96 19 218 80 123 150 138 158 45 166 25 248 108 56 231 12 38 10 172
158 102 194 231 201 114 72 197 36 250 127 19 152 31 105 35 108 50 1 102
58 194 85 9 219 14 242 200 96 231 176 140 163 230 87 7 50 87 14 121
23 218 32 170 87 23 164 135 58 242 23 184 42 32 164 223 103 93 234 170
153 96 96 45 96 188 146 216 122 176 140 130 179 53 178 26 103 50 5 251
173 104 21 223 173 242 182 215 218 123 212 179 12 114 35 147 247 101 83 151
242 200 78 29 164 22 65 160 239 138 19 35 163 95 182 216 71 50 66 121
250 223 200 50 182 195 86 26 87 13 87 107 50 230 223 83 242 135 184 250
58 13 87 230 87 87 247 34 150 12 173 10 67 106 197 14 96 239 168 207
58 218 51 109 234 161 50 1 158 253 123 112 72 121 231 95 242 138 221 62
248 135 242 3 222 50 30 152 102 160 128 168 113 76 87 163 176 106 230 38
158 50 251 219 74 108 173 48 173 242 148 211 160 194 14 106 122 109 186 114
24 16 230 175 223 69 104 138 50 84 251 33 52 97 19 3 16 35 108 182
192 220 186 96 211 186 186 108 121 136 21 152 11 244 186 23 52 172 21 173
192 94 184 151 160 111 245 131 253 78 242 87 230 152 87 12 96 12 253 164
114 200 195 121 182 182 176 85 148 218 242 148 182 140 167 186 195 182 141 253
151 212 14 192 226 241 182 251 121 86 196 113 135 121 182 45 182 250 176 160
223 114 223 18 237 23 164 12 72 126 153 50 27 158 37 242 179 103 66 73
145 69 41 231 34 131 32 96 176 23 135 184 231 133 58 242 14 31 215 212
158 158 50 26 123 114 4 41 95 2 14 200 148 96 50 254 242 200 215 209
10 176 160 215 25 121 242 212 208 235 190 175 0 12 237 242 75 22 26 223
58 158 103 173 143 85 113 152 113 16 231 121 182 73 218 212 148 215 135 254
158 50 223 114 27 4 188 203 108 34 95 182 58 244 5 209 188 10 42 74
188 243 5 230 248 135 192 215 58 13 82 100 2 135 114 114 27 41 212 56
96 121 192 173 223 147 140 113 106 54 71 105 218 71 134 50 218 113 108 56
