58 194 14 65 23 136 243 218 121 179 135 231 235 19 50 72 110 147 123 121
58 241 123 95 10 48 170 121 10 160 210 227 0 91 158 158 52 52 72 173
128 10 226 135 242 48 85 23 163 12 182 114 148 58 28 100 170 21 77 87
74 211 69 221 56 161 96 113 152 150 24 152 163 218 239 210 87 234 14 121
100 200 96 174 170 12 219 223 96 51 121 7 182 216 122 96 201 69 250 112
160 194 212 196 103 113 66 199 28 207 56 231 135 231 235 96 212 200 72 122
102 242 203 0 135 114 87 121 209 114 27 211 203 177 242 203 197 50 78 9
253 121 96 96 96 50 26 96 250 174 62 173 242 121 174 72 162 215 121 114
137 141 218 210 45 148 94 121 193 2 108 67 29 121 50 242 127 251 136 200
185 223 50 177 181 203 14 176 190 103 23 237 131 14 239 168 195 31 114 135
116 208 94 200 211 14 251 229 113 231 106 239 52 121 211 136 114 72 95 121
242 200 250 56 236 7 120 106 135 114 242 87 14 121 205 223 114 212 10 26
46 186 108 46 250 210 218 51 231 242 179 34 179 135 242 87 96 50 173 121
186 163 85 65 242 234 200 250 218 242 82 52 26 186 200 167 234 2 170 2
50 182 215 101 95 184 66 217 88 234 2 218 148 43 211 121 26 96 45 13
9 189 174 61 139 196 135 242 127 242 108 26 186 93 6 82 96 136 148 110
97 111 104 135 30 248 136 151 58 50 1 170 121 87 16 103 152 219 108 26
158 56 71 186 241 87 218 218 51 241 87 123 12 248 135 133 113 79 121 34
121 158 121 148 41 242 178 121 96 186 186 186 200 189 40 196 43 26 87 50
231 146 194 242 87 110 57 121 106 168 61 160 101 231 207 50 251 12 24 114
145 165 52 114 223 195 200 73 182 46 25 242 96 12 16 37 242 87 159 243
107 50 108 255 123 54 51 242 200 51 14 58 227 28 147 118 14 88 38 174
138 185 243 142 48 32 198 135 242 21 105 108 11 83 24 16 243 160 158 102
57 200 51 96 26 233 215 42 103 50 2 4 13 56 223 3 50 173 223 190
158 96 231 242 66 139 152 234 14 121 205 223 50 0 242 200 96 218 51 240
211 101 219 106 71 186 108 141 159 72 176 106 114 72 123 62 232 106 114 137
65 193 81 110 114 121 248 135 242 170 101 231 113 212 1 58 135 199 151 121
58 241 0 25 121 242 170 23 227 75 242 19 151 163 50 35 22 39 162 158
176 144 148 96 211 189 211 200 143 252 192 184 26 148 184 186 186 158 158 96
192 186 14 105 210 87 111 96 108 186 108 26 240 148 218 96 122 42 186 96
163 253 122 96 174 151 18 182 159 18 114 223 114 38 12 114 114 72 100 152
145 218 245 192 186 108 250 62 142 96 19 52 136 50 114 5 12 19 148 218
58 16 72 198 121 91 234 2 14 2 14 14 218 210 50 182 179 0 185 194
243 219 2 126 195 136 197 60 251 173 223 186 52 168 195 197 242 200 193 26
245 170 14 135 242 203 95 152 250 12 215 108 239 242 208 220 158 144 241 50
58 218 63 189 50 14 212 11 208 218 218 96 135 164 223 114 38 250 108 26
58 50 74 84 14 214 23 218 245 96 113 121 153 154 240 186 121 140 219 237
50 0 48 50 247 164 62 96 208 26 50 159 99 96 106 108 182 212 182 151
161 218 148 245 51 168 14 35 223 50 27 37 242 200 6 128 121 175 37 210
114 252 197 195 94 178 239 211 186 186 186 93 200 46 66 95 186 157 42 136
253 10 79 231 73 8 212 95 231 108 148 211 42 130 185 135 219 111 78 27
106 114 131 140 196 85 251 231 50 251 122 26 186 26 158 207 30 62 173 121
163 253 121 8 26 181 214 212 74 102 242 121 110 34 184 217 185 0 77 110
242 200 186 212 19 151 182 141 45 23 164 58 102 242 200 126 197 174 14 77
58 242 200 26 136 79 94 231 26 207 83 11 253 152 186 197 230 45 223 114
253 178 144 104 54 96 66 141 191 152 170 121 219 96 58 223 209 186 186 241
158 108 20 185 1 121 205 10 69 215 25 121 245 218 204 87 93 20 96 152
10 114 154 148 96 96 186 250 50 251 173 197 96 151 103 34 66 189 182 58
81 104 121 144 14 121 11 208 58 106 168 189 151 121 58 147 96 121 250 179
242 87 96 96 212 102 137 218 96 96 186 163 214 212 50 158 20 152 126 58
223 186 147 212 182 182 201 231 176 160 85 138 50 152 26 186 93 170 142 177
252 146 104 231 182 33 251 52 205 87 247 23 159 23 128 104 135 223 167 96
116 113 23 87 230 211 152 108 51 121 182 94 1 160 245 231 212 178 144 14
242 66 110 0 112 215 218 96 50 56 26 186 186 148 211 14 114 72 231 121
58 107 252 50 10 203 126 13 186 114 27 26 218 103 135 200 45 121 248 137
107 16 108 212 65 186 108 104 96 151 212 254 83 245 188 254 193 242 156 12
253 176 224 251 201 121 106 56 96 94 200 12 172 87 78 135 160 237 23 62
163 253 223 170 121 223 19 231 27 192 223 114 112 38 253 9 110 34 41 174
197 144 14 121 114 14 215 121 92 242 76 87 110 147 29 186 186 181 121 69
151 33 159 121 221 218 96 235 85 242 121 179 12 75 25 123 107 252 94 121
185 103 5 174 72 11 158 96 218 245 88 96 250 108 242 147 158 135 242 200
103 34 21 255 92 11 71 50 224 45 87 93 106 223 114 104 29 14 121 80
53 208 37 128 20 66 186 181 114 159 118 244 248 239 173 69 162 110 177 108
163 253 39 95 10 26 215 189 121 245 96 186 96 216 91 144 222 112 76 175
