158 16 4 191 42 65 103 0 31 237 45 238 121 121 92 242 200 248 27 196
102 218 88 251 50 65 23 31 158 212 218 210 218 96 245 37 113 210 53 136
37 182 133 151 223 189 133 218 242 82 245 136 200 86 186 186 158 144 14 216
192 178 160 0 60 178 103 103 23 20 87 16 23 62 147 121 178 223 230 182
58 13 87 3 19 93 105 227 123 232 216 122 42 87 121 223 50 207 134 204
128 2 13 200 168 247 174 177 173 242 127 2 14 230 87 14 96 186 96 186
50 108 173 242 127 127 82 111 104 200 96 66 186 83 76 248 218 208 114 197
221 223 87 135 21 96 66 65 182 176 116 127 178 56 142 92 45 165 248 113
26 218 254 99 186 27 12 218 96 176 181 223 26 181 218 2 179 178 14 50
185 114 239 170 121 38 109 168 50 148 99 23 245 235 19 242 66 42 87 93
58 13 136 200 30 107 12 87 16 61 50 233 186 12 85 232 251 50 33 196
221 50 238 20 96 121 128 11 250 108 250 2 200 58 161 95 136 195 168 182
10 60 14 96 113 108 30 242 127 242 82 186 108 250 2 200 58 241 196 96
221 56 218 96 231 251 19 3 3 152 97 79 121 245 198 20 176 146 50 173
114 27 50 223 114 108 173 32 211 110 19 31 94 200 223 114 114 195 203 210
85 188 51 232 160 194 242 200 26 96 65 120 242 62 138 242 14 209 108 11
107 50 103 135 128 168 39 164 170 170 121 45 121 250 106 122 112 1 160 101
10 114 108 141 102 108 130 201 242 87 185 175 21 26 163 167 253 94 212 73
50 114 84 38 253 194 14 108 251 241 47 209 168 113 141 121 168 208 97 186
158 37 242 218 113 135 90 211 14 243 248 24 3 152 221 26 87 83 222 35
209 231 108 250 108 211 137 191 95 196 137 45 159 103 186 93 62 36 108 66
221 19 50 108 158 210 250 210 2 14 27 168 148 163 123 32 215 121 245 127
160 210 135 121 108 141 141 96 203 182 242 87 14 230 14 247 230 174 121 182
96 251 221 122 50 206 89 74 58 194 106 51 147 123 232 121 184 14 50 66
24 16 4 215 66 241 6 31 50 95 136 114 232 121 114 27 94 121 27 26
50 110 92 242 200 78 241 106 108 109 137 53 170 176 33 138 94 151 121 243
205 107 25 114 223 203 231 109 121 170 121 223 114 27 178 26 151 121 8 168
192 200 250 50 158 251 176 114 114 233 72 121 87 121 114 72 121 163 186 217
209 121 56 96 96 205 121 103 200 172 186 114 211 88 14 144 200 186 45 106
50 144 182 200 230 178 207 87 131 135 195 184 212 250 130 160 105 128 71 114
242 127 182 215 121 200 241 182 73 21 186 108 42 247 114 115 0 163 64 127
173 223 219 50 0 195 178 223 28 182 182 151 182 215 218 26 25 114 223 99
242 203 152 71 186 34 58 0 141 215 62 25 140 121 50 223 13 87 200 42
10 26 218 103 21 1 128 58 194 14 74 30 90 166 21 111 82 241 45 191
211 14 32 138 203 91 12 114 205 170 211 23 0 62 242 87 203 16 121 34
176 96 215 37 96 242 26 82 112 151 80 241 251 95 50 198 114 215 121 92
192 168 114 14 186 186 96 215 209 103 27 56 42 136 128 135 58 50 0 223
151 103 135 242 2 152 147 158 34 196 108 170 113 35 85 22 26 144 14 96
3 203 123 34 184 236 114 84 108 109 31 99 110 116 83 242 200 96 186 203
121 253 200 96 219 96 51 96 45 173 242 200 250 245 134 31 74 215 12 59
114 178 65 242 82 185 23 25 248 135 135 36 50 251 19 16 211 245 5 50
96 121 177 114 223 114 186 108 19 214 78 121 97 50 30 251 33 242 12 248
160 211 121 136 200 18 50 211 31 158 123 62 35 186 16 4 215 218 20 219
176 160 77 63 215 42 178 208 218 109 121 136 200 205 18 252 250 196 22 196
58 13 136 200 30 142 212 96 232 231 231 2 248 121 96 96 250 34 240 182
69 163 12 215 23 62 216 56 218 218 34 122 26 66 81 245 50 50 46 135
58 16 108 200 104 218 242 95 152 182 113 212 96 50 67 23 242 87 42 48
10 67 35 114 121 50 151 121 26 246 218 51 51 67 242 87 14 223 50 2
106 122 110 85 203 31 107 71 186 108 246 211 122 205 252 114 108 11 208 50
242 82 0 251 173 251 173 197 107 163 67 121 114 168 26 14 47 212 218 232
187 146 159 145 223 16 173 73 38 152 242 250 123 199 77 7 215 7 87 78
108 176 144 83 242 127 179 221 19 161 91 158 123 99 138 107 113 19 216 91
242 135 121 108 148 81 192 186 160 233 118 96 42 243 204 121 185 103 212 10
21 231 122 56 96 136 200 58 13 83 19 186 148 26 104 121 87 27 207 12
58 116 148 158 96 91 193 96 26 103 93 120 135 5 200 232 45 186 231 121
58 194 14 114 131 96 173 220 158 50 143 218 58 223 253 111 3 50 152 44
158 158 151 160 104 29 14 95 231 72 240 250 179 75 87 218 64 233 26 241
74 128 111 58 195 4 93 135 242 200 209 48 92 231 186 114 27 154 88 14
170 121 41 248 137 50 144 185 241 158 218 245 160 245 46 241 50 27 218 218
24 193 178 188 10 103 215 92 14 110 14 62 168 114 168 203 71 241 146 242
242 152 62 186 87 126 76 234 170 14 85 113 19 215 148 245 219 108 250 108
58 102 198 227 238 114 121 200 22 186 186 158 121 158 96 96 231 243 212 100
231 151 106 50 23 164 25 121 74 87 78 11 30 4 93 53 186 186 181 102
81 122 186 186 148 26 190 253 186 80 96 58 159 31 218 235 242 173 103 121
