50 229 52 124 173 223 251 33 12 135 121 50 241 40 231 56 29 122 251 66
10 224 26 25 231 223 50 242 190 14 215 121 176 137 45 170 103 113 108 114
58 13 136 114 211 116 114 186 212 102 131 161 50 122 112 50 34 123 152 25
41 234 175 14 231 121 23 216 106 122 26 96 136 50 205 158 96 231 215 13
223 120 141 85 13 181 62 69 218 51 121 122 114 168 159 242 234 209 251 219
242 87 14 215 168 113 201 121 158 18 94 19 135 114 96 121 242 200 50 103
138 230 218 113 212 65 189 121 112 210 114 168 218 94 21 10 160 223 230 209
26 50 25 242 252 108 26 158 96 121 114 72 245 113 32 66 24 196 135 108
221 241 158 19 93 215 28 12 14 191 92 83 182 242 66 42 12 7 194 121
185 215 13 170 121 114 121 192 168 200 218 242 87 14 218 182 182 151 212 96
58 218 242 231 73 113 38 253 24 147 212 192 40 110 87 223 50 135 52 58
58 174 158 35 212 96 242 127 178 189 174 218 58 58 103 121 91 12 118 12
50 158 67 242 178 168 96 151 209 193 247 239 168 72 152 114 121 120 251 173
37 148 230 99 217 102 242 62 209 32 152 170 14 38 96 146 16 121 201 130
158 103 106 242 231 121 66 121 254 108 19 245 175 72 87 135 23 110 147 121
223 26 152 196 183 242 39 164 32 168 189 179 175 177 90 135 2 217 90 203
24 16 10 148 128 121 218 96 242 127 191 56 73 218 71 227 50 67 201 242
58 205 194 14 142 186 96 192 215 212 218 56 216 66 83 231 221 52 128 242
57 121 165 173 34 200 209 97 148 65 186 203 170 103 212 14 9 18 104 50
242 200 218 25 135 65 103 77 212 144 158 52 126 230 158 141 223 203 200 205
10 102 173 10 114 235 26 42 113 212 243 165 182 182 244 182 215 218 242 127
242 200 51 42 121 218 71 218 51 121 158 167 23 128 170 2 38 96 69 182
58 13 53 147 92 231 135 242 200 50 122 50 27 242 113 212 121 13 193 242
58 58 34 196 58 34 196 168 14 186 131 195 207 123 152 192 239 186 96 121
175 242 200 209 51 242 182 20 196 113 212 218 96 242 14 50 201 250 242 182
205 158 108 65 103 19 215 205 121 243 14 121 159 69 182 212 64 186 18 251
58 218 215 218 242 178 0 208 218 51 121 128 92 31 237 186 108 114 235 250
138 113 201 199 113 23 242 87 230 212 245 66 103 50 1 163 253 185 13 91
50 74 131 223 69 110 17 198 121 8 242 200 96 255 87 7 13 186 186 200
231 177 242 113 57 200 72 83 158 64 45 121 248 163 205 52 251 248 135 242
58 194 14 186 108 229 0 228 33 50 5 12 96 201 231 251 33 64 211 84
196 108 178 212 96 96 69 253 241 86 6 6 147 189 210 66 240 199 135 235
151 121 30 75 24 108 103 194 166 66 121 167 221 87 208 243 114 27 112 245
107 252 192 103 113 27 87 135 169 24 108 56 152 74 194 250 176 103 34 196
158 121 58 194 182 242 200 184 208 234 82 185 152 192 168 38 72 87 209 96
192 186 104 96 215 50 152 136 135 151 185 27 192 50 27 137 252 51 240 192
158 26 96 215 218 58 252 96 113 6 31 91 123 110 0 122 26 240 26 87
121 176 215 176 33 114 73 160 65 242 200 205 168 45 2 184 14 186 108 113
176 215 103 50 135 84 160 255 240 84 46 231 12 114 40 255 243 111 39 87
245 170 234 2 127 182 88 42 198 121 243 223 14 181 121 114 223 50 248 189
231 218 58 219 135 242 200 51 123 12 218 191 135 242 87 27 174 186 200 250
58 218 144 160 111 245 121 176 144 88 133 148 96 96 253 182 141 151 182 189
231 91 96 23 56 180 120 103 215 230 66 87 158 160 242 87 87 121 158 96
64 23 131 242 170 14 121 181 198 160 242 121 82 160 71 186 108 242 122 186
228 221 42 123 218 138 107 135 135 200 37 242 248 114 27 235 242 114 27 144
24 16 193 121 114 23 131 3 98 99 186 217 142 211 121 54 95 1 21 241
10 239 227 181 121 181 223 159 121 104 69 209 91 158 37 182 242 113 157 166
160 103 34 121 118 200 184 108 11 250 112 242 200 38 96 168 47 107 114 12
186 245 102 168 113 159 120 150 232 231 160 212 253 241 218 94 76 83 125 175
196 131 251 12 100 127 242 200 78 182 113 87 27 196 12 135 231 58 223 189
205 65 212 121 241 174 218 242 151 182 135 91 181 137 200 97 209 230 87 152
145 38 218 242 216 50 34 87 121 242 200 97 16 108 182 215 217 194 158 96
223 114 159 210 182 38 4 13 52 26 151 168 127 182 161 71 186 93 248 208
58 228 135 136 114 121 160 103 121 101 121 121 248 158 209 14 215 22 83 231
228 221 137 83 242 87 135 113 135 121 114 223 113 167 130 80 164 251 122 186
192 186 200 30 250 240 181 114 223 91 21 215 25 23 223 135 239 26 241 13
181 203 102 103 12 121 160 137 12 114 186 108 178 186 186 73 136 7 178 121
192 227 69 160 28 223 38 205 181 223 114 37 23 223 167 186 0 108 44 114
205 10 158 253 121 148 211 131 114 186 108 186 201 5 218 204 135 121 151 96
58 117 65 216 122 201 151 251 135 50 204 147 231 135 83 231 144 14 239 203
10 187 211 189 103 96 34 200 212 191 215 108 242 85 77 184 242 152 74 211
50 216 122 96 26 162 83 242 45 165 121 176 103 176 106 14 72 181 87 14
70 151 158 58 135 211 170 243 173 121 189 242 200 30 19 196 96 112 64 161
175 251 45 223 114 23 187 11 113 152 245 189 10 219 195 94 200 45 23 87
