153 108 26 166 108 160 96 178 96 151 182 189 96 176 109 186 170 121 128 251
74 194 23 218 218 71 135 113 106 87 7 212 96 106 14 74 27 142 242 82
176 215 178 87 7 108 173 121 248 242 2 200 34 36 136 114 200 26 241 218
19 104 50 240 121 200 59 108 121 187 194 14 144 14 216 122 168 250 181 241
58 218 50 206 103 33 87 40 104 147 121 175 34 87 112 105 94 203 76 14
96 58 114 159 14 212 216 215 52 61 210 87 72 7 215 178 182 151 121 182
231 35 158 226 204 50 46 135 248 4 158 142 195 231 108 19 193 219 22 231
160 103 253 42 207 121 106 122 186 147 215 121 205 220 96 231 136 223 50 173
205 230 182 38 209 185 239 11 113 139 253 251 0 183 178 197 109 121 182 22
209 206 206 175 177 167 220 223 3 232 96 112 89 58 38 12 14 121 158 160
107 252 16 193 136 114 218 241 215 168 200 158 108 242 82 207 179 75 218 58
185 111 52 112 114 176 212 215 218 113 254 108 121 178 59 6 205 121 198 65
50 238 192 186 202 250 179 87 121 218 51 160 160 65 103 25 121 30 96 121
40 8 211 175 11 5 242 30 26 103 111 67 242 23 31 175 199 135 137 182
205 233 168 114 186 96 186 96 66 22 96 136 114 27 203 62 26 198 52 72
223 99 212 102 96 97 96 66 96 96 174 200 51 123 216 69 91 188 212 107
157 215 121 197 196 26 21 60 104 32 135 151 193 243 253 121 252 192 200 26
192 217 103 106 56 51 121 37 23 196 108 32 86 96 250 50 108 245 243 123
7 238 108 92 19 223 120 85 218 12 114 72 35 16 10 106 122 186 96 96
221 92 219 22 81 96 176 144 14 243 57 121 182 126 13 186 203 14 186 32
192 186 169 21 44 114 112 60 23 163 179 12 35 212 151 182 96 205 158 18
253 121 253 251 106 182 102 92 195 197 221 26 144 93 111 251 253 40 251 199
211 104 96 113 173 251 95 231 23 201 242 200 78 187 232 211 170 14 121 120
242 14 186 50 108 66 85 96 96 219 58 16 147 212 58 69 199 215 193 148
160 7 20 14 114 108 163 144 96 58 12 182 38 96 54 212 74 131 1 234
58 102 125 120 147 160 227 120 35 186 0 37 208 192 227 196 96 50 56 25
92 28 152 114 114 52 154 121 114 72 59 72 121 64 251 56 19 136 16 108
196 96 87 121 170 177 216 122 96 251 108 173 121 178 231 151 182 172 127 200
151 209 185 34 136 200 145 151 96 58 223 151 50 173 121 64 121 182 210 50
221 209 56 50 148 181 121 158 207 181 121 106 72 95 121 45 87 70 121 182
192 215 96 50 2 231 106 56 251 112 135 121 106 223 50 212 218 96 50 109
58 194 14 77 148 246 242 14 23 147 103 135 240 114 144 137 2 14 30 242
242 200 183 112 218 109 121 125 251 151 192 65 170 121 8 22 111 205 112 205
185 209 10 242 87 14 230 252 252 96 192 200 96 26 50 27 26 204 91 83
96 121 242 200 114 223 114 27 211 56 19 87 7 50 108 193 31 114 186 186
5 50 153 114 37 96 96 2 200 253 121 116 186 186 121 126 82 253 2 182
91 163 75 174 151 82 20 191 121 253 182 113 27 21 109 216 50 113 120 160
37 148 250 242 178 193 191 95 173 176 158 26 241 224 163 13 211 198 185 151
231 109 151 121 245 24 16 116 231 5 141 144 14 114 114 114 14 32 200 96
205 197 31 135 200 58 159 1 58 114 13 200 161 50 251 138 159 126 218 121
158 207 42 87 41 216 148 205 251 73 38 17 218 51 158 26 144 14 186 111
205 114 239 194 171 23 135 136 26 87 186 241 218 96 96 96 50 254 185 230
58 251 50 72 231 121 200 96 77 201 96 186 46 50 66 121 181 137 96 136
96 34 196 26 42 186 186 186 186 108 211 137 186 103 186 108 221 26 209 14
57 121 96 112 135 82 80 27 192 237 201 221 251 73 31 50 178 11 231 251
221 136 134 82 253 121 106 240 121 121 223 69 136 35 203 121 12 45 121 158
253 218 50 251 152 221 123 87 121 181 230 14 96 121 205 242 87 14 147 121
125 221 137 45 15 135 219 50 216 122 96 250 108 46 179 248 219 31 114 186
242 200 94 121 183 218 114 165 135 115 242 121 203 170 177 199 212 121 163 218
192 58 13 7 69 50 46 203 152 41 138 109 23 128 245 112 192 122 253 96
58 34 136 35 186 106 5 227 112 195 27 192 92 242 207 242 127 200 96 250
186 163 174 200 51 121 58 227 69 151 82 201 212 215 28 136 114 50 108 255
107 158 50 226 30 76 14 218 241 182 71 58 108 121 96 19 186 19 186 96
231 69 19 137 26 16 96 192 178 173 58 231 240 231 102 223 77 26 82 26
209 243 103 111 114 50 108 193 175 137 218 242 113 23 0 175 130 242 231 27
57 164 223 135 114 223 114 27 58 174 218 74 92 121 205 37 96 250 106 242
160 237 186 220 12 114 197 185 14 96 215 111 121 56 96 121 45 139 250 12
231 223 120 237 136 114 14 170 2 76 200 44 36 135 114 23 62 104 135 67
200 58 218 71 105 144 200 50 215 186 108 26 83 24 16 108 251 42 187 131
223 195 114 108 104 245 24 16 173 121 248 223 158 50 148 135 212 148 50 93
221 164 218 71 122 218 210 11 51 121 58 107 14 144 203 21 76 5 122 253
116 22 40 66 182 38 231 173 27 58 151 182 113 106 87 121 96 14 114 181
51 158 158 96 73 21 82 95 14 143 107 251 210 87 218 26 247 210 53 191
242 208 50 5 98 35 114 114 16 114 27 203 108 178 104 135 135 2 147 168
