192 186 108 26 241 218 96 176 242 203 95 8 45 84 99 63 28 108 253 197
151 121 114 108 186 181 139 146 164 58 218 65 241 82 163 64 247 237 16 165
192 178 56 96 151 103 233 58 170 14 113 27 200 211 73 142 110 8 62 16
222 223 50 2 152 242 141 114 108 239 134 42 123 25 114 239 243 135 123 62
252 200 78 113 212 216 122 112 113 16 121 211 121 253 121 114 26 241 87 96
163 218 58 223 69 33 108 203 152 152 244 242 208 50 147 103 121 103 212 102
176 178 69 151 231 121 127 200 11 47 72 152 244 242 82 201 223 93 14 75
121 158 148 8 50 223 19 96 219 242 43 26 87 50 87 186 87 134 27 94
242 108 173 121 163 151 182 216 108 46 147 121 12 191 37 23 227 123 195 108
67 200 186 96 215 218 107 251 215 121 184 14 253 121 26 6 189 87 154 186
114 120 112 69 160 245 121 253 10 253 75 215 186 93 73 241 103 12 241 114
242 14 75 186 96 110 114 27 58 194 14 11 26 241 95 34 152 92 96 105
253 121 58 241 50 122 121 73 8 212 146 212 251 50 30 225 54 96 186 26
45 63 189 65 244 14 50 108 26 212 178 103 23 164 135 56 71 122 42 218
10 108 173 189 0 14 96 231 151 121 182 20 74 189 168 106 122 26 96 215
58 223 96 23 87 173 251 199 212 253 32 70 151 253 121 178 180 170 198 160
243 253 242 182 20 14 220 83 179 218 218 94 231 121 128 251 50 190 22 228
10 111 24 114 96 46 87 14 108 104 173 121 182 231 26 241 122 215 42 39
242 42 190 190 240 105 65 103 77 240 136 121 41 19 9 66 245 170 23 218
58 194 14 186 186 148 11 47 175 219 114 114 121 114 195 143 211 82 16 224
121 151 236 147 121 243 242 200 51 121 96 242 82 200 144 14 94 231 206 219
245 145 35 150 179 158 24 16 108 160 92 248 242 14 148 218 24 196 87 16
242 189 242 179 178 23 97 207 66 24 16 48 243 130 112 2 108 221 152 53
211 1 58 50 110 147 173 121 242 2 200 205 103 247 108 173 10 173 251 152
192 188 151 18 243 106 251 136 108 71 177 178 165 186 108 255 121 114 121 58
185 230 61 113 82 114 118 152 219 96 65 160 210 104 173 24 16 185 189 114
58 108 114 134 11 126 218 210 25 58 103 108 42 247 101 231 108 136 148 29
114 108 239 50 103 12 114 223 223 69 172 7 107 25 164 218 216 122 91 223
58 7 218 212 215 107 12 122 42 186 108 144 157 45 109 23 214 31 19 158
114 252 252 24 16 22 242 127 50 84 160 103 75 32 102 242 87 3 152 150
85 245 234 78 114 135 223 114 23 135 21 14 82 192 186 108 141 186 159 160
74 194 23 218 242 208 52 134 104 208 164 73 218 30 76 14 121 186 160 0
205 97 157 189 170 159 113 106 235 251 94 231 219 174 108 148 209 158 18 104
223 186 108 42 108 30 121 96 250 50 152 99 14 223 77 170 182 38 111 94
161 7 200 174 114 185 23 75 186 252 108 178 85 146 238 114 121 205 14 96
107 105 227 108 239 126 45 178 239 91 242 83 219 10 164 118 66 62 154 11
205 221 16 185 113 252 108 42 97 208 194 110 212 104 215 218 239 105 13 12
58 194 14 121 12 82 192 186 148 218 51 121 242 135 151 230 136 26 191 19
93 200 135 121 182 96 231 38 242 115 152 109 209 74 87 158 142 218 103 135
57 178 79 242 178 160 218 103 121 12 158 218 151 121 207 121 114 108 114 121
151 231 33 187 108 100 80 42 218 204 121 212 242 200 152 26 81 146 216 122
24 108 131 170 62 62 147 126 102 242 208 242 200 52 253 26 96 218 245 250
252 114 135 113 12 105 223 135 82 26 202 242 82 108 1 131 242 85 21 108
37 98 151 121 164 113 139 231 176 114 72 203 106 4 218 215 62 71 114 13
57 182 161 223 25 87 23 223 218 135 248 27 211 114 108 104 104 135 242 66
10 163 108 26 131 219 221 209 242 66 208 114 23 114 23 114 131 85 151 197
209 96 215 35 159 164 218 96 242 200 42 186 108 26 96 201 87 96 91 136
163 253 121 200 201 118 51 121 148 96 26 111 93 241 101 242 200 78 189 174
91 128 170 103 240 121 207 50 2 231 27 12 182 182 244 12 205 115 241 50
185 103 111 121 46 14 96 112 12 242 114 186 96 121 212 64 201 162 32 83
175 223 96 186 241 218 218 71 241 18 104 96 35 12 135 58 128 209 182 151
160 246 96 231 38 185 76 34 24 186 200 126 50 210 87 78 194 106 231 97
211 131 229 116 148 218 118 66 209 26 96 250 108 173 121 136 121 200 253 121
242 179 208 154 121 106 69 151 127 242 250 196 51 27 7 218 113 118 160 121
148 205 218 50 56 186 96 65 113 50 1 136 178 243 45 242 244 110 164 80
14 121 242 244 200 118 19 25 135 39 179 32 48 218 11 188 242 87 76 190
50 27 135 242 200 91 185 0 212 9 91 111 104 248 111 121 108 173 121 114
185 194 103 66 241 218 242 208 56 241 218 65 103 12 114 27 12 114 62 168
114 14 123 87 50 60 14 9 114 186 108 173 223 73 137 189 0 114 50 236
158 96 250 21 96 66 242 152 170 2 200 248 158 50 109 34 191 192 150 67
226 160 121 231 76 242 127 82 143 96 191 212 109 241 0 75 127 208 50 72
74 34 136 212 96 45 242 109 21 96 113 253 200 108 26 96 6 128 182 242
227 188 245 102 137 191 108 199 83 234 2 16 108 165 186 108 46 186 147 142
242 203 152 250 240 147 212 104 239 38 117 178 121 148 205 135 137 45 209 14
