160 215 42 108 67 12 87 82 62 130 96 121 58 121 205 120 186 193 247 203
151 121 24 147 12 171 135 242 120 218 113 105 122 186 108 141 100 120 231 242
245 102 242 208 240 143 230 182 65 212 152 200 157 215 81 126 230 181 23 187
114 134 31 23 87 16 96 102 12 1 225 251 196 109 121 151 37 182 216 122
58 13 136 96 212 50 151 223 197 19 158 106 122 250 103 34 250 108 30 113
58 205 99 215 182 103 34 12 178 146 158 158 123 123 12 14 58 227 35 182
43 242 203 103 152 158 242 114 27 135 242 14 186 82 186 96 215 127 200 245
58 224 26 96 186 96 83 245 121 95 231 14 36 113 244 23 87 223 159 223
114 168 163 215 218 51 121 40 123 242 200 66 87 7 0 170 177 69 221 186
158 91 243 235 130 182 141 3 14 4 253 134 164 28 14 113 121 182 113 77
58 194 231 122 42 90 218 113 242 151 52 33 121 245 114 144 121 65 223 147
236 114 23 87 230 218 96 50 73 114 27 235 26 241 174 239 173 251 39 87
74 194 69 186 215 83 52 52 72 184 209 103 21 122 187 158 50 37 160 242
160 65 242 242 231 223 218 218 50 103 242 242 87 14 135 18 105 158 144 121
24 228 62 147 134 33 8 99 120 136 52 62 114 27 148 201 182 176 87 107
160 103 243 235 242 191 212 64 207 199 198 223 113 181 81 242 212 6 159 182
209 10 212 82 12 114 252 250 251 208 94 188 104 242 14 23 136 114 108 114
205 18 158 108 105 210 87 96 96 18 56 96 205 34 93 95 154 121 181 182
211 220 95 121 248 135 242 200 138 96 215 96 26 240 114 121 203 108 245 102
197 24 108 104 160 190 158 158 108 185 176 144 234 14 121 114 121 159 27 58
117 188 182 245 247 71 197 96 238 133 106 105 65 114 168 108 19 248 135 122
151 160 64 209 103 135 242 21 50 240 121 163 12 50 233 70 14 96 151 182
223 114 33 142 160 45 87 27 215 121 200 197 74 248 72 28 197 42 75 174
193 151 160 201 247 244 160 254 194 14 168 113 173 143 145 38 216 108 106 56
137 200 208 241 87 26 87 96 215 6 114 121 64 152 19 28 141 85 253 231
209 10 122 250 210 118 200 26 83 112 175 201 170 175 177 2 159 251 173 231
223 114 168 203 212 107 135 242 2 14 107 252 192 200 50 211 52 50 72 95
58 50 251 42 34 244 242 127 200 224 168 170 242 66 186 135 2 178 174 104
146 16 103 103 108 26 96 66 241 65 223 14 14 9 41 158 212 50 215 123
158 67 121 45 52 12 50 152 223 14 186 159 115 242 159 108 152 58 16 223
158 120 108 138 185 87 58 215 25 87 50 230 182 135 82 151 103 87 121 245
158 21 87 121 137 148 85 23 26 83 41 147 121 135 2 14 121 245 102 34
114 114 23 163 72 95 121 58 16 108 26 218 212 10 96 58 210 30 66 137
203 170 189 242 122 93 215 218 191 176 153 197 141 18 97 42 186 37 242 103
58 106 121 114 72 84 208 74 223 114 27 12 74 62 44 114 27 218 74 5
74 194 173 1 160 227 121 181 87 186 186 108 19 50 82 20 147 0 121 176
16 193 147 0 211 69 158 21 96 66 83 50 195 58 25 87 14 121 248 177
52 84 50 236 121 114 23 31 242 87 14 96 135 184 11 38 139 245 96 106
58 158 198 207 242 21 66 186 158 102 30 242 200 42 233 151 231 216 122 26
100 108 186 108 250 243 200 72 92 83 168 200 50 241 26 241 87 152 230 25
10 114 27 26 108 26 111 94 121 151 121 182 175 242 14 186 108 26 158 163
58 156 218 242 47 31 183 96 250 108 212 121 218 96 38 209 231 69 182 242
151 121 7 122 26 136 200 26 83 227 242 250 196 151 35 114 114 35 203 151
231 33 12 24 12 138 127 216 113 108 104 250 96 51 121 137 96 218 204 96
10 114 121 35 108 114 243 108 11 52 46 203 16 114 27 199 135 50 206 186
245 131 192 197 242 3 152 26 108 108 182 242 218 189 250 50 122 44 114 223
221 108 91 96 244 20 212 96 91 176 106 195 193 108 242 178 23 56 0 242
105 41 147 121 151 243 121 231 82 185 66 241 66 93 87 72 209 96 2 127
158 114 108 114 37 23 108 121 97 25 135 242 136 30 127 122 26 192 243 7
121 74 131 211 190 137 200 186 212 250 216 209 252 50 223 186 111 118 192 178
242 250 121 64 223 3 16 108 148 114 121 168 186 108 148 185 77 218 255 121
114 235 114 112 108 131 143 96 85 186 34 170 170 195 227 181 203 14 121 164
121 158 96 50 241 65 181 223 14 159 50 38 114 231 114 108 182 216 51 158
176 85 141 144 170 121 218 242 127 200 142 105 218 65 176 69 253 96 209 111
10 108 26 141 144 14 14 186 96 121 182 219 75 108 174 182 96 50 251 173
161 170 113 121 127 200 56 25 182 34 242 200 215 42 181 23 70 108 249 242
205 125 123 184 123 113 38 96 186 148 41 158 135 242 191 112 251 23 128 12
46 135 114 116 148 128 227 242 21 242 107 113 152 147 114 23 163 113 123 142
242 14 91 186 212 224 168 146 27 108 86 189 113 36 113 212 59 77 23 31
121 58 96 6 80 241 122 45 210 182 20 230 96 121 30 2 200 22 94 14
96 54 126 218 176 225 122 26 103 135 95 127 76 215 218 178 245 125 113 16
121 58 50 125 131 130 242 23 87 209 18 236 0 108 179 23 211 56 209 25
58 218 30 253 253 87 121 158 103 34 211 114 33 12 185 6 123 184 106 56
201 141 212 107 25 50 152 58 50 103 242 113 66 194 160 51 41 147 103 29
