102 242 0 60 208 242 151 106 242 147 100 170 177 242 200 26 50 152 58 58
170 85 14 126 14 50 182 69 242 161 94 231 135 154 41 11 142 205 158 201
151 201 212 96 167 215 121 212 32 121 144 82 2 252 102 136 200 27 26 93
74 194 231 27 58 16 189 121 221 136 159 205 186 211 121 76 244 41 95 56
158 108 26 6 243 21 188 182 216 109 186 108 26 110 45 207 52 150 176 223
58 218 242 50 66 136 200 116 207 90 121 120 123 135 150 97 186 152 114 204
159 108 42 121 121 176 242 200 248 114 16 114 121 114 14 147 121 192 77 57
178 121 118 182 20 242 215 178 173 251 242 179 136 77 120 200 96 50 197 10
24 197 221 152 241 87 158 34 200 242 21 6 143 109 158 235 163 102 251 34
58 194 23 218 242 99 31 135 242 108 23 218 191 29 14 48 177 114 235 242
58 194 14 77 184 138 182 196 50 72 95 10 52 72 135 114 54 91 141 212
107 251 50 240 20 96 250 108 250 144 200 46 16 108 201 201 114 96 77 242
242 200 42 92 221 26 241 218 179 12 114 223 105 205 50 190 244 69 57 139
10 182 215 51 158 56 96 121 57 121 182 189 204 96 196 64 27 109 23 56
243 24 118 200 250 50 242 82 12 186 14 121 144 241 14 148 242 200 86 22
22 158 158 102 121 58 194 212 245 243 123 219 52 248 135 211 182 232 246 69
145 4 152 113 232 106 152 131 253 3 58 96 205 243 121 65 189 245 160 106
58 218 218 191 182 107 252 252 253 153 134 110 106 14 121 181 131 186 186 108
107 13 186 108 105 108 94 242 179 223 230 159 215 148 94 200 76 215 91 121
40 104 50 110 114 108 114 121 182 176 176 243 106 168 114 131 12 173 223 69
242 200 170 103 77 248 137 193 114 26 96 66 9 222 12 100 114 24 108 197
58 50 14 96 73 34 179 218 51 121 194 14 160 71 163 174 182 58 23 114
242 200 26 241 205 11 253 231 35 158 123 204 142 135 242 45 87 147 62 160
50 84 56 108 203 196 114 108 100 212 182 242 82 67 87 121 7 165 87 19
28 93 50 103 121 182 244 176 79 251 19 186 239 253 18 170 23 197 138 35
58 103 241 106 211 203 170 23 87 164 12 53 47 31 104 30 100 253 218 123
242 148 90 139 121 204 212 41 182 176 218 218 210 114 134 110 114 142 114 7
160 198 199 21 23 0 158 56 231 182 182 114 195 21 96 26 170 113 96 212
91 196 253 152 170 231 88 10 114 45 107 251 50 233 14 94 242 12 150 196
179 12 176 114 67 173 10 205 50 201 121 58 159 121 34 36 126 50 216 122
192 186 148 96 205 251 121 192 148 218 246 114 181 223 159 6 245 170 234 170
163 106 242 51 14 230 95 23 61 12 114 121 106 223 218 241 209 16 242 20
253 121 114 135 108 84 186 34 148 151 133 245 135 242 66 212 200 242 6 218
24 16 144 121 197 195 2 13 87 147 121 209 133 50 82 231 67 30 121 158
74 163 185 66 201 121 2 14 121 223 114 108 186 212 121 154 158 26 103 92
102 28 178 69 32 244 50 136 242 200 211 87 218 254 186 181 87 111 96 244
192 238 186 186 131 252 158 242 82 253 251 50 33 62 242 182 113 29 122 186
242 14 114 108 26 209 215 218 113 106 87 16 71 211 41 135 21 91 158 244
24 147 103 135 121 240 92 242 87 14 77 215 87 78 135 121 186 151 193 121
253 251 50 236 108 114 209 242 0 25 21 215 122 103 92 248 56 231 135 121
58 194 14 38 0 42 25 121 34 179 10 218 50 97 158 241 242 152 170 121
245 62 178 51 52 41 240 121 8 235 231 56 186 186 111 182 104 253 50 48
245 211 243 234 78 212 14 218 96 50 251 236 135 113 244 12 170 159 121 58
234 170 121 80 150 179 101 102 87 121 10 96 215 3 152 105 218 210 108 182
194 14 108 3 147 71 50 5 121 96 121 96 121 245 123 184 211 26 87 96
114 114 96 121 248 121 201 114 181 14 223 69 26 50 21 147 244 121 218 210
96 121 178 215 231 114 159 121 64 201 247 96 176 160 56 13 136 114 114 108
185 103 26 34 131 177 136 114 23 87 19 186 3 215 218 215 163 176 208 223
242 82 108 186 186 108 185 121 224 191 60 14 100 14 173 231 135 242 87 240
24 108 173 147 103 21 56 25 135 242 200 163 174 96 52 84 170 242 170 103
96 26 148 242 2 6 163 23 56 209 158 218 242 231 67 242 19 13 3 203
58 185 202 241 215 159 203 170 148 182 210 16 10 60 178 212 242 190 41 104
182 67 242 200 186 186 93 226 175 160 101 102 58 18 2 25 108 87 186 186
185 227 14 189 210 12 96 231 212 182 195 80 144 92 82 121 182 2 197 250
253 10 113 21 26 218 198 152 163 214 96 205 202 114 223 159 41 21 50 1
58 218 218 242 82 113 83 248 135 71 247 131 250 23 248 135 130 207 52 97
228 200 253 121 218 96 151 121 182 96 151 182 87 91 182 242 12 114 35 147
242 159 96 176 215 26 50 56 152 106 131 114 35 114 235 94 134 58 16 203
234 2 93 135 242 178 130 173 242 114 26 93 241 87 7 135 21 152 116 142
58 121 114 159 121 58 96 231 212 50 1 102 242 191 42 123 62 35 51 117
97 170 121 13 87 19 253 50 216 122 186 96 186 42 141 114 29 100 48 223
58 194 14 186 138 158 96 26 93 99 23 76 1 209 148 205 34 36 212 100
74 194 14 186 96 215 245 218 51 121 176 242 200 197 96 112 135 207 21 170
58 218 212 50 151 158 106 146 16 114 121 245 102 184 84 50 95 199 212 106
