252 250 218 65 251 66 199 212 14 18 178 121 182 45 250 67 211 0 185 216
50 106 122 186 114 37 33 160 65 212 251 50 62 47 51 122 26 218 144 241
58 14 14 176 216 252 162 51 14 96 179 12 26 241 218 91 55 151 231 74
26 209 104 11 50 108 36 14 197 195 27 109 186 151 147 121 103 58 23 131
163 205 201 121 114 96 26 127 114 239 72 162 12 185 239 173 121 182 66 245
193 10 205 53 11 96 26 96 96 231 26 242 200 96 234 209 148 7 113 212
179 127 178 16 53 11 66 96 136 195 247 252 50 251 231 98 190 106 187 223
209 231 201 242 231 250 191 104 242 30 0 203 76 95 121 151 160 215 121 114
58 218 141 218 69 242 220 248 158 163 253 121 58 231 148 114 7 212 94 200
161 223 71 114 108 141 64 27 58 218 96 50 216 122 50 242 138 42 56 96
205 121 182 113 212 64 121 209 148 8 168 170 136 200 121 231 50 177 159 0
10 176 215 250 103 21 148 212 146 182 58 215 25 23 247 114 121 223 212 50
114 108 173 34 164 158 18 50 182 12 64 212 251 109 186 108 114 58 96 121
158 187 221 197 196 51 121 26 241 50 181 175 248 135 137 230 87 6 190 14
74 87 186 247 203 108 186 147 121 72 173 121 186 211 243 164 181 121 87 154
250 253 40 26 96 250 240 91 121 12 114 218 34 187 106 186 108 150 91 87
201 178 109 201 151 242 66 50 72 152 93 25 218 113 23 12 200 50 182 12
35 236 121 93 113 29 122 186 108 186 163 179 58 194 158 56 96 42 11 102
107 50 108 173 242 66 152 81 0 71 230 250 200 108 211 128 136 215 217 34
37 242 191 42 62 67 114 121 120 158 197 16 211 101 242 200 108 72 56 185
193 143 114 223 186 108 133 130 158 148 124 223 177 21 66 217 102 128 76 234
137 161 67 114 72 201 199 231 173 34 184 250 136 231 242 200 42 108 26 96
163 158 210 2 119 2 82 208 137 45 121 128 245 223 186 209 26 83 199 231
114 223 114 87 159 9 163 148 112 250 218 174 163 50 56 58 50 216 122 19
65 182 242 182 92 248 154 144 121 154 71 201 231 160 8 11 158 218 160 240
58 103 66 0 69 219 253 121 253 96 66 95 113 148 245 243 123 200 163 176
10 148 218 71 153 114 211 121 182 242 66 186 181 19 62 242 179 150 179 25
209 174 131 106 103 181 87 230 14 121 114 168 114 23 67 96 121 242 208 14
10 205 186 148 99 189 40 104 148 104 121 50 61 253 121 189 174 209 186 96
196 168 203 106 23 12 124 223 19 215 96 218 51 121 114 104 87 121 241 121
192 144 14 58 114 110 62 196 242 26 136 52 52 39 136 219 87 106 56 248
58 16 221 108 158 26 56 96 178 113 212 251 106 122 37 188 46 121 97 96
242 200 148 205 235 195 27 104 28 4 12 158 96 173 251 66 30 199 160 50
227 243 103 111 242 85 179 244 196 96 205 220 66 152 2 203 16 224 108 141
102 158 158 212 204 135 242 200 201 199 151 201 251 33 12 114 218 144 14 14
194 23 135 123 235 159 114 27 108 26 34 113 160 9 227 50 34 123 121 66
58 194 121 182 58 177 242 200 148 158 96 114 235 44 114 178 223 181 135 242
252 192 227 218 242 200 44 50 20 71 19 186 159 212 14 121 58 253 7 173
58 218 50 182 176 215 218 96 251 21 50 9 198 144 14 173 121 121 178 160
86 186 87 186 186 131 215 52 121 58 176 102 242 200 168 58 96 14 191 176
37 196 158 96 231 251 242 127 146 251 135 65 182 101 66 12 30 95 34 82
158 84 151 242 87 14 96 50 33 16 121 182 88 152 1 231 16 151 242 87
160 111 175 223 35 114 121 182 250 96 205 96 112 113 231 121 2 121 205 50
94 199 219 218 174 114 203 219 178 35 83 196 163 96 114 174 200 96 45 215
216 173 243 135 211 139 121 205 235 242 179 85 71 121 35 114 37 23 114 135
91 145 96 50 209 152 182 176 63 144 158 218 51 121 114 50 77 184 14 77
114 134 154 27 197 221 123 186 203 62 219 123 22 183 56 96 38 106 14 141
212 96 200 138 174 45 173 121 151 244 121 158 91 242 96 223 50 232 231 169
219 185 189 242 142 14 22 239 205 223 114 223 0 12 106 1 185 121 69 50
128 121 218 96 50 121 58 0 221 207 150 242 182 38 121 138 173 115 83 245
151 121 95 248 50 84 160 227 123 135 242 200 209 182 88 14 223 14 230 203
223 250 148 205 218 96 114 121 200 58 13 193 148 110 131 135 121 56 147 244
242 127 82 24 16 214 212 65 34 152 113 123 62 139 173 251 64 91 103 103
243 121 23 128 135 168 170 21 50 26 96 127 178 212 191 152 239 85 96 50
65 159 212 104 196 26 170 10 158 108 143 28 186 223 170 170 121 173 195 238
58 107 186 108 186 83 81 242 82 164 73 108 242 200 211 152 205 170 211 56
67 114 114 114 23 87 121 253 73 136 135 37 242 66 19 52 42 83 41 242
58 218 135 135 76 45 2 182 244 242 23 0 241 235 49 231 176 215 218 71
245 11 126 250 196 45 27 51 144 27 211 61 158 158 50 209 121 50 35 20
161 108 245 245 58 94 207 192 233 218 242 208 58 242 127 179 215 62 186 147
106 121 14 121 205 130 158 104 236 212 104 21 152 150 245 177 130 123 95 152
137 253 242 127 46 87 7 212 96 138 241 174 131 200 168 147 61 170 160 189
192 163 215 96 174 186 108 212 158 50 251 199 219 184 126 250 95 133 58 191
252 108 11 83 244 7 238 114 114 70 96 26 105 210 87 168 127 13 170 0
