247 10 210 182 110 113 16 140 39 66 12 158 30 231 144 121 122 50 228 21
58 160 103 87 185 111 200 219 95 133 51 212 109 121 226 158 96 38 12 144
242 87 23 173 223 35 131 88 205 69 214 95 210 2 251 110 173 198 87 121
58 13 28 131 200 126 218 242 127 208 26 103 128 135 242 208 22 114 114 35
24 147 123 65 114 104 121 147 121 106 27 19 248 135 240 184 96 231 242 200
52 223 103 73 182 10 58 66 96 26 241 103 50 121 151 143 45 0 137 107
58 223 50 130 121 244 158 69 109 83 198 243 56 170 121 23 242 200 225 75
91 242 82 186 243 231 215 112 200 96 231 181 242 108 147 173 121 233 121 114
242 189 174 45 182 38 160 103 12 121 170 121 212 96 218 245 50 201 38 85
90 159 77 182 216 122 250 85 209 188 58 245 234 9 225 158 96 250 140 179
163 8 182 250 50 75 218 219 76 110 199 253 242 244 110 223 114 22 108 27
160 5 123 223 142 96 250 50 218 212 242 45 23 87 135 121 28 207 229 103
10 136 45 23 87 87 158 64 174 203 23 62 158 96 48 59 219 230 170 48
103 34 200 254 108 26 148 211 114 7 45 210 52 184 14 50 18 122 24 16
96 223 151 19 186 163 0 121 26 170 77 96 12 173 33 87 158 81 210 126
175 105 12 114 223 135 31 160 9 121 216 122 114 223 69 135 123 25 121 114
57 121 99 14 186 148 96 148 63 216 139 208 218 216 122 96 96 50 178 212
242 19 66 152 242 87 23 87 87 14 241 14 77 22 135 127 215 218 140 42
131 16 212 96 122 186 26 82 87 186 50 76 14 126 195 130 87 73 189 209
242 21 231 122 255 158 144 58 242 14 27 235 114 239 76 242 234 2 76 14
100 80 16 242 141 34 16 79 121 182 216 251 52 199 216 58 176 160 178 144
175 177 96 232 244 215 42 186 221 139 96 96 255 228 211 141 121 253 185 157
58 194 14 42 121 159 148 178 235 207 208 93 200 96 26 241 216 50 84 231
252 250 108 176 114 192 236 159 72 31 135 114 67 181 159 230 14 41 8 218
58 13 158 18 16 170 242 96 26 111 3 50 122 91 218 182 250 3 218 221
242 66 179 175 177 21 152 175 77 108 109 186 186 108 242 82 158 96 42 215
50 23 128 242 3 108 23 212 12 135 242 87 152 182 12 242 23 230 35 114
158 96 212 146 197 192 114 108 160 158 120 186 243 178 242 144 208 170 121 0
221 252 112 135 91 245 211 189 19 3 152 170 14 242 127 208 241 218 242 152
103 34 156 242 200 42 194 83 215 34 35 19 148 240 212 231 122 221 164 96
74 37 242 9 203 103 108 26 240 121 142 250 21 108 148 56 96 231 110 144
243 77 110 35 200 168 250 179 200 209 219 108 238 199 91 242 234 170 14 77
58 194 147 158 67 112 215 82 185 108 186 181 189 182 13 58 58 151 106 14
67 114 4 196 200 205 96 26 6 176 215 208 241 76 57 101 121 205 218 103
160 103 103 50 34 173 34 221 131 218 175 73 73 114 135 112 252 192 241 181
50 177 114 87 7 113 106 167 186 99 5 242 14 241 31 114 108 186 147 81
137 215 174 61 170 137 215 23 62 35 114 8 242 127 151 182 121 205 121 144
160 181 199 161 167 218 118 148 205 50 50 30 209 102 137 91 58 200 250 50
151 254 212 100 76 147 103 87 152 158 242 14 26 203 0 241 87 121 242 200
121 158 50 108 200 60 14 50 152 108 121 126 58 200 163 23 210 87 186 197
230 14 141 215 96 141 107 104 121 50 128 223 113 187 62 168 203 176 10 223
167 173 206 152 242 21 173 231 153 46 186 91 151 56 142 114 162 9 170 126
114 131 223 247 239 205 186 218 241 56 96 231 210 240 20 121 181 0 146 107
158 145 85 239 242 108 217 34 11 253 170 87 242 135 136 200 193 27 51 121
209 69 193 10 83 199 212 146 56 135 150 179 218 218 96 122 186 205 242 127
245 14 5 87 58 185 103 96 6 221 207 12 50 108 246 182 24 121 106 114
201 186 108 26 152 163 96 205 50 122 186 186 23 136 212 102 223 135 114 147
186 248 186 159 159 113 38 96 121 91 245 192 200 88 208 186 96 118 200 51
58 93 66 164 50 95 19 23 62 242 87 87 7 168 182 151 158 55 159 247
58 69 60 200 46 229 26 241 218 229 197 242 126 234 200 186 241 252 19 28
121 252 26 200 96 50 78 250 87 135 164 200 26 111 245 50 114 12 114 27
58 114 108 42 176 144 82 69 231 184 96 75 174 251 248 219 0 168 215 159
160 198 223 113 135 193 114 27 192 114 108 26 186 26 93 50 143 189 120 231
192 163 205 35 203 38 96 66 42 211 131 230 203 182 20 114 108 88 121 200
102 103 74 247 114 114 27 192 31 135 242 191 110 253 121 185 19 234 165 185
185 106 252 102 137 250 96 50 46 121 50 75 90 239 152 114 23 182 176 242
163 176 176 74 136 94 200 58 135 218 28 210 87 14 121 186 158 201 118 51
58 13 200 26 82 52 26 241 95 62 151 154 104 215 25 14 108 26 91 144
145 99 176 188 96 50 206 103 66 152 114 245 108 44 114 143 45 27 196 242
58 13 87 181 114 108 61 250 57 136 248 186 181 234 54 100 212 96 106 104
88 121 218 191 209 27 242 200 87 12 250 237 168 189 56 62 8 138 135 178
96 121 114 186 159 147 142 159 34 170 182 20 14 186 96 1 242 113 178 38
221 251 50 123 179 12 168 186 203 141 45 242 200 208 58 50 113 251 173 58
35 147 83 14 215 15 227 71 10 94 208 58 21 241 87 158 158 26 241 87
