250 179 208 185 211 12 250 12 99 223 151 121 158 35 118 221 218 64 192 122
151 121 192 185 113 110 212 14 203 215 244 91 3 50 143 96 107 50 251 198
226 135 109 121 57 27 112 191 136 114 241 120 112 114 59 196 244 116 186 151
158 221 200 26 181 69 66 42 92 2 21 152 163 25 135 85 148 218 103 135
91 51 158 197 135 242 223 174 143 148 205 186 148 7 215 25 135 114 7 135
170 121 126 45 23 177 114 168 114 165 121 206 138 107 135 30 66 83 96 217
120 16 168 108 148 174 173 77 211 241 223 50 223 186 148 35 186 186 135 19
145 107 136 114 160 245 58 223 135 168 126 203 0 102 30 152 141 144 14 189
205 231 242 200 175 242 21 66 42 113 96 127 185 241 251 50 121 209 245 102
85 221 111 152 221 134 152 242 250 179 103 66 87 158 144 14 96 121 114 121
209 242 165 152 230 151 121 239 211 192 252 185 114 108 178 223 106 135 82 248
192 159 114 27 108 166 96 231 176 160 242 87 230 189 174 50 60 147 171 244
205 223 186 96 215 145 159 210 200 114 207 52 248 128 94 121 103 141 16 151
205 223 23 114 4 158 242 21 66 186 96 156 241 188 242 113 152 114 26 108
223 120 176 215 218 113 123 123 232 7 20 210 26 136 195 82 253 168 182 38
242 66 12 122 223 114 37 135 121 14 96 173 34 26 50 27 211 224 158 207
37 189 174 168 148 218 218 242 42 135 242 87 72 196 108 185 83 28 245 253
192 151 28 231 108 251 242 176 173 69 216 26 91 215 19 96 112 150 179 113
162 111 107 186 103 7 114 108 79 121 177 137 200 137 45 239 205 158 253 241
58 25 14 26 241 241 152 62 96 239 11 45 176 239 209 16 242 248 72 123
16 160 230 45 104 215 218 215 135 114 205 106 227 9 96 186 16 164 242 170
102 242 200 24 212 113 71 122 186 148 41 147 231 92 242 87 152 163 75 26
145 16 242 142 85 232 231 58 113 212 185 148 230 35 160 91 244 138 163 174
222 242 190 14 14 81 121 158 96 250 50 251 173 121 176 48 50 138 194 23
205 193 5 121 218 96 50 73 135 114 108 114 154 215 136 135 242 87 87 14
218 242 14 186 212 107 186 148 110 186 131 80 122 205 117 160 215 96 151 182
57 209 173 121 114 27 58 242 82 22 252 250 108 240 86 42 136 200 108 168
231 58 103 247 114 121 80 31 122 42 179 218 242 219 152 162 14 91 114 96
10 34 93 181 135 200 91 32 176 219 93 135 136 16 123 95 245 62 168 175
223 120 186 108 19 104 253 194 14 186 96 102 87 186 181 211 87 203 2 14
215 168 26 6 121 151 253 163 50 72 123 123 33 12 26 186 108 192 74 108
96 231 121 182 46 223 69 189 179 12 114 186 23 62 76 3 10 253 215 218
158 158 163 218 242 14 26 103 108 26 172 121 243 243 200 193 136 121 160 189
161 223 120 16 72 95 121 47 175 177 32 58 58 223 247 135 130 87 121 210
26 148 207 62 3 218 113 66 121 158 18 158 96 96 50 72 137 83 16 193
221 252 108 148 94 4 93 247 18 149 38 253 121 58 194 14 220 87 159 23
201 27 56 250 56 158 246 135 54 96 253 215 96 50 242 200 42 58 102 50
96 54 196 38 77 9 242 178 108 19 96 66 162 178 87 135 121 182 26 247
163 205 106 108 121 252 200 45 186 108 250 236 204 96 216 134 31 113 142 85
10 96 26 181 194 179 35 171 42 37 242 162 113 99 170 121 147 135 147 121
158 251 216 113 123 232 242 14 186 186 108 26 19 209 189 65 0 131 216 160
120 158 144 14 37 26 241 123 42 223 14 108 185 217 34 30 170 121 103 91
242 87 152 46 81 51 121 39 218 244 41 123 216 252 136 114 235 121 185 230
242 200 26 21 1 58 218 242 113 147 121 92 12 114 223 186 50 9 158 218
114 178 23 136 218 8 12 58 184 209 104 196 109 175 12 191 123 242 200 186
194 231 135 92 135 250 176 242 148 181 12 212 151 222 152 252 250 50 68 122
121 192 186 186 181 108 176 160 85 102 209 16 175 164 163 12 176 178 62 251
176 160 227 123 87 135 14 83 244 121 12 150 152 133 248 188 126 218 96 122
181 223 114 203 38 29 121 12 3 12 85 19 14 219 96 106 235 182 250 179
170 121 97 96 96 45 106 121 248 21 75 42 87 27 24 147 189 224 242 179
245 109 23 163 106 202 118 6 163 50 215 218 182 215 218 242 208 194 14 50
158 50 108 199 1 114 72 87 10 158 126 218 50 242 23 208 16 144 234 2
92 242 208 223 189 174 178 35 26 87 92 158 251 158 96 229 19 146 242 23
243 33 173 231 160 111 104 121 200 105 251 248 56 127 10 126 148 26 114 33
194 23 237 114 114 112 58 14 121 128 242 231 12 87 87 14 111 120 81 28
102 223 163 12 178 125 168 108 46 127 210 46 244 110 95 127 27 56 96 250
58 194 14 167 218 151 121 135 200 96 253 121 106 135 242 200 11 215 218 141
10 136 118 127 178 168 250 2 179 200 195 174 72 240 211 122 97 186 218 215
160 246 118 58 223 14 35 114 223 114 135 114 176 160 8 112 175 177 225 121
252 50 2 127 135 151 201 21 98 128 160 215 215 136 118 95 152 66 138 120
50 95 216 251 176 33 32 19 136 200 158 168 20 14 35 108 11 113 69 231
145 69 219 221 218 64 136 242 44 203 2 224 87 13 114 212 96 205 14 223
205 37 196 46 23 197 108 196 212 224 96 96 50 122 250 111 182 4 14 106
221 52 84 57 212 96 58 34 191 176 112 219 16 108 26 240 133 128 24 16
