114 14 173 187 211 121 208 194 14 50 105 205 251 208 242 203 2 14 10 151
204 50 243 103 163 218 71 198 245 6 147 121 239 243 154 121 196 178 242 95
242 14 19 173 96 231 251 58 62 96 121 181 14 46 186 108 19 40 245 59
58 50 45 152 108 51 121 50 110 178 103 34 242 200 177 51 211 245 111 182
57 112 135 219 96 186 148 114 27 186 108 173 49 231 176 160 58 69 3 50
58 18 65 248 52 5 75 26 50 108 99 244 121 159 77 99 158 218 91 41
160 241 56 218 255 50 33 231 121 65 244 152 242 127 182 44 6 151 133 218
114 211 241 87 78 110 34 200 242 200 26 241 218 96 231 0 22 254 108 231
158 50 27 122 235 174 252 50 251 173 219 22 13 136 200 35 114 114 97 96
58 194 14 152 5 241 14 186 96 212 96 113 63 147 106 56 181 121 34 136
242 200 152 108 133 57 121 73 114 184 92 66 164 28 251 66 42 216 247 50
158 54 212 245 241 218 235 196 242 66 83 193 216 122 186 96 141 38 189 242
28 250 2 96 136 159 251 209 16 186 27 227 50 251 179 218 51 121 50 9
223 114 92 135 242 178 85 96 211 7 114 168 13 108 248 135 121 147 137 83
185 72 95 121 223 135 200 26 240 227 235 45 207 199 19 12 234 158 146 16
158 218 113 123 45 102 199 135 242 182 50 242 182 113 45 23 135 241 0 34
91 97 193 65 227 147 52 192 186 114 141 69 114 108 23 163 251 174 35 114
65 19 151 121 182 192 178 211 137 96 83 179 139 58 50 104 232 121 205 251
121 158 141 238 121 227 173 223 203 242 152 113 152 250 50 50 212 208 50 241
58 218 51 243 236 50 123 160 75 150 242 200 26 144 14 65 223 251 66 186
185 160 242 200 230 189 230 245 1 18 252 192 178 148 194 87 96 239 107 152
160 233 96 121 114 27 104 102 150 244 201 0 50 95 182 182 73 113 66 207
252 200 51 58 13 148 211 147 212 14 69 189 91 81 207 199 227 223 114 219
223 158 50 251 248 241 87 209 109 186 205 170 121 241 95 89 58 16 16 121
10 144 14 96 66 242 14 186 9 209 185 77 26 241 218 95 231 64 176 191
242 200 218 191 121 82 185 230 216 19 42 181 87 121 242 87 121 188 121 245
102 151 158 121 163 253 147 142 236 106 80 182 215 147 103 34 100 27 168 195
58 16 154 251 50 182 32 12 178 35 51 18 56 121 96 121 182 86 139 219
96 121 211 182 38 112 113 152 20 96 251 141 160 242 170 160 88 14 40 20
163 196 201 121 14 121 114 24 114 108 186 147 121 185 219 12 111 158 200 130
114 64 18 26 14 91 245 242 120 153 114 14 186 189 0 209 186 212 204 135
65 66 189 251 66 93 191 73 69 73 218 113 121 135 200 138 58 50 33 158
231 253 245 50 177 178 163 17 250 233 245 211 127 178 85 71 223 114 235 91
209 58 215 91 160 103 218 61 152 243 123 187 197 23 203 176 144 241 223 35
192 173 241 208 58 194 14 91 178 173 185 247 227 223 239 6 205 232 103 34
160 245 102 242 66 152 23 216 13 112 87 14 251 242 66 42 87 143 116 202
53 232 138 19 129 51 158 226 109 180 215 163 26 96 174 239 64 251 50 122
151 106 235 71 164 135 102 147 121 93 135 91 58 218 182 7 110 215 189 218
107 29 14 121 9 120 253 209 186 96 26 186 61 62 147 121 62 173 231 5
242 200 26 105 194 201 231 147 121 114 176 186 148 26 186 93 151 121 13 87
20 146 58 14 195 94 136 58 194 248 137 45 250 200 251 231 38 87 135 83
223 114 108 46 4 14 242 183 200 96 212 96 94 200 242 127 82 10 46 185
58 144 234 170 21 14 50 1 194 14 136 242 14 0 27 242 113 85 250 179
91 227 174 147 65 189 87 14 148 182 138 12 38 230 158 148 58 194 23 173
163 50 27 242 21 231 23 131 251 106 108 173 94 231 121 97 218 96 231 50
201 14 177 148 41 236 123 127 121 239 72 131 31 227 233 191 66 242 176 135
106 14 211 114 134 21 173 223 135 94 121 182 242 76 83 163 174 57 200 230
114 131 215 96 69 148 51 158 211 131 144 158 158 242 200 113 106 164 227 135
192 186 114 26 186 50 65 147 102 56 121 200 34 200 245 242 203 66 152 137
242 14 230 96 231 242 127 200 168 113 50 224 96 96 151 120 173 40 50 27
58 218 242 82 239 173 231 94 200 72 173 242 200 78 210 30 62 32 96 66
145 26 6 136 150 221 25 197 112 113 35 108 223 0 152 82 16 21 103 50
253 40 69 3 50 105 144 83 242 200 26 241 231 122 26 50 56 181 14 14
10 105 35 121 74 87 87 186 111 93 95 121 114 35 108 104 160 242 87 72
178 0 96 251 121 58 241 25 121 193 189 182 71 122 205 251 121 153 158 135
233 29 122 186 189 251 21 48 103 19 248 50 22 171 32 50 118 210 207 33
135 123 135 164 69 100 2 41 212 254 96 50 86 108 26 96 6 163 75 22
209 139 251 242 127 240 151 117 121 35 151 242 52 110 106 120 245 207 66 52
107 50 110 113 106 131 72 231 2 113 236 143 96 205 223 77 87 241 218 242
211 243 242 2 200 26 96 215 50 61 113 27 12 151 245 234 170 121 218 109
219 102 52 27 150 201 242 182 182 216 122 237 24 147 19 44 212 148 99 1
163 174 105 163 108 52 26 241 241 218 218 212 88 14 96 171 152 242 200 77
58 194 14 21 54 141 23 0 218 50 140 113 147 121 182 216 108 188 242 208
223 69 239 19 14 77 96 219 223 45 212 100 83 244 219 148 58 223 23 151
