221 164 218 218 242 234 14 191 75 58 188 136 114 27 215 108 26 42 62 173
163 174 252 24 148 58 181 69 253 85 96 66 185 194 14 107 174 114 112 204
205 252 26 170 189 189 9 103 247 203 14 62 158 223 50 27 158 51 194 14
253 121 205 247 170 205 48 144 14 167 148 218 242 93 102 242 50 216 56 150
96 121 248 241 45 182 46 87 14 186 93 50 114 178 84 173 231 65 207 56
74 37 242 14 50 72 123 121 34 182 151 231 67 58 121 58 185 160 241 218
242 151 142 121 151 121 142 200 162 186 186 50 42 186 108 148 73 0 247 113
58 194 14 42 186 108 133 96 215 210 248 3 148 87 12 14 96 38 186 170
223 175 215 106 233 92 219 50 165 152 114 110 53 147 184 20 96 136 114 236
247 151 121 182 114 12 203 196 106 114 173 27 242 120 121 170 109 212 50 189
86 186 30 19 121 50 72 87 208 218 242 183 138 24 136 114 114 108 87 121
120 106 168 195 200 147 222 223 250 179 218 48 50 242 14 242 182 66 119 2
242 200 216 244 114 232 96 168 50 101 2 152 108 19 121 2 178 114 223 114
205 198 184 236 131 164 176 176 144 14 13 7 58 30 209 62 242 205 48 103
145 176 50 253 123 242 95 174 116 186 108 170 121 197 205 75 131 239 223 45
253 121 182 196 26 221 95 178 248 137 83 92 242 136 114 114 114 200 247 96
97 30 19 100 131 45 119 152 11 244 87 109 121 18 94 231 19 104 204 104
242 21 66 242 135 200 148 218 218 56 218 71 122 159 18 168 14 141 121 159
211 14 135 71 241 218 96 38 130 170 121 159 251 152 114 203 108 148 104 135
242 200 96 201 14 96 151 242 21 198 160 103 212 250 108 26 111 49 196 121
163 253 174 31 227 69 160 114 14 114 84 186 186 50 5 35 108 203 123 251
97 50 6 142 114 114 135 52 19 83 176 215 19 245 239 210 99 211 181 192
242 178 17 151 23 87 23 92 209 50 27 103 181 142 114 186 181 219 203 165
160 184 231 121 23 198 12 218 242 66 42 186 114 108 42 136 200 30 121 112
128 92 2 221 138 50 205 121 34 74 87 27 170 103 144 240 136 102 185 190
112 254 242 200 11 113 113 107 113 212 102 153 85 82 192 178 186 34 31 87
158 50 108 106 98 45 242 14 135 121 242 85 14 50 26 181 203 38 231 121
57 147 121 90 187 186 108 106 121 182 118 150 179 230 87 203 14 102 219 92
58 50 121 92 0 69 242 99 60 121 57 159 25 102 199 135 243 231 235 242
58 107 123 186 154 96 113 141 223 35 114 121 197 121 253 14 96 201 108 113
58 194 14 170 223 189 174 200 26 241 50 151 96 201 108 186 44 114 195 184
114 220 138 192 218 242 82 247 103 247 193 242 170 23 218 208 209 145 4 158
223 114 12 151 185 223 135 200 228 200 96 151 121 58 200 58 194 14 177 242
10 212 96 58 163 148 218 96 244 110 173 87 158 190 244 48 153 151 121 253
58 194 14 109 247 186 216 252 192 251 17 253 77 250 66 39 223 26 186 108
74 131 114 235 114 27 114 108 121 114 114 108 163 99 14 26 144 14 186 189
58 31 135 27 215 108 212 219 221 52 242 87 72 19 186 42 186 108 26 241
102 245 184 193 159 226 71 251 31 105 218 254 144 208 21 34 238 56 209 158
50 236 201 121 114 235 121 114 220 144 41 14 173 242 66 182 126 26 96 250
163 174 173 182 26 91 151 244 121 186 241 251 91 50 216 104 248 56 135 31
161 103 108 50 21 10 170 121 176 114 134 12 26 25 108 211 242 96 85 96
10 239 212 187 252 26 123 72 231 110 53 0 186 50 84 79 121 210 72 87
96 34 196 42 34 136 72 121 102 242 21 51 244 121 205 195 242 87 2 76
185 103 149 186 93 170 76 191 121 46 121 163 27 12 135 113 212 188 231 122
50 160 0 241 27 123 87 23 81 113 108 173 242 200 24 20 51 241 87 241
219 221 25 56 10 26 241 218 96 245 58 194 14 108 66 186 96 243 106 121
114 178 160 34 170 231 121 248 35 210 87 158 96 2 218 79 185 209 214 186
245 10 57 121 253 136 69 50 14 81 212 96 209 34 95 242 14 114 239 94
205 178 74 242 159 251 66 241 87 96 212 88 14 151 121 8 96 174 118 96
231 211 94 208 62 56 62 96 33 87 19 194 14 37 33 17 81 72 231 221
252 192 12 131 195 103 108 153 208 158 186 144 14 121 82 163 218 212 224 168
58 194 14 250 123 127 242 200 26 241 122 42 186 19 96 121 176 114 121 114
185 199 219 96 112 113 16 14 121 114 114 51 121 114 223 114 24 108 27 108
242 14 186 118 104 45 200 242 200 27 26 209 223 50 26 135 242 82 231 242
58 98 8 135 168 218 34 240 186 9 91 7 151 121 205 121 82 227 78 159
151 121 39 200 1 158 196 26 111 245 218 105 227 218 58 188 69 242 104 253
163 205 227 50 123 12 173 242 23 30 66 121 211 203 221 136 114 168 203 41
192 173 10 18 245 234 174 252 50 27 238 108 26 196 239 114 112 114 205 160
120 244 94 231 21 25 127 251 74 163 26 152 239 118 91 160 158 209 201 212
65 189 250 179 31 113 212 113 23 108 60 121 248 223 50 20 14 50 23 34
231 186 215 178 223 189 182 58 121 121 106 121 6 136 200 96 6 103 212 14
58 194 14 186 108 46 186 108 159 14 186 96 163 113 31 14 50 31 241 87
9 186 19 209 51 158 102 221 251 123 33 114 108 182 20 113 14 52 50 254
74 193 118 76 94 142 148 96 121 114 178 188 40 182 38 235 241 25 121 8
