179 16 188 75 184 234 93 95 166 178 151 121 12 242 136 253 223 120 91 136
102 128 242 23 34 123 123 30 129 174 241 182 182 242 200 96 219 58 251 66
97 91 186 113 186 93 96 96 170 33 242 151 255 244 242 191 201 231 241 87
18 144 82 185 203 76 212 118 158 67 159 16 173 251 208 114 108 114 27 160
58 218 218 38 251 73 114 46 121 0 210 87 219 242 87 247 242 114 23 113
58 93 111 16 62 148 102 22 163 248 223 251 173 18 231 1 96 231 215 248
185 0 240 249 231 33 216 242 113 101 231 232 182 242 127 242 87 14 19 35
221 12 64 83 170 103 76 242 0 148 159 121 114 114 72 212 106 16 108 206
185 194 14 121 242 191 241 152 170 121 14 121 74 8 178 68 23 203 22 26
102 18 25 108 173 185 93 152 163 0 241 152 170 103 123 17 186 186 203 108
99 45 214 6 189 170 121 86 6 103 218 121 114 223 114 108 114 134 114 168
196 242 66 82 151 194 250 108 99 174 49 173 251 165 173 242 182 76 14 186
248 135 242 200 96 58 10 186 247 215 45 127 242 218 148 241 209 253 96 241
35 192 186 108 100 242 200 96 186 159 3 96 215 27 151 37 242 182 126 114
163 174 56 96 87 185 6 80 135 242 200 186 102 30 186 147 212 14 14 96
186 173 182 176 50 0 66 87 209 177 85 148 96 96 26 6 28 108 212 74
102 117 121 205 226 223 215 14 230 40 223 120 221 218 191 121 182 176 165 33
209 253 195 252 92 50 182 242 179 12 45 0 0 136 178 147 121 245 14 121
223 114 108 186 192 106 97 96 96 96 91 144 200 93 0 251 32 96 6 161
114 223 114 189 66 111 216 197 96 34 136 230 218 71 122 26 111 175 242 66
58 194 152 196 242 87 14 239 242 200 11 26 148 240 242 200 108 113 147 102
121 58 181 178 93 87 223 14 223 114 223 96 231 204 135 207 135 154 217 91
107 16 255 92 45 242 200 250 210 58 25 234 162 82 31 122 26 166 143 219
50 56 91 81 168 35 108 80 242 231 176 241 87 14 45 28 182 104 50 56
24 252 192 168 151 186 181 62 242 14 81 242 14 48 113 1 102 52 171 152
114 29 87 209 253 40 152 221 186 108 46 23 87 218 182 242 200 182 195 182
58 69 91 26 241 239 160 118 147 121 128 158 108 11 154 168 175 164 32 241
145 144 173 121 189 251 58 209 223 120 50 108 26 208 230 14 121 234 182 126
10 248 16 108 223 114 14 96 66 26 217 2 12 31 227 218 242 66 245 62
40 223 14 18 96 83 11 13 83 173 242 182 242 200 174 186 230 87 96 136
242 200 26 186 158 243 76 217 121 205 0 121 220 77 46 93 95 23 74 128
201 48 114 233 215 14 231 158 26 241 218 96 209 251 231 114 187 243 85 178
41 28 178 182 58 242 182 113 34 251 66 28 27 27 58 153 114 121 114 235
107 252 253 162 186 14 102 58 223 50 7 250 87 135 19 114 107 42 136 114
158 200 208 58 218 215 168 182 216 201 50 108 122 186 96 6 137 200 168 189
145 250 229 179 218 87 241 182 229 2 200 96 232 113 212 96 96 218 96 38
221 26 50 201 186 181 211 95 212 64 127 26 218 171 199 212 14 152 82 185
252 26 26 92 82 191 23 87 218 242 20 14 250 223 195 223 189 251 52 44
10 151 121 10 151 158 134 92 66 241 158 158 106 14 58 241 182 224 121 158
114 27 26 108 178 134 31 240 19 121 178 88 186 217 214 42 136 160 230 25
179 216 106 0 144 1 231 221 87 218 174 235 160 34 248 223 159 81 200 96
252 192 94 197 96 95 1 216 108 96 250 105 211 181 10 215 218 51 121 151
126 241 218 242 82 192 87 50 21 189 122 96 26 67 39 0 173 178 106 115
50 54 72 240 168 195 7 212 13 121 114 4 215 218 51 194 212 51 255 26
205 209 77 136 216 113 16 108 152 174 87 139 121 186 64 108 173 199 219 88
151 243 103 50 163 50 80 31 114 121 58 50 21 217 0 112 216 122 96 96
10 26 87 241 234 2 200 26 170 21 242 14 148 96 121 209 223 120 114 168
223 186 186 186 186 108 205 186 69 231 199 234 209 106 14 74 194 3 215 176
58 223 186 111 193 127 178 223 0 51 227 50 23 131 135 223 114 27 7 13
125 69 100 85 141 96 170 23 87 0 209 50 27 92 248 198 121 215 121 153
147 212 96 38 218 96 121 242 21 113 250 123 112 242 208 243 242 200 96 12
201 121 193 211 98 62 16 118 150 231 205 10 215 123 74 87 120 16 123 121
185 103 181 203 147 212 85 178 239 209 174 197 50 108 182 38 75 174 158 108
74 189 96 121 112 195 123 223 38 231 251 242 14 72 95 94 231 121 40 197
242 200 204 135 242 99 248 230 87 96 242 244 121 204 165 96 179 12 14 114
215 178 11 186 93 219 223 113 64 232 18 104 135 242 200 186 148 242 87 181
58 209 10 10 212 96 50 240 23 207 21 113 108 26 42 148 15 102 72 138
28 201 114 216 186 159 252 50 50 206 113 152 46 108 121 182 22 126 174 173
58 107 35 108 178 23 75 170 23 87 7 106 223 69 189 126 218 242 200 114
114 108 14 82 209 196 45 82 186 186 186 147 37 242 127 179 216 252 51 16
23 131 106 181 87 218 242 20 96 113 141 182 13 52 12 150 106 186 23 243
74 223 147 158 215 78 127 178 11 96 112 219 225 189 207 240 199 242 14 223
192 164 50 215 112 135 2 200 186 114 96 239 45 160 254 108 110 61 38 96
192 223 103 0 241 152 170 151 157 189 219 108 51 104 13 30 171 121 52 46
