231 58 135 94 147 121 120 158 121 140 87 96 172 62 200 168 170 121 114 27
10 163 38 220 62 173 64 121 194 14 50 232 96 23 135 108 136 104 218 113
158 32 91 211 223 191 42 212 210 136 182 51 121 8 96 212 96 242 182 17
92 231 56 209 177 121 114 108 173 121 182 242 26 200 51 76 135 242 200 250
91 231 106 223 114 108 186 196 108 223 69 135 121 60 251 176 121 116 151 136
196 50 108 182 34 152 24 16 144 14 198 174 131 72 87 103 152 230 87 241
223 174 95 178 99 251 160 41 135 199 1 50 166 136 114 235 160 227 77 164
231 242 82 253 87 103 241 2 252 102 192 137 223 14 191 186 151 121 40 223
43 105 26 212 50 242 208 12 242 108 87 107 121 205 158 50 168 183 211 241
158 50 108 182 113 212 51 56 135 21 188 10 74 112 189 201 250 182 192 96
252 16 223 14 77 152 247 196 58 231 151 231 127 50 61 215 113 135 216 122
177 156 174 200 96 200 96 186 96 96 253 152 4 245 243 123 83 196 211 56
22 243 121 242 21 146 135 86 96 250 12 205 121 205 178 176 26 181 21 56
223 69 160 219 223 114 121 160 175 14 186 114 186 186 114 50 7 21 251 123
242 200 148 35 185 198 121 33 34 58 182 27 235 242 250 21 244 159 114 134
176 103 177 238 147 103 215 121 87 135 242 110 35 114 108 239 64 16 193 121
231 242 108 137 218 96 107 19 52 31 26 241 174 200 186 108 26 186 108 173
58 50 20 152 242 75 25 181 21 27 185 76 14 61 215 14 111 104 62 173
37 216 51 244 35 108 178 173 185 194 158 121 50 56 77 248 123 61 12 150
163 253 50 14 77 23 20 11 219 242 203 2 152 243 52 184 141 139 242 66
74 114 121 242 127 151 121 27 177 242 200 186 158 50 5 210 95 242 234 2
205 121 205 96 121 159 121 242 96 112 207 176 127 162 23 136 114 35 114 114
37 148 56 152 103 176 26 0 76 63 212 14 239 42 173 223 45 47 87 241
163 239 39 87 247 23 136 144 14 133 230 87 189 174 218 65 207 17 186 184
58 218 51 242 178 178 85 242 57 147 83 87 223 114 19 96 119 52 27 114
12 205 106 131 96 87 73 232 181 114 23 218 182 242 200 91 96 250 230 121
163 215 16 35 108 56 142 159 121 119 114 23 168 108 182 237 26 62 251 179
192 144 200 97 26 240 108 104 228 218 212 218 103 113 201 37 182 242 200 58
158 251 12 205 111 94 200 168 166 21 231 231 121 114 108 239 173 10 20 96
163 253 96 121 159 50 251 242 179 85 85 66 208 186 241 110 158 253 58 241
24 16 61 153 18 151 121 121 223 69 135 242 62 61 113 100 117 121 223 151
158 144 2 200 212 161 218 71 122 186 9 18 174 105 35 141 198 50 121 137
114 108 178 121 217 163 152 113 16 227 212 96 122 107 232 24 147 209 103 0
205 74 8 89 37 102 158 108 152 163 253 75 207 33 121 114 144 14 212 121
248 135 242 190 126 182 237 186 83 244 108 182 121 121 253 121 186 50 201 64
163 253 19 138 120 109 250 108 46 217 102 97 96 215 218 210 52 236 114 108
242 66 151 121 182 33 184 103 0 135 242 200 139 148 174 147 212 14 197 114
91 26 0 26 158 108 242 45 74 23 87 80 71 48 150 182 113 212 228 10
192 178 212 152 1 192 87 241 218 241 56 66 121 209 14 10 26 7 87 215
221 122 26 163 94 207 95 231 65 160 182 250 196 139 240 20 231 242 113 76
145 107 25 152 45 214 159 114 108 100 85 114 38 186 196 58 64 186 181 25
192 121 205 106 178 160 111 209 50 122 186 9 107 135 242 200 250 176 144 166
243 102 182 223 50 182 143 219 85 148 103 23 21 215 218 109 121 200 96 192
58 194 82 125 144 121 95 121 96 121 223 114 26 186 148 182 242 250 12 7
32 50 16 233 161 92 96 96 34 50 201 192 211 195 158 16 109 23 163 173
74 198 121 193 247 241 121 72 3 152 26 170 76 182 182 127 113 123 248 242
57 168 203 152 81 96 235 242 190 82 244 87 218 242 14 203 108 11 51 158
205 158 87 181 192 186 108 173 121 182 26 93 159 0 134 87 121 170 2 14
114 221 96 56 12 155 150 231 160 160 175 223 186 18 144 82 137 242 0 50
215 174 136 50 114 122 97 76 186 186 108 100 139 51 16 102 242 200 26 200
205 50 206 95 1 199 215 121 99 58 84 223 135 114 27 114 223 215 23 23
128 121 99 121 153 114 26 93 113 159 121 138 191 121 106 56 96 163 17 186
231 201 138 152 245 234 175 231 177 158 160 216 122 26 96 103 218 15 251 179
37 216 146 232 158 148 241 45 27 196 114 70 186 138 195 121 218 251 50 46
209 74 193 243 102 30 34 123 12 113 244 121 96 121 205 121 192 94 242 154
205 201 121 205 231 121 205 121 114 108 121 114 108 178 177 71 186 96 121 170
151 121 182 216 250 123 12 209 35 114 37 212 91 33 135 210 73 209 121 253
24 16 108 31 3 96 58 144 234 2 123 182 51 121 128 121 201 247 200 96
192 7 247 64 104 121 114 220 186 118 200 56 218 242 200 127 58 242 179 87
88 231 106 121 38 205 242 200 250 106 251 50 213 23 237 123 87 12 158 209
97 108 3 96 205 58 242 127 14 237 61 52 147 95 135 242 38 242 200 108
192 173 242 179 184 11 24 77 110 242 200 26 215 96 242 250 2 200 26 241
173 242 200 38 170 242 250 152 66 123 30 62 147 102 87 135 21 232 178 100
205 227 177 7 144 100 103 240 114 108 173 10 194 173 251 181 121 96 121 205
