88 164 218 24 197 242 152 82 173 184 212 96 113 135 204 35 161 144 127 200
58 135 21 189 152 10 205 113 12 230 118 189 245 188 179 230 96 218 242 127
163 146 247 21 91 103 101 160 239 168 103 230 205 14 147 103 232 71 50 46
223 186 186 21 50 18 87 209 87 76 21 10 63 135 208 58 218 181 181 203
160 102 58 50 108 42 136 74 211 121 95 84 118 222 56 123 199 51 188 121
114 223 223 19 3 174 120 231 242 113 113 152 248 134 245 173 121 137 218 204
192 186 186 186 159 27 196 192 186 185 0 215 121 182 210 182 45 26 186 111
192 9 170 79 121 178 85 250 50 138 57 174 178 242 76 121 186 212 170 242
50 173 223 58 242 57 72 12 191 121 106 251 173 242 136 195 108 0 163 253
153 114 33 72 12 94 225 123 171 85 140 200 153 107 181 181 21 121 243 26
57 250 50 12 14 160 223 14 108 95 10 182 182 26 103 200 113 95 95 121
88 114 110 131 103 113 12 7 114 135 114 203 176 144 95 121 106 56 62 242
170 103 196 114 135 121 50 226 1 16 211 192 35 108 141 144 88 14 50 121
10 176 148 223 252 251 106 56 251 50 230 121 114 108 141 212 146 16 211 0
209 10 106 94 231 251 242 87 219 135 121 192 186 96 250 108 152 21 122 183
52 219 141 135 81 87 78 113 212 96 14 96 250 233 241 113 108 26 135 240
7 186 57 23 114 163 64 136 200 231 223 113 16 108 182 208 112 50 72 87
192 168 114 114 160 27 150 242 113 113 96 229 166 113 2 170 203 72 56 242
58 194 189 12 173 251 219 195 94 127 145 189 174 231 212 96 96 192 201 182
253 121 175 16 121 8 212 50 209 221 87 163 218 188 242 21 96 218 242 127
88 23 218 123 135 150 242 179 76 87 3 223 14 186 23 87 72 168 192 136
245 131 103 135 5 251 33 62 168 43 50 233 14 121 218 51 121 181 35 150
114 116 148 178 182 250 176 148 242 200 27 26 247 114 186 87 19 158 121 205
192 186 200 96 50 152 20 93 218 178 103 143 83 104 185 194 152 211 94 123
223 203 231 109 151 20 196 114 21 4 243 135 86 73 218 113 212 144 241 208
211 114 121 108 182 216 192 12 114 108 178 114 112 224 211 80 96 135 242 76
63 14 186 186 121 104 135 21 232 219 195 123 12 159 16 35 108 182 102 223
158 50 226 65 237 211 99 62 186 186 209 212 102 245 2 200 26 241 218 242
242 200 47 31 122 26 96 26 91 103 241 87 152 22 96 174 218 77 56 91
253 121 218 250 66 121 96 235 110 37 67 29 87 82 253 87 107 25 7 196
26 218 91 35 157 189 179 123 182 195 184 6 136 219 134 163 176 160 109 121
16 23 0 197 96 218 38 71 227 159 10 102 56 87 241 34 196 243 135 121
121 57 195 136 143 14 233 76 219 51 121 148 110 106 114 27 108 173 243 199
10 250 179 144 28 205 151 40 104 200 96 253 223 219 48 247 223 1 242 170
242 21 85 212 102 223 50 110 152 197 150 245 170 243 178 245 90 18 83 92
223 223 120 45 23 87 76 121 152 30 42 247 131 69 103 91 108 242 200 191
158 140 138 158 241 218 246 14 121 189 25 58 16 21 251 176 173 251 229 200
158 50 122 50 108 34 11 184 96 173 185 251 74 131 223 87 66 223 135 21
245 145 12 105 245 173 121 106 23 82 16 22 96 26 241 87 87 121 135 121
58 107 16 48 91 87 218 82 115 75 218 106 251 77 248 27 50 190 103 181
121 151 121 182 215 67 123 176 176 52 242 200 96 50 56 96 203 95 199 14
11 113 160 251 34 31 135 141 223 50 163 152 186 147 177 114 108 251 165 23
241 218 242 113 3 102 208 223 151 147 121 94 142 71 251 208 114 223 114 223
58 135 16 23 136 242 82 106 230 223 186 159 175 223 87 142 148 245 244 218
104 146 12 191 231 108 117 104 50 87 121 62 223 135 114 108 185 10 26 241
192 223 148 111 110 123 12 114 38 96 219 96 66 121 38 24 121 250 21 122
242 170 121 111 200 11 26 218 91 218 11 96 219 26 55 174 35 114 19 141
65 223 159 159 101 10 113 23 164 58 73 101 231 27 87 123 199 212 254 74
242 138 203 147 185 13 73 87 135 118 27 96 26 50 114 23 158 108 165 104
221 223 186 239 97 96 66 121 96 107 113 216 25 12 170 62 242 114 27 26
68 212 107 135 21 251 186 34 193 182 244 212 168 14 220 253 121 87 186 189
192 173 197 50 152 106 121 176 144 231 135 200 242 52 110 64 224 96 26 208
192 121 96 223 114 154 159 147 231 121 217 163 174 186 147 121 99 205 114 121
201 131 50 66 80 121 253 251 50 21 254 65 108 255 211 243 121 193 159 103
10 13 87 16 109 121 114 23 11 144 234 200 96 186 96 89 121 223 135 208
178 121 114 178 192 0 174 100 231 51 123 33 121 26 95 77 110 253 121 21
58 194 14 186 159 230 14 186 247 81 14 158 253 227 96 205 227 250 21 42
58 103 34 67 242 148 210 87 78 38 253 223 14 189 170 189 170 62 135 135
185 111 158 19 212 231 0 185 108 173 34 216 109 226 27 160 87 218 96 178
114 211 135 242 50 205 203 176 144 242 165 182 175 106 58 58 12 38 74 90
16 102 128 121 194 212 96 250 176 148 241 23 135 97 148 242 151 158 26 152
209 245 245 11 250 229 136 114 121 205 58 242 200 91 103 0 186 108 250 12
107 16 102 163 176 153 218 242 14 38 141 106 223 230 182 41 87 25 23 150
192 121 37 179 242 99 176 85 104 173 242 48 218 96 42 50 56 66 42 244
