37 176 244 223 114 33 114 121 205 227 21 109 199 212 146 10 170 12 135 208
96 121 160 11 113 212 20 96 42 176 103 248 135 94 200 186 135 198 21 173
65 194 21 108 178 186 194 14 108 255 238 84 244 148 240 114 110 212 94 34
50 122 62 121 114 27 227 65 159 43 151 45 10 151 96 3 181 230 203 159
116 91 103 17 151 20 14 136 71 69 111 196 242 23 114 223 159 130 160 243
158 96 241 96 107 71 186 87 186 108 26 216 163 253 227 121 107 218 113 176
57 121 151 2 95 196 109 121 45 201 242 14 219 242 14 186 215 215 45 189
137 168 113 69 148 242 152 189 200 91 76 182 18 219 96 91 245 138 91 25
24 31 245 11 148 215 136 200 26 42 218 176 140 64 164 57 39 242 127 250
160 215 121 192 186 253 0 241 121 218 218 215 113 212 96 97 96 96 112 251
32 27 211 131 106 164 135 114 108 16 193 108 148 58 34 108 173 114 121 173
16 163 106 223 45 121 205 106 72 72 87 122 186 148 242 200 250 127 196 130
106 26 163 218 26 144 72 242 195 136 114 221 12 106 168 108 97 96 216 207
223 114 35 114 27 192 114 58 223 113 231 56 112 135 58 58 16 108 186 96
160 242 215 134 210 247 218 96 136 50 58 119 114 27 192 16 123 159 121 209
243 69 161 24 26 103 196 242 76 219 85 14 121 114 84 173 69 199 121 179
58 194 14 96 114 14 96 23 218 218 71 91 242 21 111 182 113 56 91 174
58 218 51 121 158 158 103 34 203 21 205 50 66 182 121 114 100 121 174 218
10 215 42 186 200 250 56 87 140 215 218 123 229 3 50 251 66 42 103 110
223 114 218 242 23 147 212 215 121 136 21 240 121 212 224 96 42 58 79 98
58 196 212 96 50 67 163 210 95 138 158 96 210 52 126 218 8 107 31 29
158 103 34 254 35 186 170 62 27 136 121 73 50 216 98 150 113 176 167 186
221 26 170 76 14 3 148 115 140 239 212 164 50 148 230 110 103 121 99 121
58 25 121 102 158 242 200 250 73 182 87 121 253 121 158 194 196 86 110 24
205 121 178 160 245 113 50 121 90 186 16 97 42 114 121 138 114 72 185 128
37 146 242 87 14 13 200 250 95 196 58 242 147 121 154 200 45 126 218 50
159 23 189 112 75 20 108 186 163 106 186 215 189 242 53 14 148 218 96 172
247 122 205 114 121 114 121 114 186 96 118 96 151 244 37 23 207 216 185 137
161 192 186 141 253 14 96 141 223 186 186 186 186 89 170 81 57 239 120 43
221 26 108 3 215 121 82 201 251 231 127 242 200 30 121 222 0 29 31 105
24 104 135 108 244 114 27 168 108 250 34 108 178 121 176 108 201 223 189 0
92 114 35 212 246 42 121 136 94 82 19 24 16 243 34 136 216 106 239 242
250 108 104 218 91 136 170 211 72 23 87 223 107 14 14 114 110 128 251 220
96 121 151 231 121 136 114 230 217 62 3 163 114 72 181 127 221 164 106 114
121 242 82 170 215 121 114 27 194 14 0 168 212 121 178 52 121 205 233 50
96 121 159 173 188 11 231 46 241 85 20 51 253 168 218 20 14 186 203 176
195 105 182 159 69 110 131 177 223 203 212 96 87 135 199 107 50 165 31 69
10 44 114 114 235 30 152 242 200 168 87 14 189 223 151 178 40 69 30 107
67 160 1 160 41 244 101 243 242 200 247 218 210 127 178 200 251 31 38 72
192 114 186 108 133 58 218 210 58 181 200 78 1 205 123 25 135 242 127 196
114 218 51 121 8 182 114 242 14 35 44 114 223 114 19 19 196 26 96 26
58 103 108 239 58 194 14 33 186 85 111 200 78 242 208 123 208 50 2 76
97 19 50 251 19 219 108 141 13 194 164 50 50 223 147 62 251 152 238 2
243 103 77 186 186 186 181 178 39 217 141 73 114 27 38 96 231 12 96 250
185 194 182 151 160 51 121 35 121 189 242 250 179 189 242 179 218 38 209 158
103 102 88 16 184 109 186 250 179 83 242 14 215 218 210 114 241 87 107 7
114 223 200 183 144 200 203 14 24 147 121 239 72 185 227 103 186 19 177 136
145 205 87 18 7 228 158 67 87 91 103 196 242 23 218 215 218 68 215 106
242 14 116 186 108 244 147 143 11 81 16 242 151 100 141 148 73 197 135 242
145 185 195 136 114 223 96 42 177 133 218 242 200 58 152 243 123 93 95 148
228 218 210 135 150 196 212 50 108 152 221 218 242 31 113 23 0 87 158 158
176 144 82 253 121 195 136 200 65 34 200 26 193 243 36 121 160 99 215 123
50 254 34 94 231 22 114 135 121 86 73 218 96 50 251 179 12 200 197 152
160 211 131 223 114 114 27 7 14 50 189 50 182 251 248 135 199 158 96 109
65 196 173 121 182 151 27 187 163 209 96 251 58 50 87 7 87 197 114 223
103 223 18 122 247 19 186 16 36 121 220 186 181 111 104 114 96 231 184 31
114 108 26 34 123 12 182 38 152 108 196 158 18 96 50 148 237 27 2 196
114 189 174 0 114 72 29 104 192 235 57 164 9 243 242 200 96 186 181 204
131 148 26 240 133 218 218 242 127 240 126 127 14 14 121 158 138 114 110 173
209 11 219 17 6 194 193 16 109 121 114 76 114 121 128 121 114 27 35 211
50 108 26 163 152 230 87 121 8 218 96 58 242 127 200 131 45 238 79 178
242 200 186 186 148 50 255 185 241 181 137 103 218 14 46 96 103 50 2 91
194 250 96 210 87 240 253 137 118 92 16 178 72 46 196 151 251 121 242 136
176 146 16 230 170 121 178 85 82 157 91 237 97 186 186 20 46 219 96 151
