199 118 244 223 218 241 251 120 16 114 121 205 50 108 29 122 114 33 71 247
99 209 163 96 223 77 26 28 210 7 200 242 178 23 97 189 211 104 10 52
96 231 219 50 87 186 209 104 144 242 14 148 103 66 83 255 163 87 14 121
242 87 241 87 158 135 197 50 56 158 108 251 179 248 72 95 178 223 139 12
158 144 14 101 243 114 37 87 87 111 7 50 8 182 121 176 200 30 108 250
242 14 136 114 221 237 239 50 152 87 16 109 121 141 173 245 224 96 45 182
192 223 114 114 27 210 114 96 186 247 181 21 32 212 215 218 210 242 250 160
252 50 26 163 26 96 133 108 96 205 34 75 250 179 174 209 96 118 135 178
242 87 22 23 31 114 72 40 173 223 223 3 95 152 157 96 216 108 42 186
58 106 106 11 26 151 27 101 147 121 103 176 12 173 251 173 251 199 71 113
159 58 69 231 212 54 182 168 51 87 121 137 203 121 106 187 114 184 16 140
10 114 104 135 114 223 114 35 114 29 122 71 186 108 26 103 34 136 114 127
24 108 152 108 239 11 96 26 186 148 99 42 12 114 195 114 186 212 96 11
96 187 14 136 135 108 141 60 182 160 189 103 66 219 96 178 85 188 253 121
158 96 50 242 14 210 144 241 182 163 38 10 158 9 242 242 200 195 178 235
58 158 168 203 182 87 72 152 83 231 192 31 50 95 199 1 135 200 209 160
28 147 14 243 130 121 215 121 93 57 31 135 114 114 23 197 96 26 122 26
24 221 93 114 13 128 62 147 71 135 21 240 144 82 158 201 66 186 158 221
148 205 242 170 159 123 66 96 50 72 242 200 168 208 114 23 218 197 192 178
50 121 58 35 157 187 177 200 11 62 27 223 19 50 113 212 182 248 72 209
58 25 135 192 0 148 218 210 175 209 234 14 102 111 3 23 114 27 192 230
121 253 35 209 243 106 56 25 7 135 114 5 244 82 185 33 135 203 14 234
209 223 114 26 186 108 19 221 186 173 189 82 186 142 109 38 160 172 177 184
209 10 114 65 160 246 96 94 184 179 123 62 147 244 103 232 242 159 164 73
10 102 201 242 242 151 93 215 244 65 141 230 245 109 136 200 211 50 96 133
107 16 85 71 150 98 108 173 5 242 90 62 121 178 121 114 114 96 121 205
74 87 212 102 56 158 108 16 55 141 16 10 31 105 172 160 34 131 150 242
151 121 160 227 113 121 96 121 106 220 152 109 212 227 24 196 212 215 25 135
146 16 218 21 244 34 179 113 66 121 50 240 31 114 195 160 227 76 92 85
50 251 173 58 251 96 113 91 103 111 182 58 20 14 24 16 125 114 136 218
231 151 121 37 160 176 144 82 150 16 221 252 211 95 14 10 193 175 177 148
50 1 58 103 77 196 175 121 223 14 186 19 13 172 136 47 181 159 125 239
196 158 108 251 240 114 235 26 186 186 158 50 207 46 0 93 93 200 184 83
102 192 65 152 113 123 135 208 58 194 14 202 205 158 151 158 212 96 72 12
170 231 121 242 115 242 14 114 158 96 106 10 148 218 71 42 50 182 96 231
96 249 69 50 162 242 191 50 240 65 60 113 248 135 121 58 96 173 231 2
138 218 215 160 76 135 242 19 121 252 186 96 200 64 205 223 103 0 111 196
192 186 148 242 239 96 21 66 12 50 169 87 232 229 209 120 31 108 173 223
243 21 209 193 121 205 223 14 186 87 14 212 34 200 50 55 151 103 95 165
174 131 16 203 103 34 48 200 191 59 214 212 14 10 114 242 200 50 242 87
114 104 121 181 121 170 121 185 111 205 115 19 94 21 102 86 192 173 242 179
242 200 108 173 10 34 242 200 26 82 52 239 211 0 218 160 118 95 95 113
247 227 57 152 150 76 83 11 50 136 118 212 178 201 35 45 121 200 26 245
99 148 56 158 223 190 1 91 50 209 46 200 58 242 127 200 26 42 111 223
96 121 33 231 21 152 114 178 173 26 87 39 164 197 223 186 158 158 144 82
185 194 151 121 34 244 242 127 165 14 121 205 235 242 66 186 186 93 170 187
10 33 27 144 200 152 44 114 112 58 163 218 218 38 190 121 77 178 56 71
58 18 20 1 194 14 186 181 14 65 23 131 106 231 176 238 131 200 51 121
114 37 165 14 186 195 178 4 148 96 201 181 96 23 62 147 243 35 114 37
58 194 14 186 218 114 135 114 37 181 242 218 204 135 114 25 28 212 96 109
231 223 23 72 196 45 130 73 212 121 243 200 182 22 74 58 159 123 12 221
185 34 144 100 121 138 19 3 103 175 23 150 208 242 200 26 136 161 223 18
58 218 108 160 193 158 228 223 233 103 144 14 218 245 170 96 106 46 14 23
209 10 182 210 182 28 110 16 189 16 160 4 52 176 114 144 208 242 114 112
185 111 196 200 248 163 209 88 251 173 153 151 133 242 14 111 36 96 223 186
163 174 72 65 182 96 121 58 96 121 159 1 243 142 115 0 10 216 122 96
170 218 245 198 102 62 210 233 218 103 165 196 109 35 163 176 21 212 80 123
158 144 223 200 96 51 51 96 113 100 242 193 0 121 18 181 188 24 108 114
114 114 108 173 58 106 38 205 106 235 42 186 159 141 14 160 41 23 178 227
58 194 11 96 91 50 158 18 255 56 66 186 111 182 245 26 135 114 72 207
218 244 131 191 100 232 96 201 96 201 210 219 168 26 121 181 87 87 135 114
96 187 177 114 178 168 114 108 42 91 26 113 107 14 45 87 158 69 91 245
45 223 218 242 182 2 182 182 113 106 203 148 0 50 197 231 108 173 34 207
43 163 50 22 121 64 52 212 50 152 245 108 148 211 14 152 4 220 186 100
