10 9 218 215 40 178 113 123 248 24 114 27 22 215 114 168 114 22 245 38
58 120 223 50 94 112 218 182 215 218 66 121 205 209 34 200 191 27 9 5
114 178 59 223 186 114 121 114 38 93 12 114 112 72 231 75 56 95 182 24
96 205 121 209 10 53 186 108 173 121 248 135 121 158 112 113 135 114 108 23
114 178 35 192 251 42 58 23 204 19 25 21 170 69 201 182 126 242 14 174
100 92 212 218 65 77 216 231 108 178 236 27 50 152 141 87 218 96 127 178
221 251 21 176 120 192 178 87 110 62 158 121 29 14 186 108 186 163 12 163
14 66 168 186 111 2 12 114 134 58 16 4 96 215 218 171 77 110 135 242
170 179 245 186 230 218 215 65 96 141 12 58 185 247 136 118 108 46 86 96
220 199 247 96 50 6 136 212 94 200 11 215 218 242 127 208 58 56 0 50
114 158 96 12 186 96 114 142 211 172 200 96 223 239 242 200 152 236 212 250
58 194 14 14 50 50 1 102 95 121 147 121 120 45 173 242 39 87 200 86
196 108 211 180 242 250 87 138 45 23 234 241 120 23 218 65 242 127 46 179
85 196 114 108 90 121 205 201 115 113 123 21 176 215 151 160 209 194 14 42
58 252 192 118 14 192 186 96 50 209 104 196 46 159 251 248 114 35 170 14
242 200 102 46 176 253 14 21 152 207 242 2 179 75 150 245 186 221 186 96
114 196 114 205 160 237 197 196 158 218 210 135 87 135 115 81 50 205 186 34
11 208 192 186 96 174 64 136 114 100 174 182 58 65 196 181 223 69 212 235
58 220 188 178 177 140 66 52 84 173 242 200 51 121 114 200 96 136 200 26
221 209 96 218 113 123 212 200 50 213 93 107 71 147 170 62 104 200 26 241
223 38 205 34 119 112 135 216 122 231 251 95 66 241 96 96 176 50 94 203
137 200 20 96 50 201 253 96 200 22 186 114 27 242 12 74 21 56 121 47
57 121 35 114 135 108 141 148 218 245 78 217 102 158 96 96 141 0 69 96
192 186 96 6 136 21 31 72 152 192 26 241 87 76 100 141 85 96 11 242
163 253 205 231 212 50 66 23 56 121 215 218 121 243 231 223 181 16 121 218
74 194 14 14 210 2 190 85 148 171 95 182 231 201 151 121 182 121 45 20
58 218 96 231 189 242 2 200 95 30 19 151 121 127 178 212 200 251 42 56
223 114 207 95 160 123 208 121 74 2 203 46 41 45 0 121 167 45 96 247
163 253 96 208 218 50 182 209 58 166 21 236 105 196 106 122 87 114 108 186
245 211 94 200 114 94 24 147 135 121 205 175 177 182 176 57 12 14 77 32
158 50 148 237 136 114 27 192 122 186 108 133 58 58 218 242 200 242 2 170
163 253 72 207 123 121 58 7 120 50 30 42 34 164 223 189 53 244 87 14
223 114 186 108 239 59 248 135 242 179 127 200 78 211 131 185 230 189 76 147
121 223 148 216 158 87 22 69 26 50 95 66 241 12 11 50 56 121 253 2
192 173 242 200 138 81 135 121 58 218 251 91 87 223 114 176 144 14 175 212
223 57 186 186 96 230 135 30 250 200 130 37 21 241 218 11 94 231 5 97
242 200 26 241 87 218 245 65 35 186 106 62 239 31 227 181 230 170 14 121
121 114 197 218 51 242 253 197 242 82 90 136 200 6 128 121 179 118 92 134
178 223 45 147 30 152 237 121 108 94 62 141 197 148 12 114 104 14 32 176
37 221 87 158 96 138 42 186 108 148 101 102 134 184 46 182 109 186 19 186
223 114 4 144 117 242 127 208 178 0 42 0 121 97 147 118 182 66 96 151
10 177 103 123 200 210 58 251 218 210 50 133 151 87 87 163 195 108 201 121
106 197 158 168 96 176 215 218 113 244 114 121 8 242 200 1 29 14 14 148
237 23 135 103 34 105 210 253 13 186 108 242 42 31 26 50 72 56 186 77
179 171 14 176 103 114 135 108 182 215 121 218 73 62 147 121 114 114 235 87
185 194 26 186 148 6 211 131 57 121 215 96 215 218 71 186 108 35 26 147
242 200 131 114 223 186 186 108 186 108 182 126 218 215 178 160 147 29 14 121
92 85 179 96 66 83 50 121 55 114 186 186 93 113 212 182 245 253 136 114
223 170 103 173 121 20 78 14 212 146 150 152 207 208 94 147 121 34 196 208
58 194 14 186 181 87 93 215 96 235 39 12 65 30 104 212 50 31 152 109
37 242 215 108 218 229 90 114 218 218 50 27 251 27 242 200 208 114 223 186
223 18 152 121 112 182 176 177 106 197 108 105 242 14 212 10 242 200 182 250
138 82 158 174 114 121 120 231 242 200 63 36 96 50 66 186 205 141 0 230
96 234 96 87 14 212 254 96 26 107 241 25 176 144 14 186 189 253 253 241
161 108 212 107 227 50 182 250 176 215 218 204 182 181 121 160 215 121 128 154
158 96 113 231 27 22 108 173 10 23 113 123 12 114 114 13 87 14 121 118
145 142 141 188 54 96 160 242 212 14 186 96 121 52 142 195 200 209 233 146
138 50 1 51 121 205 223 114 108 203 212 85 219 96 186 239 7 186 186 181
107 252 192 178 186 148 218 160 144 200 114 112 135 242 21 208 242 179 12 125
160 122 186 221 181 87 135 242 200 7 35 114 114 22 186 147 121 0 108 26
211 158 209 242 200 211 186 114 113 27 31 241 25 135 154 96 96 96 50 22
58 223 186 108 26 96 9 114 104 135 58 194 14 26 241 50 21 232 146 197
156 50 201 247 11 51 108 133 47 121 114 12 120 197 23 56 25 87 139 242
243 221 0 158 158 241 218 191 121 205 52 23 164 210 87 73 181 199 121 82
