192 14 45 165 231 121 160 227 242 31 215 76 66 186 80 103 95 152 121 248
228 242 200 251 21 1 252 192 178 51 108 186 158 83 52 229 56 96 231 238
242 223 114 23 114 181 87 121 209 107 252 250 21 226 65 227 7 114 27 158
242 179 42 60 178 236 114 22 108 121 114 187 131 242 159 223 14 54 152 175
192 121 50 209 50 165 95 199 216 19 136 35 114 235 26 186 50 136 121 12
58 13 192 186 242 82 184 45 96 151 121 182 242 250 179 189 229 242 200 209
242 14 230 8 137 18 99 108 250 176 160 110 53 45 74 23 23 121 158 96
192 7 215 123 138 25 58 144 14 40 151 103 34 197 108 79 215 154 242 0
100 211 163 80 168 14 186 151 121 216 94 136 200 209 168 189 170 242 200 138
74 192 65 47 31 14 77 218 242 200 104 200 96 118 96 201 231 242 242 208
160 209 23 163 34 16 193 193 243 103 87 152 151 121 185 52 26 92 199 83
158 209 104 121 58 205 77 78 121 57 65 127 218 171 160 96 121 182 121 192
179 218 113 32 122 96 215 42 113 12 102 94 208 130 7 182 81 114 121 35
58 102 223 186 164 78 248 5 164 170 242 200 42 186 2 108 62 221 26 175
192 121 181 114 135 121 182 96 176 144 14 121 158 151 193 135 212 100 165 30
242 66 14 96 14 14 106 131 103 211 14 170 127 109 121 45 242 142 141 14
58 152 91 11 44 114 26 96 141 188 46 176 160 160 92 104 87 96 108 26
106 56 219 34 242 19 209 106 120 72 152 242 147 177 103 121 114 135 242 14
58 13 95 56 208 181 87 14 198 127 242 21 247 189 189 230 61 12 51 121
156 218 71 109 75 174 168 135 200 218 96 242 208 50 241 218 218 210 65 208
194 231 38 19 251 173 242 182 6 240 185 242 6 161 114 223 3 108 23 5
74 181 121 163 174 200 168 161 50 152 37 248 135 137 108 250 108 133 106 121
114 108 239 106 223 69 23 7 218 113 108 242 179 179 62 26 73 128 242 12
114 223 50 87 23 216 108 31 72 138 160 8 218 71 197 109 42 131 123 184
205 153 114 157 109 126 45 251 173 176 102 174 114 223 159 114 158 37 242 179
109 45 173 242 200 251 146 147 121 151 121 182 26 152 114 72 12 39 164 223
145 159 203 217 62 130 104 147 121 176 114 72 223 106 87 87 96 178 108 173
158 96 198 173 251 160 35 190 237 186 103 108 114 121 158 253 251 121 93 218
58 194 14 186 252 192 250 50 226 210 242 87 190 96 118 95 57 23 164 58
58 218 50 113 152 242 200 26 191 199 6 118 152 134 148 189 210 182 158 28
222 194 241 11 210 163 176 85 250 179 230 26 65 189 152 31 24 186 181 135
58 91 211 131 242 14 170 144 14 103 113 0 165 231 54 3 3 96 50 251
243 243 177 218 34 51 158 226 104 158 25 121 158 37 67 50 111 182 242 76
114 135 91 198 185 32 96 236 108 242 224 85 75 26 218 242 82 200 96 158
188 231 27 210 200 58 205 12 200 158 226 241 69 121 54 239 185 84 243 208
160 227 159 102 37 151 182 0 170 2 152 25 86 216 108 166 212 102 223 50
185 190 10 34 95 199 79 100 103 73 135 160 95 158 50 240 121 212 212 121
192 173 86 11 50 118 121 218 96 106 205 111 182 253 185 219 111 103 106 251
250 50 26 103 212 96 38 221 164 87 186 108 182 141 234 78 27 235 135 121
58 13 148 99 136 176 253 235 190 82 24 16 108 114 102 242 210 114 205 200
245 219 186 9 203 0 147 121 240 223 50 103 108 179 218 71 241 113 232 242
242 21 122 37 196 58 35 147 102 163 22 215 218 144 241 85 242 127 151 117
242 200 42 108 42 186 157 51 160 236 121 131 134 248 75 62 237 51 121 182
192 50 251 248 135 219 24 108 223 69 163 186 147 121 106 189 102 103 102 114
237 42 247 103 50 113 121 182 62 242 200 20 96 112 1 158 50 114 27 158
74 158 96 231 108 133 151 121 136 200 202 39 164 135 181 121 87 209 195 16
10 215 186 148 92 242 96 87 78 138 45 14 173 197 242 123 154 14 135 242
209 10 114 14 200 96 178 178 242 200 186 181 159 247 37 33 22 137 200 239
145 223 113 10 114 8 181 160 198 121 187 131 223 14 241 158 3 113 165 243
120 231 106 250 13 137 170 242 87 14 69 151 158 158 197 135 210 164 58 16
176 160 67 209 251 160 8 215 40 197 174 31 122 18 104 113 121 182 242 200
107 252 50 147 121 134 231 21 235 88 14 106 197 96 250 39 25 87 167 121
37 212 107 13 108 178 211 58 251 50 148 135 160 148 74 114 223 14 215 136
179 62 227 103 121 75 23 164 75 218 138 65 196 16 109 121 31 242 200 186
58 34 200 1 106 131 106 227 16 114 16 10 108 196 212 111 182 144 121 223
158 201 212 215 25 25 160 35 158 242 195 200 242 200 182 26 95 121 97 166
22 39 186 203 108 90 207 62 242 200 241 174 31 173 251 12 99 221 87 251
58 50 65 20 77 22 33 45 16 18 251 50 122 186 253 122 186 108 173 121
9 10 237 186 136 200 96 26 96 6 193 160 245 234 170 14 215 6 1 136
163 205 218 210 42 50 165 212 96 113 114 33 184 121 182 211 48 190 87 102
242 76 83 32 88 27 215 42 50 148 189 12 185 230 118 170 34 123 218 212
219 196 108 241 22 231 176 212 148 205 72 100 179 31 114 158 158 37 242 127
10 51 196 26 87 241 96 231 121 114 27 186 108 110 212 71 121 253 121 58
252 51 96 215 151 212 121 209 158 159 121 9 137 83 34 196 21 48 231 106
