113 135 242 39 136 45 69 193 184 23 65 189 11 47 121 47 230 45 63 242
245 153 82 211 170 121 231 87 226 136 114 114 158 96 235 96 250 200 210 46
138 35 114 223 135 95 223 188 242 87 16 209 48 113 152 106 235 242 208 50
231 242 91 252 24 108 19 136 203 76 114 4 14 227 87 121 57 121 186 186
92 200 130 182 14 75 200 144 200 211 41 31 158 96 122 186 96 205 143 250
194 14 38 96 151 121 182 212 146 29 42 230 175 14 121 103 181 15 144 14
74 243 109 121 8 159 38 160 101 188 121 69 151 121 95 152 175 133 45 182
107 252 108 211 76 208 153 148 124 144 14 241 89 242 19 217 228 112 38 215
253 52 65 7 135 148 87 251 254 96 103 219 23 184 141 32 219 216 252 58
192 186 96 87 96 50 50 50 240 121 48 148 254 201 245 96 205 194 14 151
58 218 144 135 242 200 184 215 93 96 250 26 111 182 113 208 200 151 121 182
160 131 106 134 56 121 10 107 171 120 170 121 58 198 21 242 240 193 126 83
252 58 218 242 82 207 32 218 242 114 87 72 12 14 45 48 3 50 251 12
253 121 138 234 200 175 185 170 121 35 114 38 96 73 200 154 103 50 108 173
58 181 23 189 218 71 122 16 96 42 12 218 218 65 114 223 50 108 19 142
242 200 26 215 102 87 135 121 159 21 1 243 62 200 211 81 87 111 28 182
185 148 242 25 23 87 223 87 152 193 104 135 242 200 162 50 248 163 177 45
58 223 189 170 69 179 210 148 96 231 34 200 96 26 241 218 71 230 42 148
245 92 183 108 46 81 41 45 25 121 114 72 158 67 242 62 242 200 42 108
253 51 51 158 218 71 164 50 96 176 103 152 108 133 219 221 144 14 75 204
245 96 45 223 114 108 186 106 131 144 127 178 7 114 108 42 223 186 108 26
205 4 219 221 87 230 45 5 181 159 253 245 67 239 182 51 121 216 122 96
121 37 179 218 51 12 237 197 178 110 175 34 31 36 186 96 87 186 186 108
196 161 115 113 147 121 252 192 178 239 158 18 242 95 173 182 242 118 148 96
107 50 229 99 176 248 50 56 121 207 236 236 135 216 56 152 104 231 54 0
209 68 26 241 179 123 25 248 135 242 200 46 21 42 108 141 123 121 242 53
185 17 207 160 110 173 182 10 75 211 128 137 207 83 2 14 170 38 58 10
160 131 215 112 152 114 223 18 252 192 186 96 26 218 51 56 19 151 216 122
195 200 51 108 251 58 12 234 96 121 245 62 138 138 180 242 200 173 58 159
245 114 26 131 26 50 151 245 11 244 231 223 151 8 151 160 198 121 61 126
158 67 242 87 7 26 93 241 182 241 207 52 201 12 94 30 95 10 61 173
158 96 96 231 58 50 209 193 151 121 127 2 200 67 159 58 121 205 76 104
151 121 245 30 114 27 109 83 83 231 112 224 219 27 50 67 176 43 114 37
245 211 170 121 120 185 128 114 114 27 144 231 92 95 95 121 182 216 50 251
145 114 7 114 4 215 13 87 223 87 218 50 72 158 158 91 158 211 94 237
209 163 107 114 192 186 186 186 186 0 158 108 178 243 114 24 147 121 8 45
92 114 239 50 210 87 135 121 163 174 241 152 231 113 121 160 41 45 76 188
116 57 173 121 96 151 208 158 19 242 127 14 239 183 130 21 26 96 114 134
13 128 135 151 182 182 127 113 212 14 22 186 96 200 96 176 50 152 210 136
158 96 235 109 45 147 236 121 114 178 103 106 156 189 82 163 75 186 108 250
253 121 158 19 96 215 215 218 212 14 114 56 96 96 250 50 108 163 239 56
177 154 194 23 203 141 196 109 108 193 28 86 6 136 71 242 200 26 215 96
211 11 186 217 81 216 106 122 112 244 14 77 110 147 185 12 45 23 144 231
198 121 57 121 253 121 205 223 69 151 147 121 160 223 114 211 185 84 14 121
245 192 186 193 147 158 21 148 207 136 200 66 121 99 245 27 239 223 69 91
221 228 193 87 7 186 0 127 211 121 58 25 108 23 164 135 114 242 87 152
242 200 239 250 110 253 222 174 131 114 114 108 168 159 99 152 168 114 195 94
151 121 96 50 177 82 86 11 186 18 89 58 227 159 77 121 27 26 170 136
74 242 179 85 23 77 133 218 242 200 208 158 194 179 218 113 232 242 31 215
65 114 121 163 174 162 85 11 66 121 209 82 242 12 99 108 196 59 96 66
160 243 120 135 242 87 78 135 189 179 31 25 121 73 190 74 100 174 152 52
92 242 82 3 50 72 21 66 45 251 248 251 135 242 182 121 223 96 26 96
192 186 26 93 18 92 248 216 122 26 193 102 207 164 135 130 121 69 179 170
151 231 240 214 14 14 69 207 2 229 22 151 16 48 179 74 8 159 23 108
242 87 50 100 53 14 77 23 128 40 163 13 2 200 29 168 180 96 215 121
151 121 128 72 35 192 245 136 162 247 50 27 186 159 45 121 182 242 250 208
149 108 250 179 223 87 135 21 113 108 239 242 79 231 189 179 218 218 191 66
58 218 65 77 173 161 96 26 181 121 69 39 164 253 215 28 197 50 106 251
234 170 121 102 2 200 253 111 121 220 12 191 34 121 182 51 160 123 66 121
146 16 102 242 200 96 109 42 200 242 250 179 87 42 121 6 163 41 62 217
163 253 19 186 245 243 91 215 92 106 251 121 37 199 241 146 164 12 242 87
211 13 87 167 230 62 110 147 212 121 218 218 246 218 212 242 14 114 27 41
158 218 96 251 21 182 110 8 23 211 114 108 72 231 248 209 160 139 107 113
205 194 14 210 182 47 232 242 23 218 9 135 151 87 18 154 73 113 32 31
