50 37 242 91 173 207 103 103 113 232 121 242 108 186 181 121 205 177 56 96
242 108 26 250 188 182 113 179 252 200 211 189 188 10 224 170 122 9 141 158
57 121 182 135 242 200 26 96 10 20 102 186 108 212 148 255 38 106 27 4
117 121 163 253 160 41 34 251 123 95 196 5 121 143 168 16 186 108 159 90
158 37 160 198 185 93 135 242 82 200 96 112 113 14 75 182 26 215 234 14
205 123 12 16 141 223 87 14 136 114 72 123 121 182 96 12 192 114 108 114
185 19 163 163 186 104 243 135 121 182 176 114 72 87 121 176 33 87 32 241
209 242 178 27 26 246 113 102 242 87 212 14 184 88 14 148 218 171 242 229
163 218 170 175 87 152 93 248 76 10 148 242 182 113 23 31 114 27 136 242
252 144 148 96 240 121 114 195 121 106 69 242 159 40 242 115 12 34 105 246
102 242 200 51 212 96 108 20 251 186 181 121 65 0 245 177 200 199 120 106
97 202 205 239 24 147 123 135 121 182 138 223 147 158 106 164 229 204 232 253
92 104 135 242 121 176 79 130 137 151 160 182 212 242 14 48 235 103 19 96
104 236 135 114 154 227 108 152 131 21 148 245 243 184 212 216 122 96 231 201
16 96 186 6 234 2 14 108 250 46 87 14 186 182 207 94 21 1 160 10
40 221 39 87 209 160 158 158 103 103 181 62 242 85 19 121 50 152 46 186
163 230 225 242 182 231 87 135 136 200 253 39 56 186 181 109 83 162 90 23
92 218 242 164 50 56 25 109 136 127 242 14 38 218 96 50 251 221 87 50
96 121 153 114 96 96 69 127 102 57 205 203 96 231 5 58 252 192 121 205
151 121 245 157 125 184 255 57 2 112 114 135 242 21 76 201 26 148 108 44
107 114 106 114 201 212 96 38 139 185 77 7 50 30 87 121 245 118 14 186
221 93 200 114 192 186 108 56 96 186 148 87 19 245 62 51 123 236 135 62
145 188 176 244 248 102 242 82 179 137 200 51 158 158 96 51 121 65 77 223
245 156 174 35 26 191 229 50 152 242 87 14 186 114 111 58 222 152 31 175
58 218 215 218 218 224 210 182 192 26 241 204 50 38 205 69 121 114 186 30
151 251 106 121 114 203 212 96 105 0 112 135 1 250 108 26 96 85 215 218
24 16 211 114 223 101 62 148 243 242 62 114 135 242 203 31 111 120 253 242
145 113 187 62 147 95 144 14 34 102 58 235 242 200 208 114 26 103 19 95
107 197 152 31 99 212 215 71 135 142 113 106 108 182 133 58 31 215 12 218
114 178 160 10 158 158 87 135 242 203 152 96 201 10 146 24 147 147 121 121
57 121 187 27 163 95 187 242 82 58 242 234 170 127 14 73 200 58 208 94
179 113 159 121 37 195 50 152 46 114 121 230 87 139 139 160 197 16 170 121
99 242 14 203 247 211 148 182 115 206 251 179 218 242 127 154 178 193 87 38
114 108 221 221 158 24 147 158 106 65 159 23 131 223 69 200 15 212 50 166
194 173 106 168 135 121 35 26 148 218 210 87 158 158 215 96 173 209 40 231
50 20 51 138 221 223 218 103 0 50 108 173 147 103 108 211 203 248 218 218
10 215 218 69 91 26 78 186 114 56 250 108 242 182 126 47 123 15 34 200
192 213 42 163 151 152 133 85 221 230 186 96 234 151 231 134 216 170 225 241
10 212 208 218 96 231 50 108 46 135 7 50 26 96 113 152 252 170 211 162
58 13 87 3 77 212 14 200 108 26 186 178 26 233 50 56 152 218 108 242
58 50 65 210 193 136 135 114 27 242 87 135 218 204 216 92 244 194 38 191
245 115 214 212 144 200 50 26 105 158 103 108 26 209 244 215 11 113 196 108
28 170 242 138 151 134 2 232 103 23 58 4 245 102 192 7 231 135 21 221
253 121 253 35 250 245 30 127 221 207 66 114 56 96 232 77 135 66 2 121
16 108 199 32 215 245 26 96 113 201 121 57 192 209 251 179 31 186 108 186
35 121 205 158 108 164 174 114 4 244 96 121 248 114 134 87 164 135 242 127
223 50 0 114 197 195 87 27 196 134 27 150 21 221 134 147 188 242 12 218
185 189 185 241 251 120 16 151 121 186 163 12 126 45 114 178 114 37 110 147
106 94 195 211 48 242 200 251 179 123 182 10 176 33 12 178 186 108 32 50
158 201 121 205 223 50 182 201 121 57 178 34 184 78 211 126 230 94 208 247
223 7 14 4 215 26 186 50 110 147 123 159 32 87 14 23 31 135 195 239
50 137 215 42 242 182 216 122 85 189 58 13 192 178 186 108 211 121 205 35
151 121 205 121 252 181 65 138 241 0 72 82 185 31 135 242 50 216 209 151
233 158 121 205 223 200 26 96 179 107 147 234 202 219 221 207 87 135 242 113
99 237 16 1 114 33 168 171 242 87 78 14 215 189 180 241 99 23 23 223
96 158 96 153 96 250 56 158 218 232 242 66 87 127 215 218 211 245 211 100
58 218 144 56 83 107 252 26 50 131 103 87 236 170 220 96 231 233 50 240
97 186 217 62 221 26 50 103 221 25 87 158 21 5 241 123 208 185 0 203
114 223 14 23 218 219 114 19 13 92 11 96 148 182 96 26 81 14 223 135
205 231 23 123 197 114 205 223 218 241 121 218 58 218 123 86 53 48 50 26
205 2 230 196 160 7 118 174 114 62 148 218 96 114 120 242 127 242 114 50
223 247 186 247 148 245 211 14 31 122 186 108 210 179 186 108 186 108 158 96
160 227 218 69 28 96 253 205 233 121 198 12 218 51 27 237 123 33 248 135
194 96 212 102 50 241 3 209 123 12 114 168 108 16 0 210 87 186 93 50
