243 142 96 33 114 218 245 102 223 114 27 215 107 197 135 71 137 108 114 142
52 52 106 131 106 48 191 123 34 248 223 3 93 73 241 182 182 66 210 87
138 218 215 121 35 189 152 11 51 147 121 212 96 65 182 96 58 74 121 182
50 61 103 176 215 159 212 220 96 14 23 87 50 72 220 152 31 50 215 42
209 160 227 107 14 25 121 128 31 135 150 242 82 243 12 85 85 41 212 14
58 194 229 66 163 253 58 242 23 31 69 23 80 175 103 121 174 242 186 186
7 161 50 175 231 10 50 108 251 16 151 121 236 108 114 114 121 160 103 176
231 146 34 123 196 239 56 25 142 71 114 121 58 158 185 111 65 199 215 81
145 96 250 205 223 250 50 21 1 121 158 242 19 219 131 150 76 110 53 113
205 243 21 244 215 218 113 121 114 37 242 148 113 232 212 96 107 71 87 16
100 174 200 86 45 242 65 103 113 14 168 250 218 27 191 109 136 200 114 116
58 158 114 107 216 14 91 186 148 114 121 58 7 102 182 121 58 245 134 179
135 128 96 121 35 250 152 108 201 212 109 42 198 121 106 121 45 158 40 104
102 138 242 87 78 45 87 121 248 135 114 27 121 209 16 26 144 14 23 164
96 8 95 10 144 252 51 26 123 160 216 171 159 201 121 161 184 14 186 186
252 189 121 170 14 14 0 121 205 121 158 96 103 91 34 150 87 111 112 158
52 92 30 95 121 108 143 11 20 26 152 189 96 212 121 96 186 96 200 244
211 211 72 112 121 114 112 253 213 170 182 242 182 182 242 200 102 60 104 200
196 192 173 242 208 50 37 240 209 143 11 66 185 136 121 35 114 236 159 76
58 185 111 185 34 83 41 244 87 12 255 204 158 96 107 13 26 0 241 96
192 215 50 240 121 23 62 96 148 99 14 177 200 26 103 103 123 62 26 83
242 136 200 0 186 234 2 253 247 83 160 110 45 145 87 23 198 121 87 77
58 158 210 200 186 158 26 91 103 0 148 45 231 212 242 66 87 12 1 16
74 27 241 218 210 42 200 208 50 251 248 181 223 0 205 115 19 23 11 208
245 243 142 2 14 218 242 22 108 250 26 6 76 83 211 252 163 181 223 50
245 102 94 130 200 26 241 94 242 108 212 10 186 27 52 58 120 35 114 134
58 194 14 152 131 50 122 186 108 32 178 250 50 128 114 135 242 200 52 112
10 184 109 215 218 111 104 212 96 109 91 77 22 58 195 200 226 151 108 242
160 227 75 151 56 123 25 87 121 103 21 148 218 122 52 200 78 231 242 87
58 218 45 242 200 150 74 122 186 148 7 212 96 171 19 151 207 33 212 11
185 203 121 218 96 106 27 251 91 245 189 96 176 108 8 173 121 182 176 144
69 102 163 106 131 251 96 231 73 128 223 114 108 9 82 223 215 96 96 151
211 127 82 231 242 14 41 242 200 42 57 121 182 196 114 27 108 104 100 170
205 205 218 242 242 109 121 111 205 34 66 186 181 203 200 39 203 121 156 174
242 147 76 31 83 248 243 200 126 218 250 95 46 19 192 30 170 110 178 173
16 4 245 10 114 121 108 182 20 201 114 251 179 66 164 218 19 186 157 102
209 253 121 10 215 218 45 212 251 33 95 186 203 170 121 110 92 128 32 96
242 200 193 218 51 41 123 135 112 151 212 96 75 25 58 200 96 136 114 148
245 234 200 11 144 137 11 91 26 30 242 87 78 69 182 179 214 38 42 186
185 119 62 242 242 87 7 214 112 5 22 247 14 251 42 31 114 114 33 108
114 27 168 114 195 181 200 96 121 114 35 207 223 103 0 30 250 179 218 241
245 96 65 201 109 186 186 96 29 87 121 219 12 204 135 242 200 96 26 135
157 215 108 250 111 182 215 13 108 178 52 163 174 84 221 108 223 121 16 114
205 115 242 30 42 136 178 106 114 121 186 96 211 177 253 178 121 182 182 223
250 80 205 230 182 191 121 45 242 200 26 148 242 179 184 175 12 16 18 84
114 235 106 159 212 96 50 22 148 205 50 251 173 251 248 0 120 251 12 215
205 242 8 182 91 234 76 2 14 41 85 200 201 87 185 72 158 121 173 242
242 127 200 96 148 58 158 241 121 205 127 14 25 160 103 160 121 194 23 203
242 62 147 121 106 121 205 197 87 152 234 78 168 182 250 163 174 50 44 200
151 121 158 18 158 197 120 173 231 121 106 114 27 27 108 134 173 121 182 113
231 158 109 26 181 41 248 135 114 37 160 50 96 121 159 101 121 182 96 182
57 252 243 123 147 121 114 22 96 207 50 121 106 121 251 212 96 42 152 120
58 50 10 241 210 154 218 254 118 165 244 114 223 26 50 108 152 20 148 250
245 192 26 186 203 152 134 104 231 87 7 182 212 107 13 41 138 158 242 200
103 187 211 2 14 148 58 13 131 18 56 209 241 208 116 186 87 32 186 186
161 26 50 56 209 158 170 130 158 242 113 76 208 7 165 87 23 31 218 96
58 194 14 26 93 14 136 114 27 150 12 114 114 108 131 192 122 186 211 247
64 86 108 131 96 58 34 162 4 69 215 14 96 121 242 14 48 69 199 231
37 100 231 215 50 0 16 199 135 242 176 223 114 203 242 250 144 200 7 50
245 234 93 253 93 14 94 178 182 107 215 218 71 113 108 33 186 108 168 138
74 194 23 135 148 242 197 50 152 170 39 12 51 248 58 96 121 205 160 105
163 94 19 148 181 121 103 121 223 189 50 97 83 108 141 112 215 62 16 48
242 200 42 186 186 186 19 91 87 163 106 123 121 58 142 114 23 31 114 108
173 69 136 82 200 137 186 39 218 242 87 14 200 1 58 102 242 96 22 186
