242 179 174 35 158 179 114 186 108 112 113 212 14 232 231 50 166 126 218 218
163 75 202 151 251 96 12 109 121 182 189 174 219 96 235 23 17 62 59 231
178 29 14 121 170 137 186 186 186 200 9 147 121 137 200 96 186 50 111 104
205 197 50 67 164 121 112 121 253 251 152 113 212 250 152 131 242 87 14 177
245 102 2 184 126 96 14 60 211 94 176 160 227 152 165 238 33 87 23 33
163 152 28 82 207 134 23 128 122 106 58 218 113 212 100 109 83 41 152 147
223 189 39 241 56 50 236 135 135 23 62 16 230 121 159 10 68 18 251 42
175 178 182 199 65 248 135 160 227 35 61 158 105 205 34 24 147 160 223 190
121 151 121 106 14 28 22 96 160 46 241 0 16 188 242 14 152 53 11 230
253 251 50 66 240 101 197 176 160 94 231 121 158 201 148 178 114 178 121 223
58 50 160 227 50 251 160 0 121 142 112 236 135 148 107 252 228 251 79 242
58 93 25 164 241 8 182 231 195 242 200 26 162 202 237 186 186 108 250 224
205 10 238 122 221 83 244 178 212 158 158 103 190 109 6 212 234 170 0 121
245 177 37 215 108 244 121 118 152 28 82 208 0 209 102 30 91 173 184 1
58 195 37 110 178 144 234 170 243 244 236 114 23 56 66 80 172 123 95 121
37 26 83 199 212 121 64 37 242 144 14 10 13 130 12 241 174 108 62 121
12 46 147 21 152 19 23 135 242 200 205 111 194 104 208 114 235 96 212 212
58 218 51 227 50 136 223 50 110 114 134 168 38 42 50 251 248 72 121 248
205 131 144 14 121 168 114 88 243 33 0 10 135 242 14 87 6 83 244 159
131 223 19 42 87 164 218 50 16 242 182 38 209 141 27 210 208 197 148 218
74 177 65 152 176 178 0 128 195 114 26 186 108 147 121 114 37 196 121 64
231 26 226 135 242 127 242 200 205 186 87 19 250 173 121 185 241 2 138 218
176 106 10 148 50 65 103 87 242 240 35 102 87 181 121 158 96 141 6 108
24 147 121 114 27 223 114 27 208 50 223 247 181 0 12 96 174 186 114 223
9 189 188 97 16 140 33 200 42 121 99 14 113 159 50 121 10 90 159 121
37 3 96 176 64 244 7 14 128 186 200 96 71 251 42 136 200 242 200 250
242 87 87 189 170 243 8 102 243 142 108 242 215 40 168 252 250 218 204 191
112 172 14 34 202 95 76 82 52 39 56 7 50 108 178 110 242 200 42 197
67 181 241 218 210 95 127 121 74 223 0 170 243 225 10 96 63 50 223 151
252 192 96 45 210 182 199 135 108 182 41 45 158 97 96 26 241 211 96 151
106 97 107 50 31 105 227 69 50 87 158 244 135 197 204 65 223 114 27 26
192 18 11 50 208 96 26 241 50 62 147 121 151 121 121 242 200 162 241 148
121 58 13 114 27 108 187 52 137 189 121 246 96 121 112 61 66 121 158 96
192 253 158 50 9 41 242 200 152 31 160 227 159 65 103 123 2 209 23 219
10 67 223 50 72 252 150 56 135 121 223 48 159 114 72 170 14 121 106 27
223 114 164 28 231 121 176 121 200 112 181 239 223 159 16 102 135 10 5 238
158 103 108 26 103 87 96 215 196 26 50 114 72 135 121 176 215 218 50 94
7 135 183 200 193 197 209 231 67 123 95 121 96 250 97 19 218 50 50 72
37 179 179 218 96 50 251 173 121 251 138 69 199 5 209 10 212 82 52 108
138 247 147 46 14 121 77 58 91 123 223 50 209 188 218 10 186 108 108 26
52 165 200 182 113 31 158 18 193 9 82 158 21 160 227 169 215 189 207 92
58 50 218 242 14 186 114 93 114 239 29 14 186 163 218 113 71 54 14 114
205 157 74 230 28 87 223 35 203 214 42 87 241 87 200 186 108 186 166 200
58 205 34 136 144 162 158 245 26 176 114 27 186 151 3 148 252 85 231 27
221 186 93 96 26 6 128 31 247 50 194 14 186 96 6 194 61 139 199 161
26 211 131 4 245 11 62 66 121 152 223 135 24 218 242 38 35 80 31 100
242 200 162 14 219 96 108 201 185 77 92 182 88 168 82 186 163 174 178 160
10 198 127 165 163 221 26 25 204 123 136 219 12 16 170 121 14 50 5 121
209 185 4 179 218 244 103 241 158 218 51 56 121 204 135 241 25 135 240 121
137 200 186 182 58 182 182 182 22 253 121 158 141 69 104 102 243 21 152 170
145 23 121 106 158 251 248 76 14 96 34 239 50 56 154 110 0 248 137 45
58 194 14 186 186 108 52 118 200 105 35 114 27 108 121 45 223 251 135 242
121 158 218 51 121 168 83 248 111 41 73 104 223 230 3 19 151 242 14 77
163 253 175 77 184 14 18 135 92 153 203 170 243 71 113 95 182 171 182 163
10 65 13 223 214 42 87 200 186 161 26 245 102 26 67 50 87 158 111 231
81 74 87 147 212 100 139 33 200 173 199 231 7 212 242 127 42 123 94 178
161 242 21 250 163 253 121 16 196 210 2 200 186 0 152 160 128 67 242 14
50 87 75 131 135 2 14 186 148 23 114 33 106 168 0 138 241 38 174 96
209 138 96 45 182 171 21 89 251 121 253 121 158 218 176 215 218 218 210 204
228 223 218 194 14 251 173 242 87 14 96 212 33 218 96 235 82 152 92 233
102 137 114 200 26 254 79 108 121 223 114 27 50 23 8 37 212 218 94 231
58 50 240 170 21 221 184 244 152 224 80 57 173 242 200 96 174 200 26 186
137 253 245 189 112 232 96 231 200 104 60 39 121 213 83 196 248 135 121 35
96 212 99 14 23 218 235 137 50 152 170 200 22 231 114 195 197 218 96 231
