223 114 27 23 31 87 181 135 242 87 173 121 245 111 159 82 247 230 135 103
74 156 188 10 86 186 136 200 51 241 121 151 106 108 182 26 209 56 31 215
243 121 158 218 215 65 103 113 212 121 215 96 114 114 27 112 135 211 131 37
114 211 100 32 76 83 53 231 94 170 121 87 181 96 38 186 181 203 123 108
163 176 12 175 253 64 158 168 114 218 211 25 87 158 144 191 231 103 66 223
185 215 121 10 69 21 113 106 182 20 231 0 96 50 50 152 163 174 61 231
74 15 34 221 200 126 16 19 212 96 176 219 195 27 150 78 50 122 186 186
209 185 118 46 241 96 159 251 7 50 136 242 114 181 23 87 35 186 114 108
185 135 70 152 108 2 13 182 121 104 100 123 253 87 121 37 242 113 152 177
158 50 186 173 182 127 208 58 241 25 218 226 14 1 121 106 223 195 114 27
252 250 134 152 94 231 5 195 211 131 106 23 62 173 242 212 96 182 192 92
163 13 114 220 164 231 14 23 223 215 77 212 64 50 33 113 209 239 158 16
252 51 14 148 15 96 65 147 121 95 176 106 94 30 62 114 23 87 185 61
28 37 2 23 164 235 158 106 76 66 186 23 30 231 212 245 203 95 113 108
158 50 201 192 178 182 216 122 250 50 72 95 21 221 123 218 71 82 192 41
160 65 215 110 135 87 50 70 152 150 19 107 13 23 31 11 250 173 182 26
221 37 236 67 114 223 203 102 95 160 242 101 242 121 28 182 242 66 87 152
151 243 142 85 221 218 123 251 33 199 212 148 96 231 96 109 216 186 106 192
10 221 122 6 206 114 207 33 19 242 95 251 154 240 114 203 34 134 193 242
221 174 131 106 227 87 22 121 35 197 105 58 135 114 108 185 230 87 39 87
10 99 31 122 26 158 212 241 19 87 218 96 115 103 203 38 14 242 178 99
58 103 190 77 6 62 104 231 135 200 250 218 64 18 94 103 198 199 34 163
242 151 163 113 106 121 182 182 58 107 164 12 218 45 94 182 207 199 132 42
151 158 212 50 14 212 242 14 186 26 241 151 158 160 227 106 178 23 11 113
96 121 192 159 16 27 104 123 164 135 242 127 121 34 105 242 182 176 45 182
96 121 182 192 177 114 46 14 186 9 114 157 215 14 121 185 27 234 182 178
58 34 41 248 148 96 210 178 178 182 242 127 208 50 108 191 123 95 127 208
205 115 200 211 24 16 235 169 25 208 164 50 151 189 201 187 192 113 181 165
253 145 107 147 121 10 170 250 242 122 75 138 50 138 30 81 253 218 251 231
10 239 28 136 212 174 114 221 185 87 27 91 62 242 43 114 114 27 203 108
99 23 31 158 96 186 96 96 121 182 250 179 10 158 108 178 160 211 217 212
221 123 114 104 200 96 65 0 253 151 103 106 233 251 242 50 31 122 186 173
160 131 242 218 170 103 223 135 203 7 208 209 109 87 121 192 186 203 7 196
185 185 194 42 123 127 179 191 75 113 221 87 96 50 177 200 19 23 216 98
127 178 178 248 163 205 198 113 63 1 121 252 114 27 168 113 212 109 201 114
58 69 135 243 103 50 103 113 106 123 95 231 248 135 21 92 1 114 13 87
136 200 92 95 221 207 199 176 144 121 35 221 16 236 114 187 14 114 121 114
74 37 7 191 42 113 121 53 200 45 251 175 87 30 95 114 108 105 218 218
228 200 62 96 26 58 103 87 247 215 187 175 62 124 128 244 121 242 179 123
158 196 244 10 135 242 51 76 87 107 123 216 122 26 209 231 163 146 182 242
24 21 50 206 231 5 12 175 7 212 253 14 96 107 215 204 186 96 83 158
151 121 209 64 144 83 92 242 200 20 182 12 45 182 113 121 182 38 38 10
114 178 212 253 121 125 135 133 73 66 126 114 223 173 174 104 92 242 87 96
203 106 223 190 200 51 201 121 195 27 227 174 104 71 113 16 108 199 109 216
58 71 218 211 241 242 200 42 214 96 189 96 151 121 58 120 174 208 26 241
64 73 14 77 108 249 208 116 202 151 121 182 160 95 182 167 26 87 186 186
242 135 246 200 201 121 174 170 182 14 204 158 170 121 50 65 1 143 186 35
234 209 242 212 14 96 111 200 211 122 159 1 176 215 218 242 12 137 144 14
37 224 230 151 182 182 109 186 87 7 200 50 72 181 127 36 42 123 95 249
65 103 19 151 182 215 6 131 177 242 85 113 106 178 106 10 184 113 201 121
103 135 108 221 148 182 182 20 96 148 205 173 242 14 186 26 96 151 135 199
201 114 143 23 131 163 205 223 14 77 218 216 122 26 160 96 11 10 219 245
215 108 51 223 186 108 26 78 105 235 158 158 168 96 186 212 9 203 103 23
209 11 150 158 106 108 58 160 210 62 242 231 223 215 186 148 96 186 250 181
114 50 27 108 160 45 106 197 121 158 231 231 242 208 26 142 189 85 148 223
192 186 96 250 223 186 23 199 23 163 12 231 0 114 72 23 0 200 126 218
242 66 83 242 114 72 158 141 221 12 135 56 96 253 227 76 62 128 242 87
57 185 75 96 113 106 46 0 239 104 248 135 242 21 113 106 122 23 131 168
242 200 50 31 197 50 135 242 192 116 192 170 250 203 103 66 242 99 23 218
163 218 96 215 50 13 105 182 242 200 207 72 211 122 250 205 227 50 232 182
58 194 231 242 186 152 113 252 161 26 203 123 123 33 134 200 208 50 5 114
114 178 23 96 121 182 118 244 182 127 94 184 244 158 253 61 46 66 2 14
34 119 250 87 103 34 200 184 96 176 242 19 73 218 242 250 242 66 121 50
253 121 97 103 105 158 96 96 176 215 108 46 96 230 113 14 178 243 242 127
