223 186 186 186 114 186 195 158 243 121 121 205 147 177 187 223 158 108 241 121
96 34 200 93 120 111 16 218 242 85 113 152 221 150 126 218 210 178 144 14
252 250 50 207 179 164 135 128 227 159 198 151 103 121 113 23 242 208 122 250
221 50 173 208 58 218 74 128 41 245 92 35 26 7 87 186 93 105 9 114
114 108 69 26 81 58 158 218 242 127 82 134 87 13 87 181 87 96 83 96
114 252 253 121 143 11 186 96 50 152 108 231 121 22 20 250 112 87 135 108
158 242 200 30 170 121 152 114 114 11 228 108 150 11 245 221 92 83 231 114
159 223 50 87 14 95 186 108 186 147 96 121 241 218 96 94 242 208 223 91
196 38 218 58 242 14 189 56 96 186 151 158 121 211 2 14 188 35 45 75
102 163 174 170 121 41 98 248 242 14 72 31 114 4 158 47 123 113 144 14
163 253 251 173 10 30 21 240 196 131 242 87 77 87 87 135 135 167 96 112
103 7 50 110 123 131 106 87 7 16 108 178 85 251 173 231 211 121 205 188
160 245 1 112 182 250 87 248 19 7 189 174 218 96 113 152 1 160 111 196
10 101 170 121 154 112 114 186 108 239 186 91 201 147 121 114 223 23 62 35
114 9 108 151 20 196 106 252 50 112 20 96 176 190 148 218 34 104 218 204
192 121 218 96 121 212 182 242 113 152 175 115 207 103 177 0 218 102 122 26
38 218 51 212 14 64 241 0 251 87 62 242 14 42 186 186 108 148 108 65
96 161 230 11 152 250 176 103 123 145 50 103 111 136 114 14 34 197 108 196
24 147 160 96 113 159 212 107 13 47 251 70 112 137 170 152 92 242 200 22
10 102 87 7 122 42 211 207 50 206 135 130 87 185 241 12 114 35 114 72
2 13 131 205 45 182 176 144 121 192 96 176 65 148 242 170 241 123 12 114
106 35 106 75 131 72 123 12 114 187 114 211 152 252 253 186 166 42 38 123
10 121 21 91 103 251 72 121 138 151 208 58 50 190 198 186 108 158 207 204
223 159 230 113 218 245 121 58 69 212 96 38 72 182 21 176 64 2 218 204
242 151 173 10 136 14 186 14 126 189 101 231 121 135 114 181 163 12 58 215
242 14 72 207 20 212 191 209 160 121 233 96 250 50 242 152 108 242 127 208
176 122 26 96 26 96 96 51 121 154 241 96 216 122 219 74 23 31 114 108
163 253 107 218 50 122 96 250 38 220 253 164 25 121 210 135 242 99 22 50
201 199 212 50 152 108 141 219 10 151 32 19 133 144 208 231 113 152 114 23
144 219 96 215 170 121 245 14 121 77 184 152 26 242 190 10 108 20 109 151
194 106 251 98 178 139 210 73 127 242 170 10 186 108 108 186 108 178 253 121
253 94 248 135 242 21 103 113 76 83 240 126 218 71 94 250 87 42 23 62
201 231 135 210 178 45 248 154 219 77 27 170 142 96 250 218 182 195 242 113
192 178 23 0 194 173 223 114 178 52 95 121 202 51 210 105 181 121 114 111
106 121 182 242 200 244 23 114 87 96 66 186 26 241 241 87 96 250 108 242
114 108 186 160 135 242 200 218 51 121 114 37 121 241 242 82 12 218 67 242
96 185 230 193 210 211 223 191 177 148 181 23 136 19 121 114 23 62 114 96
192 186 72 9 185 77 123 23 114 35 108 178 160 58 96 45 242 65 77 173
192 186 108 42 186 114 121 118 96 176 177 205 173 10 141 159 96 186 127 102
192 121 35 186 20 96 215 42 87 42 121 131 51 121 31 205 223 191 12 208
175 58 96 121 52 205 121 192 215 218 51 121 216 247 96 50 73 66 154 241
50 75 9 216 122 231 160 227 0 170 14 37 219 22 221 223 135 113 205 2
58 181 135 242 200 232 242 127 211 120 114 235 242 82 156 218 20 226 14 186
242 200 87 27 211 31 114 178 26 107 50 152 46 135 114 121 90 114 22 14
96 121 35 106 235 242 82 253 122 186 96 151 147 121 248 209 106 67 103 25
58 223 135 242 212 14 186 6 0 127 3 176 33 34 94 2 20 14 100 31
242 76 3 73 216 26 152 170 1 243 173 243 114 185 77 72 96 161 26 3
192 35 45 212 250 152 237 36 31 144 234 174 114 223 186 108 251 215 218 96
163 253 100 188 58 144 14 185 215 121 200 26 56 218 65 189 242 14 141 223
50 201 186 163 215 151 121 242 14 189 51 37 7 107 13 127 178 92 251 209
221 218 122 218 45 122 96 219 22 182 215 42 186 148 211 182 94 231 164 218
159 178 174 182 239 223 253 159 239 16 219 152 153 186 144 121 151 121 32 209
163 253 14 94 21 10 108 250 174 239 137 136 205 247 14 200 58 198 121 231
114 223 114 186 108 186 120 242 173 223 50 5 76 242 200 26 241 45 173 219
58 218 103 66 199 230 189 242 170 241 218 242 82 234 192 186 186 96 75 38
91 242 208 131 57 127 2 14 186 211 160 70 14 114 14 108 160 237 150 222
185 91 103 244 242 14 203 174 61 0 251 73 218 66 65 21 21 108 114 56
58 107 14 103 87 14 31 135 39 120 183 187 144 218 113 10 114 27 192 201
158 208 135 158 91 16 242 120 106 227 169 80 242 14 108 173 128 158 96 231
58 18 178 26 82 245 62 211 211 41 138 182 160 32 96 250 108 148 244 173
175 219 58 242 12 150 179 0 171 87 76 208 2 218 189 174 118 77 121 50
160 103 135 184 63 215 102 207 21 152 210 136 200 96 251 113 247 218 210 210
193 193 133 182 215 218 251 29 231 113 120 173 69 104 195 196 26 241 218 245
107 181 114 27 196 192 227 19 113 23 87 98 12 173 239 185 227 174 186 212
