192 227 211 223 106 241 106 122 192 105 197 96 209 121 185 1 223 114 251 114
160 215 215 87 50 241 30 231 160 27 122 186 108 100 85 148 6 223 218 105
245 112 175 103 75 218 121 104 241 87 14 114 186 212 182 242 200 96 113 27
10 2 135 123 56 96 121 182 185 95 10 105 227 114 168 22 160 96 121 65
158 113 106 114 87 27 237 59 113 212 185 152 209 106 176 144 189 82 170 77
18 104 34 120 121 251 112 113 232 160 227 159 147 121 4 215 6 151 56 76
24 16 85 200 126 51 168 114 215 218 65 113 20 231 110 173 12 50 123 123
16 243 103 113 123 232 14 121 72 240 121 23 114 235 83 242 196 130 35 108
221 252 174 227 21 127 227 176 144 82 93 135 173 1 163 174 118 200 251 152
59 18 11 83 170 175 164 158 253 21 240 1 10 184 96 186 96 151 212 106
24 16 102 137 83 185 111 133 58 175 114 35 108 178 23 209 121 211 50 241
138 215 19 231 207 87 135 27 179 158 226 31 122 186 96 250 179 170 96 86
50 251 33 120 27 158 109 201 174 62 26 158 218 215 29 14 108 186 212 74
91 58 194 196 114 78 96 66 162 215 175 121 87 96 121 215 134 182 75 83
160 182 218 113 108 44 114 121 58 223 14 87 27 112 96 34 200 168 151 34
58 218 113 135 242 200 186 218 51 123 95 135 52 84 223 45 160 175 143 216
205 10 215 245 121 197 232 201 242 82 19 152 47 172 212 96 175 199 103 12
10 172 113 123 95 62 104 232 242 14 158 96 83 9 190 81 170 219 96 121
50 61 114 33 12 239 96 248 195 123 56 96 121 108 69 26 50 72 84 90
231 146 242 200 152 136 114 168 108 81 170 10 114 236 248 164 35 146 123 87
114 168 114 205 35 212 94 121 114 197 96 58 218 203 182 121 118 131 181 114
163 106 224 135 242 212 122 114 96 121 128 192 168 250 200 42 136 200 72 158
242 244 23 242 39 87 230 182 96 121 182 182 64 211 163 30 152 90 127 14
37 196 108 199 212 104 72 12 29 123 199 10 215 121 182 219 189 66 121 217
223 14 186 108 121 189 242 21 96 231 184 173 201 251 177 248 114 12 64 52
50 193 163 107 104 230 158 111 114 35 114 35 108 239 104 135 242 66 25 114
58 194 14 114 26 111 13 87 186 186 93 170 121 74 21 247 193 147 81 158
221 112 150 114 29 14 135 190 136 114 235 114 96 173 58 182 242 87 14 248
4 185 194 87 99 247 45 158 158 121 146 123 210 162 0 76 186 148 92 178
158 26 96 26 241 217 96 230 0 241 96 186 96 26 241 241 182 66 152 121
158 158 254 245 112 135 38 158 170 160 141 215 218 65 0 215 218 96 69 199
192 114 46 23 179 164 178 48 106 114 108 9 114 186 19 239 94 173 231 4
122 158 96 245 43 26 241 159 152 248 158 163 95 63 182 191 23 62 147 121
60 23 62 136 8 170 21 10 215 13 200 72 218 51 231 170 114 38 51 123
234 209 14 31 114 186 186 186 186 103 133 87 16 114 195 136 114 108 173 20
185 111 231 206 231 189 211 152 211 243 19 10 233 16 102 242 3 248 70 25
58 218 244 241 56 25 121 106 72 87 158 96 121 185 93 135 136 105 205 218
192 178 160 121 242 21 146 123 69 158 103 48 106 10 96 251 42 108 159 133
151 185 152 105 237 131 130 39 26 91 26 242 200 64 186 182 35 186 181 26
151 121 223 239 26 241 123 200 114 158 242 151 182 189 179 242 250 179 176 200
242 14 72 35 114 114 24 108 152 121 114 186 159 121 211 101 121 40 158 96
151 160 219 212 253 24 16 210 239 96 250 97 96 250 75 26 170 242 200 205
37 196 98 124 137 186 181 39 2 119 196 37 66 186 181 186 211 241 135 137
85 196 112 24 77 5 87 241 19 87 13 158 96 96 66 93 158 218 242 82
114 223 186 93 111 36 96 176 153 114 235 73 31 103 21 189 158 218 91 242
138 72 95 121 8 211 220 152 25 242 200 73 127 154 144 82 238 221 252 107
58 13 128 227 174 114 56 96 113 87 135 150 108 141 158 158 158 96 186 204
138 218 51 158 186 196 251 67 22 218 242 179 164 218 192 114 35 114 27 135
151 121 192 236 7 118 170 200 223 114 160 121 9 242 95 251 19 231 67 242
205 58 58 242 82 87 201 35 150 196 26 210 123 127 182 20 96 151 26 241
37 216 208 112 195 136 114 27 27 210 87 91 104 104 135 121 5 50 209 143
16 102 128 31 135 242 71 14 152 114 178 85 14 96 121 120 231 58 58 241
97 91 223 160 215 25 102 158 135 123 50 206 31 26 83 242 179 230 87 107
176 33 244 128 158 158 251 167 96 102 174 239 26 96 246 250 113 135 248 72
58 218 135 21 20 108 20 96 113 108 133 58 223 186 108 41 212 121 205 210
231 146 197 237 105 160 59 144 82 158 93 170 160 77 23 87 27 123 196 134
205 231 34 36 186 108 173 208 10 201 241 182 66 96 159 114 7 140 113 135
70 96 26 241 50 216 122 24 16 140 19 135 21 109 231 58 33 34 94 136
24 148 154 101 231 196 237 163 205 218 103 152 16 85 196 32 50 105 35 108
114 223 50 114 72 152 11 46 66 136 50 5 209 173 223 69 135 108 173 121
231 253 158 50 251 66 121 114 26 207 53 113 212 50 94 219 218 164 35 114
242 245 204 95 216 91 105 108 131 173 223 233 113 212 146 251 138 26 111 224
138 45 182 216 122 108 182 216 106 235 26 91 242 66 42 198 144 231 243 130
10 96 152 4 90 208 123 12 114 72 27 4 59 42 123 199 5 242 14 23
