221 50 251 87 174 114 72 121 136 200 66 185 93 75 26 103 108 26 83 253
107 50 5 123 141 135 21 66 242 93 14 234 242 14 77 108 19 186 114 62
58 196 150 109 151 209 231 221 95 208 50 5 58 96 244 185 114 230 96 168
58 194 14 81 38 107 13 87 203 215 62 211 114 121 158 72 170 121 210 2
250 50 165 57 136 103 21 14 35 46 87 138 95 121 212 215 112 135 197 24
197 108 255 100 66 126 218 50 176 33 85 85 96 151 147 243 130 87 186 174
209 58 218 51 160 158 215 218 210 2 12 50 209 158 18 87 209 14 10 137
242 136 114 223 114 27 235 26 241 87 96 38 96 121 200 46 114 16 48 11
96 40 47 196 3 176 75 170 43 110 46 87 82 137 151 121 29 14 219 195
72 126 135 28 168 108 199 177 189 152 242 3 232 14 185 77 212 14 71 223
92 158 188 121 45 87 197 111 182 242 200 242 127 151 31 186 147 112 135 200
23 135 9 38 83 158 142 242 142 113 159 72 158 231 87 93 12 96 231 30
223 114 19 234 179 99 212 96 242 114 27 186 186 108 19 83 102 128 24 16
58 181 219 96 113 176 21 56 42 123 95 34 174 239 26 241 50 121 128 123
192 186 96 81 211 41 244 240 10 193 21 108 104 121 248 223 195 31 186 108
186 159 170 14 159 121 242 3 61 129 96 212 102 182 222 253 242 200 26 241
195 92 128 71 114 72 87 76 1 186 159 51 121 199 135 128 14 212 144 14
58 223 50 72 135 201 108 26 26 91 158 28 138 23 114 203 123 95 121 127
58 223 113 186 108 73 212 71 186 16 2 16 160 177 97 19 66 231 158 50
102 105 194 96 251 173 121 97 96 6 163 12 11 188 250 176 0 136 200 250
58 103 135 91 158 106 114 35 158 25 135 71 247 252 253 178 188 16 147 121
192 186 108 148 11 215 96 231 242 127 182 179 179 218 123 42 114 223 96 151
96 112 135 242 231 182 66 121 245 192 250 108 151 243 121 245 74 178 59 85
18 40 16 90 96 121 182 46 14 114 114 27 102 223 219 31 227 159 252 192
158 96 218 26 241 218 182 224 176 160 92 12 242 0 186 108 152 114 188 245
58 223 19 182 91 128 137 85 96 96 96 50 251 50 42 219 18 163 96 50
37 158 96 176 160 87 158 96 96 205 96 186 96 96 186 182 242 142 159 168
192 65 103 177 83 62 163 215 218 218 64 65 151 189 87 38 96 176 215 218
113 152 239 3 50 182 176 65 130 87 95 14 239 42 245 102 137 148 96 121
245 102 57 72 62 147 121 171 41 135 177 33 135 37 241 87 14 47 241 14
192 186 186 159 121 96 96 250 218 210 197 96 96 174 230 62 85 221 50 200
242 200 186 174 87 158 158 108 173 220 253 168 114 114 70 87 78 147 121 242
201 69 30 231 214 96 250 96 66 34 185 77 27 26 218 212 200 51 212 191
242 200 110 113 16 2 14 113 32 253 186 186 144 14 186 151 201 121 57 173
58 13 218 18 39 164 164 38 96 231 235 19 182 152 74 114 27 108 193 211
192 186 26 152 51 146 145 14 104 223 170 87 218 65 21 66 197 24 200 96
192 114 159 173 223 114 27 108 26 163 139 52 230 87 241 164 218 218 242 127
205 102 74 194 247 96 26 241 218 96 65 215 25 91 223 186 163 107 13 215
10 186 108 148 96 62 16 53 219 16 128 143 158 108 182 45 182 210 2 182
125 50 72 95 23 62 29 100 2 14 66 121 96 107 251 35 170 121 131 113
209 242 200 250 179 113 120 51 56 34 123 12 203 128 56 66 198 21 230 191
107 25 114 108 158 147 121 58 58 107 114 178 186 147 158 112 14 209 168 45
10 212 64 92 231 108 121 205 201 121 99 158 33 106 238 192 186 121 153 159
176 167 108 250 108 179 123 199 121 144 14 241 121 176 253 158 212 96 253 121
98 158 96 50 63 151 244 23 128 92 212 218 144 14 121 114 156 195 114 27
160 121 128 121 114 27 192 123 248 158 186 186 108 199 51 121 243 242 87 16
242 200 86 135 113 188 141 96 250 182 176 38 96 147 242 200 250 148 96 223
198 227 203 171 121 163 205 156 50 61 31 14 216 108 44 114 27 235 83 24
192 19 158 96 250 251 173 58 201 86 50 251 154 121 245 91 92 150 179 200
185 207 184 212 107 135 148 247 114 144 142 245 14 17 186 148 22 200 209 251
58 218 24 108 255 20 244 11 245 96 54 178 215 186 181 7 67 114 51 196
163 253 158 251 94 121 176 20 14 69 173 243 128 242 113 48 158 142 191 182
161 50 176 215 209 186 108 26 73 127 200 11 215 182 41 158 158 218 121 163
96 234 2 14 141 14 186 23 114 87 186 186 111 3 77 108 242 224 96 114
112 114 168 108 27 126 242 200 193 212 151 160 158 51 96 121 35 26 87 52
158 65 242 200 250 242 200 250 26 0 83 211 94 200 211 10 52 72 87 186
192 194 14 50 241 204 12 16 48 106 114 27 163 107 152 76 208 82 90 159
175 76 14 186 186 186 111 121 114 218 103 108 34 31 114 223 50 216 122 42
24 16 4 87 121 111 251 13 87 186 93 19 163 107 251 248 173 251 105 223
176 26 103 87 108 19 240 252 102 192 235 114 187 116 166 82 185 243 200 46
52 58 218 254 215 96 231 87 32 241 174 50 200 135 114 218 224 251 110 212
96 121 114 227 106 23 223 163 212 118 108 52 56 123 12 219 58 158 108 9
10 207 113 147 123 33 187 222 12 51 121 79 121 39 23 62 87 95 127 46
188 10 214 96 250 26 96 118 2 96 231 201 19 107 135 108 182 110 135 136
