179 218 113 34 114 121 121 181 114 50 27 108 232 135 130 121 114 19 50 190
58 194 182 66 186 19 192 121 45 182 210 58 219 189 192 140 12 114 65 135
58 218 96 69 113 31 135 164 50 65 250 174 200 250 216 122 250 12 114 27
158 251 110 163 12 118 138 135 114 178 91 137 189 123 135 189 127 123 178 186
158 188 171 96 109 151 57 121 182 160 158 212 56 232 160 101 231 23 85 209
58 181 103 210 95 196 136 135 242 87 78 46 208 205 37 21 113 0 96 121
242 182 83 108 178 26 190 190 121 215 12 14 185 131 234 2 200 22 186 181
237 252 150 231 242 250 108 193 58 10 163 133 218 218 210 87 231 135 19 151
98 253 182 134 185 93 102 30 133 50 190 58 159 182 151 121 2 108 176 200
243 188 241 69 171 212 108 239 56 7 87 107 51 123 135 199 71 209 58 218
242 208 211 131 158 50 242 114 114 223 114 104 14 177 186 18 14 34 36 212
58 16 231 87 163 34 200 158 18 7 26 50 42 0 50 210 182 182 242 179
58 194 14 223 69 127 200 193 193 108 185 106 0 198 121 106 142 91 186 147
102 58 105 106 251 6 189 144 223 151 103 66 158 96 66 96 121 96 231 212
58 215 121 114 158 96 50 2 250 50 50 94 138 218 242 182 20 51 12 29
245 215 42 123 12 182 66 30 162 76 14 159 135 130 240 162 14 139 179 121
158 18 241 110 150 242 200 186 108 19 172 77 85 135 166 102 223 50 23 121
120 160 241 87 180 199 158 241 3 50 176 140 192 164 242 208 218 190 170 211
209 10 31 122 16 96 210 45 242 178 212 96 9 10 151 80 238 50 121 248
160 103 113 212 121 205 121 116 186 9 114 22 42 48 242 200 2 152 189 67
52 121 182 41 182 135 21 251 50 113 113 135 210 186 170 121 33 12 114 50
161 50 26 103 171 87 34 197 24 21 122 152 203 176 50 152 108 178 124 200
138 158 159 173 223 212 200 50 251 50 95 127 196 46 135 148 250 200 42 114
114 200 11 45 182 216 251 50 31 192 122 186 186 200 209 218 210 197 10 114
242 200 157 189 160 8 200 42 114 168 200 186 96 66 165 34 50 80 71 242
192 112 135 210 182 179 218 127 146 16 200 108 178 186 16 10 114 19 186 108
243 160 178 137 193 192 216 183 130 193 38 251 66 56 24 209 241 25 242 121
158 50 164 50 135 155 242 66 209 227 176 167 247 130 8 174 35 170 14 1
31 11 26 186 151 121 111 121 114 235 26 0 189 50 103 152 97 193 193 136
96 121 75 134 2 82 239 168 113 51 42 218 20 14 37 250 108 42 34 184
170 178 165 231 26 144 82 170 121 22 113 27 238 10 26 181 87 103 0 186
57 121 96 121 182 21 128 34 144 208 153 114 168 114 142 23 87 16 10 215
58 252 218 96 244 216 223 223 114 27 135 136 114 108 114 121 52 163 221 87
182 242 190 176 160 9 242 244 248 135 158 231 58 194 231 87 121 128 242 200
160 242 14 77 50 5 75 116 170 165 14 14 137 242 53 14 186 96 96 96
121 64 231 192 244 242 87 14 186 96 239 118 108 80 56 158 50 50 94 121
10 108 143 173 1 211 14 95 160 210 218 205 245 19 219 96 66 77 184 173
114 223 135 19 182 179 82 158 185 242 82 253 121 178 76 79 136 114 112 27
223 114 23 121 114 223 69 242 133 151 66 138 135 42 218 218 114 75 85 244
223 114 223 135 114 223 114 27 75 250 176 200 96 112 26 82 80 121 223 233
114 37 2 232 231 135 91 128 246 138 96 0 251 209 186 108 121 116 83 71
57 106 187 72 137 218 241 251 186 35 114 108 121 114 134 236 123 2 196 87
253 251 154 216 122 209 16 0 117 94 114 121 253 220 96 23 94 160 242 14
141 102 158 96 69 88 231 201 16 160 128 104 96 121 50 125 223 239 108 11
8 182 151 231 231 23 72 164 135 62 10 186 18 14 230 182 113 23 136 24
135 242 127 200 126 45 186 91 106 211 138 14 96 189 176 177 37 103 32 107
37 114 205 186 0 111 200 46 158 27 174 178 160 163 253 126 182 114 173 96
245 193 58 107 46 96 41 12 114 158 18 50 37 103 164 135 160 114 243 242
10 120 45 45 31 122 26 103 113 34 136 114 223 203 159 94 200 26 241 218
231 114 93 158 169 136 114 38 42 12 114 121 184 96 115 12 114 4 144 82
22 247 120 185 241 174 131 242 200 6 160 0 212 96 13 136 241 223 205 69
176 160 160 210 2 6 118 186 186 181 182 200 114 187 239 207 208 186 156 218
50 27 58 218 96 58 242 82 181 103 148 23 136 242 200 158 34 178 85 61
121 209 10 231 251 208 58 223 103 111 121 2 200 244 161 148 172 218 96 69
234 34 231 113 34 191 31 19 16 188 179 244 173 121 209 10 242 30 66 231
151 158 121 181 218 172 187 135 31 242 113 152 114 37 158 24 221 251 112 189
242 200 26 218 103 95 148 242 136 121 173 24 108 90 187 131 72 121 163 106
246 96 26 189 14 121 242 200 95 56 134 96 10 210 45 136 150 212 161 36
234 175 72 110 197 108 244 160 163 110 53 71 114 37 216 108 163 174 12 205
96 121 116 0 163 218 242 21 151 143 122 46 110 30 242 231 106 122 114 104
114 114 4 198 121 248 58 214 96 109 231 106 235 250 108 58 145 176 239 100
91 196 158 121 200 35 114 69 163 174 186 181 114 112 223 230 181 87 215 218
242 87 96 223 114 230 110 3 108 26 186 3 218 188 242 127 21 243 21 223
9 136 114 13 238 200 253 251 209 50 242 179 53 14 252 170 120 231 114 135
