58 135 114 235 242 182 242 52 72 223 50 35 147 71 122 59 235 32 185 60
58 120 158 50 114 209 50 242 82 236 147 121 99 75 170 121 147 121 87 200
209 10 210 25 23 52 230 87 14 107 239 168 203 163 13 186 108 113 52 163
102 158 52 172 106 211 216 186 157 193 91 103 41 242 87 152 22 246 242 200
158 91 103 214 212 24 232 85 148 159 251 113 212 96 165 231 160 210 2 14
194 14 50 148 218 51 104 147 121 128 121 96 121 59 109 212 64 209 251 209
58 50 8 182 182 176 43 197 19 93 41 173 121 114 37 212 24 130 204 232
192 194 14 26 196 158 211 134 231 121 67 27 87 139 182 242 200 30 38 43
88 231 108 241 87 96 201 34 90 247 133 242 14 230 99 241 182 38 121 96
158 96 96 113 106 201 138 241 223 26 96 38 218 191 31 99 26 96 65 103
37 196 38 245 90 112 45 186 223 50 108 104 104 25 164 96 216 122 108 182
74 27 87 16 212 195 168 252 192 215 123 218 179 122 175 12 251 251 113 95
58 218 103 123 21 114 27 34 174 14 224 51 104 160 218 0 197 226 114 50
96 251 66 42 186 181 199 121 110 114 223 186 186 108 42 102 2 75 108 178
245 187 221 52 78 2 31 148 135 121 205 223 135 159 174 170 114 168 114 114
221 52 112 170 121 34 87 27 16 142 50 1 231 199 231 109 153 118 170 33
178 103 21 21 66 242 87 36 42 25 187 211 114 121 186 164 94 147 121 176
91 104 210 87 230 76 182 250 66 200 124 25 130 104 96 174 114 121 12 219
112 189 111 182 148 230 110 43 242 87 14 186 186 170 170 215 189 194 231 215
209 245 189 250 12 108 178 120 106 186 35 26 215 218 140 92 182 96 231 235
97 114 19 248 135 216 122 42 227 10 96 241 66 241 96 42 128 242 83 182
145 14 148 103 186 241 87 121 186 69 173 121 58 69 250 179 230 182 38 163
205 194 188 56 25 121 89 58 58 96 186 187 239 46 196 46 135 23 123 34
231 26 25 58 93 135 242 200 78 21 121 95 242 114 223 163 113 176 135 242
114 235 170 121 248 223 148 242 250 103 87 25 7 251 12 87 247 72 212 196
205 10 147 121 114 62 197 50 26 241 87 96 127 91 74 69 151 121 121 182
58 34 200 186 121 10 192 186 212 96 23 65 83 142 75 203 114 235 19 159
23 92 23 163 26 96 26 103 50 148 105 58 96 97 121 181 241 87 23 25
58 156 218 66 245 113 121 182 151 121 242 200 158 215 87 135 242 200 216 113
57 173 242 200 22 210 20 1 253 253 121 158 235 204 215 96 217 34 52 114
242 127 166 170 141 189 244 16 4 254 28 148 237 105 158 227 148 104 55 223
141 102 223 173 231 223 189 250 108 45 211 14 122 96 75 22 121 233 14 195
163 253 121 158 218 242 127 14 209 173 121 201 103 0 212 111 0 186 148 94
211 131 242 21 50 126 242 14 121 106 14 239 7 50 147 123 135 130 52 206
228 21 193 105 103 95 196 242 66 95 2 66 217 74 136 200 96 96 50 209
108 219 96 177 96 151 188 242 179 85 196 210 182 242 200 58 120 173 58 251
80 16 108 26 96 42 102 164 223 189 174 191 121 12 73 25 58 231 163 73
143 215 217 103 103 127 121 34 239 210 200 168 168 3 108 96 91 175 223 148
138 185 111 193 148 211 220 253 75 150 179 42 50 184 152 143 72 7 1 248
28 147 121 8 218 242 165 250 196 113 212 191 1 170 121 118 212 253 27 158
179 34 50 1 11 208 52 125 108 211 163 23 7 105 189 218 191 121 242 200
58 194 14 186 93 170 209 20 14 14 51 102 181 210 25 181 218 241 182 171
221 50 251 50 31 252 253 253 96 232 231 12 122 26 215 112 154 215 108 42
194 14 51 121 67 211 218 218 65 210 87 96 235 76 244 104 121 26 96 250
221 245 211 121 160 92 219 134 136 148 96 231 242 200 121 114 27 26 50 229
231 242 82 109 186 141 146 147 92 23 87 31 114 27 108 197 14 96 215 218
50 182 242 242 208 26 241 218 182 219 242 127 178 99 195 251 7 191 50 60
151 231 204 158 218 210 158 200 88 138 96 40 196 223 114 108 141 178 144 14
163 107 50 212 182 245 152 242 230 3 42 108 141 16 211 186 147 121 93 135
58 91 50 148 205 252 192 186 11 104 24 147 158 160 218 103 231 109 87 111
179 212 195 200 88 168 179 51 87 209 94 242 208 253 240 121 114 205 121 174
205 186 253 158 34 193 197 102 83 3 96 42 4 242 127 182 141 223 230 14
50 0 0 223 200 58 152 52 218 94 184 104 32 16 93 100 170 121 99 102
104 121 209 185 101 242 200 186 186 151 121 187 177 121 120 108 69 52 96 26
96 215 80 123 12 211 87 12 45 173 251 199 172 8 0 108 148 210 87 96
242 200 44 200 30 133 148 34 31 108 26 243 123 95 121 126 218 38 160 242
107 250 179 93 95 121 50 242 159 68 250 41 158 26 96 215 28 5 218 58
58 25 121 121 176 135 242 208 247 244 121 218 182 182 231 152 150 74 163 121
205 97 141 21 188 158 108 109 58 242 14 186 96 34 200 231 51 189 219 108
179 113 32 152 250 217 102 58 189 174 152 105 65 193 46 164 127 25 127 56
122 186 186 96 118 200 250 179 242 25 5 230 114 27 91 223 177 61 215 218
218 160 218 218 65 242 182 96 231 113 114 102 199 40 69 3 170 62 226 60
151 173 182 30 121 234 14 215 121 118 179 158 96 186 108 114 108 242 148 67
231 242 212 144 200 182 216 50 251 22 51 168 113 212 14 111 28 147 231 97
