192 227 19 16 96 52 212 109 26 241 136 71 26 241 87 25 123 62 158 102
185 135 96 250 50 21 253 121 114 178 114 223 144 158 142 71 144 158 103 148
192 121 35 114 223 114 108 26 186 203 152 203 158 25 10 33 91 252 58 151
107 135 50 242 66 121 99 223 114 251 209 170 92 231 158 103 123 26 123 178
158 144 14 14 62 56 83 178 242 83 21 152 163 96 250 67 203 200 78 14
253 231 235 242 208 52 199 254 108 42 108 201 193 84 160 242 87 16 48 108
245 62 182 182 83 87 50 242 14 186 163 218 141 8 231 182 242 200 45 108
59 27 114 22 35 26 170 14 148 121 96 206 109 253 121 50 247 123 248 131
175 223 158 103 190 121 11 83 242 83 113 252 113 114 121 151 121 242 200 186
96 121 182 245 145 245 178 100 141 197 108 100 85 242 200 234 170 121 127 191
65 212 14 215 14 230 14 215 218 135 160 0 231 121 151 103 102 137 45 207
58 107 13 83 12 50 106 171 251 95 94 199 1 121 58 210 2 21 196 109
160 62 56 62 135 242 115 6 151 121 223 69 199 32 91 42 123 218 241 182
160 103 27 50 5 14 241 200 160 74 160 32 152 207 30 126 14 231 97 50
192 114 108 141 116 186 18 95 161 218 254 242 200 96 42 154 218 218 242 21
69 11 113 26 108 217 34 170 127 2 182 102 32 241 218 242 113 66 73 123
221 235 107 16 242 200 250 181 28 50 113 95 6 114 48 177 148 170 76 152
158 50 21 1 102 242 82 244 123 178 160 176 242 50 27 197 192 23 230 158
10 186 135 19 142 85 14 14 239 60 56 52 95 182 113 212 100 160 215 218
74 192 186 108 255 62 242 102 211 182 73 136 114 27 52 112 242 189 230 170
192 219 221 230 179 96 66 121 176 100 138 173 242 23 128 14 240 192 218 176
58 154 141 50 23 35 150 108 104 244 241 19 13 87 93 99 138 163 113 23
242 14 186 93 181 245 81 31 114 58 223 114 26 91 87 170 80 50 233 50
151 121 1 253 251 50 56 96 23 114 121 12 114 87 62 61 160 101 212 95
102 163 218 251 218 113 123 138 98 182 96 12 245 58 13 247 50 251 173 242
175 58 245 131 114 121 192 223 186 96 96 96 205 19 107 13 83 244 158 194
192 186 148 50 151 121 192 87 96 118 200 227 86 58 23 61 192 186 13 164
243 106 144 121 192 111 3 105 107 123 114 205 114 121 253 209 219 108 141 215
209 138 107 25 102 118 179 242 82 208 192 144 2 200 64 136 200 251 66 200
24 16 211 0 18 84 170 66 186 181 200 230 189 182 121 114 112 114 27 244
52 128 240 121 26 111 65 143 94 242 87 14 151 194 14 66 46 209 151 33
114 116 151 93 135 121 50 140 165 121 176 242 148 40 39 25 181 230 101 182
160 181 196 114 178 114 154 77 41 148 174 197 19 236 212 144 14 215 104 212
151 144 14 33 34 2 104 135 117 203 17 186 42 204 245 71 247 106 168 250
58 185 34 141 250 50 241 174 14 220 186 96 199 111 182 127 210 212 14 253
94 221 108 250 95 133 151 231 12 72 123 12 253 185 72 0 76 160 13 173
58 240 102 242 218 242 66 245 109 121 35 114 201 192 121 151 251 66 241 11
163 253 134 3 50 189 104 87 16 27 242 196 113 148 7 114 36 121 135 114
151 121 248 218 160 102 242 87 14 136 50 152 242 127 82 179 123 62 244 207
161 24 178 114 242 28 26 218 218 38 218 96 50 251 176 50 242 66 87 186
223 50 27 50 122 186 96 215 159 251 199 113 34 152 248 242 77 110 163 253
114 37 98 40 228 96 112 20 4 243 144 219 14 92 148 108 134 16 141 144
160 81 6 161 103 66 95 127 144 14 243 103 12 135 114 135 136 200 158 51
138 242 8 85 66 173 253 121 163 50 26 42 99 35 108 200 138 96 45 121
158 123 12 205 186 186 148 148 245 239 242 151 121 248 223 135 200 242 200 96
205 251 199 103 135 242 113 247 107 227 50 128 223 218 212 118 158 108 19 52
138 120 109 215 170 56 0 136 113 7 24 16 160 170 178 103 61 158 34 136
50 158 108 173 200 96 201 26 96 96 151 121 242 66 136 114 186 35 186 181
209 160 131 242 242 66 42 200 96 253 230 159 14 168 195 251 98 182 242 14
10 135 118 127 102 160 65 77 108 179 87 223 94 196 221 181 223 7 218 113
185 121 160 178 173 251 148 6 170 121 226 158 158 96 250 242 159 31 191 108
221 108 52 121 12 16 31 114 223 114 135 121 242 121 159 250 176 12 191 237
107 16 170 243 26 105 103 135 21 151 147 121 34 127 58 20 170 82 192 239
58 107 16 145 38 218 96 65 8 45 73 189 151 158 231 109 58 128 114 121
253 10 173 188 110 243 242 85 148 42 19 186 18 14 4 215 121 148 87 87
160 57 23 0 181 137 45 83 182 176 96 91 180 114 223 114 108 52 124 70
221 218 71 50 242 127 66 245 41 6 103 50 189 151 244 121 158 50 10 176
114 108 114 56 91 87 212 218 71 135 50 251 95 121 147 127 164 135 114 104
31 131 80 14 121 122 186 181 114 245 227 203 95 254 96 83 211 182 179 17
192 21 104 212 96 178 144 243 114 239 131 106 0 27 215 121 218 50 205 160
242 200 110 63 87 42 198 113 212 102 158 97 96 231 209 242 191 87 103 135
10 20 158 176 144 82 2 152 102 50 104 13 12 135 66 181 58 218 210 11
192 121 168 218 226 255 50 173 242 203 176 50 26 158 67 114 220 181 182 242
24 178 104 71 252 252 26 50 108 3 46 144 120 10 158 187 130 242 170 0
