96 23 153 218 94 114 26 158 96 215 250 218 241 25 69 219 72 152 131 106
231 160 210 87 209 105 67 58 251 173 23 164 135 209 245 34 123 93 185 242
45 143 232 159 120 210 52 72 240 192 186 108 26 144 100 41 215 31 26 96
185 111 55 106 69 242 182 176 215 159 25 135 242 200 11 26 91 41 147 121
96 233 218 50 242 218 135 108 199 16 242 250 170 200 57 186 241 152 126 83
0 38 173 160 103 123 12 87 71 209 10 16 102 242 2 200 96 108 250 108
160 246 96 186 100 170 10 113 120 121 58 96 96 66 186 186 148 216 158 108
223 186 186 186 92 208 75 137 191 212 114 135 121 182 242 200 242 200 148 242
253 227 205 176 52 33 77 95 199 148 218 242 82 207 183 50 200 42 15 223
241 182 70 174 6 7 50 0 198 114 12 205 114 72 154 12 25 242 87 14
160 177 227 242 200 96 38 96 26 50 0 152 1 50 84 96 186 148 218 219
160 81 215 189 16 141 168 200 205 122 96 26 108 113 245 146 154 242 248 25
192 242 85 241 96 50 114 56 185 163 7 161 218 218 50 103 114 135 242 66
176 116 208 93 50 176 50 189 174 142 141 96 38 96 201 121 114 27 211 10
245 58 50 27 215 121 114 72 80 248 121 12 114 108 104 134 42 186 170 142
40 243 106 121 35 114 121 205 235 242 200 94 242 200 218 218 182 215 218 192
158 116 194 46 87 14 96 69 223 135 114 27 23 128 218 160 101 121 151 121
80 35 26 72 87 7 25 235 148 73 106 210 87 168 162 215 218 218 51 121
221 50 48 242 179 12 40 242 87 14 96 38 174 31 45 23 207 75 50 2
96 121 182 23 218 242 127 250 25 200 118 144 200 126 114 114 186 186 114 114
24 147 108 103 77 176 221 152 71 12 218 107 251 231 14 205 45 242 212 87
192 121 114 235 26 170 14 96 114 159 168 189 160 32 209 82 80 242 87 14
58 13 170 121 57 121 182 182 215 215 96 6 212 178 160 245 245 131 178 100
231 221 50 255 216 122 13 87 218 218 215 121 154 242 66 251 173 205 170 121
231 251 163 218 45 143 158 144 241 87 135 207 95 95 199 215 244 87 218 216
125 87 186 144 69 83 231 215 245 218 242 160 114 27 109 16 26 148 218 242
145 85 96 66 215 218 96 35 114 134 56 25 135 242 87 76 242 127 83 41
104 135 87 134 121 223 200 26 202 251 163 65 67 160 8 218 45 41 244 219
192 16 96 38 69 219 22 22 30 66 173 121 45 165 14 20 231 91 211 26
167 51 96 58 120 114 122 26 108 26 160 65 135 178 206 158 160 245 51 91
242 200 26 241 87 148 13 147 160 131 58 205 69 96 23 226 122 253 42 242
96 198 112 21 25 28 20 96 176 45 242 200 26 42 21 122 42 156 218 216
194 201 108 141 85 250 200 230 41 103 123 248 135 147 212 231 212 96 38 176
96 121 245 14 10 153 137 45 242 182 26 163 113 29 122 186 170 121 199 231
248 163 253 121 218 113 232 231 223 195 94 148 242 45 23 223 113 113 152 228
242 200 26 170 189 174 0 186 50 72 176 8 205 237 192 186 250 205 37 165
131 223 148 201 187 203 170 121 205 203 123 121 62 147 121 58 23 53 148 110
151 121 175 123 71 58 93 114 108 26 6 23 175 186 96 215 96 113 38 114
10 205 121 114 108 160 160 48 123 218 242 182 223 114 135 242 200 203 185 184
58 65 194 14 168 113 212 96 58 205 121 181 10 77 108 83 211 170 243 109
178 135 242 200 168 170 182 38 50 109 121 223 142 223 103 221 247 106 16 77
10 212 109 206 242 85 108 141 102 223 114 203 16 48 103 66 158 135 242 200
163 13 230 62 147 121 196 151 182 142 121 35 37 179 218 212 96 151 158 231
107 16 23 114 134 12 242 87 35 114 22 185 185 103 103 77 91 152 114 59
138 151 144 14 223 50 108 199 105 242 82 42 192 114 203 106 121 30 121 121
176 144 216 106 87 209 148 207 123 218 66 12 56 158 96 50 251 165 14 231
205 122 186 140 243 159 22 121 101 121 29 234 110 81 223 186 50 148 243 118
114 223 93 232 205 12 158 46 227 50 251 179 31 230 159 69 199 231 135 112
223 114 168 27 189 174 147 121 96 43 73 241 50 51 240 231 31 242 152 46
223 114 108 247 51 14 59 66 0 192 100 19 163 219 253 173 127 223 159 218
58 13 45 182 51 106 131 208 238 114 121 97 96 151 121 37 152 170 250 240
144 203 170 7 153 45 86 201 144 14 14 167 186 158 96 187 186 163 253 121
176 215 218 51 237 27 108 131 159 242 86 66 127 3 19 250 12 83 179 85
224 242 231 26 189 174 72 158 218 51 164 135 242 2 82 16 11 87 158 144
185 111 144 200 109 201 121 208 242 87 14 126 58 152 151 34 184 76 186 103
159 106 10 104 135 34 104 33 0 108 20 244 212 245 51 223 50 200 96 241
185 194 14 87 186 186 241 151 121 58 151 121 2 200 30 99 27 207 123 160
185 198 113 34 36 40 173 251 69 199 219 221 26 144 241 113 127 192 144 121
252 19 250 96 136 223 114 114 187 62 39 185 111 200 30 77 108 221 12 108
253 65 69 19 77 139 173 242 178 159 10 32 25 123 208 242 87 152 170 23
114 178 186 186 108 133 174 251 50 95 95 231 20 232 87 215 96 113 71 10
194 14 66 186 163 186 93 82 150 96 112 189 170 103 108 133 151 135 242 200
154 218 96 126 218 50 197 251 50 27 108 26 135 137 212 175 113 135 200 51
151 121 160 34 152 247 163 253 56 242 178 186 83 108 240 121 200 31 114 108
