96 231 121 35 186 186 108 127 242 200 152 44 231 121 170 121 245 151 2 178
192 178 177 158 211 94 148 218 47 95 127 231 113 248 72 212 96 250 50 108
231 235 242 178 85 151 231 100 0 203 170 14 173 121 182 242 121 230 131 114
58 123 212 94 193 53 208 234 2 244 7 144 14 212 102 192 144 200 242 127
242 200 26 103 135 41 62 154 96 178 23 131 223 135 130 121 205 10 197 171
253 121 158 218 50 152 104 30 216 113 108 69 163 174 200 136 200 250 170 34
248 137 148 121 158 212 96 176 215 96 250 176 148 176 144 14 34 36 113 174
151 158 121 234 136 135 121 242 142 109 137 118 95 139 126 168 170 211 209 248
58 194 14 38 185 212 14 175 137 215 218 96 211 9 96 66 240 210 87 143
74 58 181 127 14 121 2 135 242 200 134 28 121 250 108 184 48 109 185 107
145 223 0 207 219 20 14 96 244 158 151 121 94 195 117 94 192 186 193 174
114 168 113 121 248 114 121 34 193 211 245 243 123 242 200 26 218 210 182 242
151 121 114 104 12 114 27 108 46 159 31 105 245 42 12 114 114 187 106 114
201 34 94 231 212 200 114 203 102 56 216 244 76 11 104 164 135 242 148 159
221 174 182 75 75 182 118 244 216 223 139 176 85 242 200 225 12 114 235 96
222 107 50 108 148 11 251 173 242 136 86 157 215 218 215 218 174 114 223 186
221 251 69 161 26 87 194 96 250 50 240 108 26 96 5 242 182 113 212 102
52 114 108 114 104 121 121 114 22 114 223 114 108 186 212 96 121 107 135 25
28 170 121 37 182 86 26 96 26 203 1 248 114 223 207 33 223 170 62 242
58 194 14 23 218 241 35 38 96 35 114 205 10 112 242 244 26 181 7 148
192 186 181 241 218 242 219 200 108 201 176 50 242 82 178 85 219 196 52 150
173 1 175 177 12 186 114 114 72 121 232 96 205 121 242 200 22 233 190 14
163 50 1 86 20 152 99 205 38 58 94 231 173 161 136 200 51 218 123 229
178 160 9 114 51 23 175 134 87 241 152 108 186 16 72 158 56 137 144 14
233 215 16 163 174 239 58 13 128 242 127 200 186 108 131 144 231 87 190 19
221 218 96 231 67 58 123 12 16 211 31 7 114 134 50 148 182 230 14 195
242 82 186 211 87 27 223 219 195 178 148 96 185 111 182 199 212 14 10 141
221 50 0 65 32 241 218 191 121 210 56 241 87 25 164 181 87 135 108 193
104 114 27 131 50 22 121 45 1 96 121 182 58 135 223 50 32 93 209 14
192 186 96 19 218 65 165 104 196 139 242 200 50 108 46 114 23 0 218 121
195 104 224 96 238 164 50 21 105 205 96 50 56 216 122 245 218 51 121 58
242 200 161 241 218 242 113 231 215 151 121 243 85 14 1 223 239 85 71 114
163 50 80 23 87 14 77 46 203 123 20 148 172 87 241 215 65 6 120 136
163 93 200 168 108 250 95 221 108 147 223 114 253 7 50 211 122 26 241 158
237 186 108 239 192 144 14 19 218 127 20 200 133 22 195 121 231 106 235 26
205 103 121 215 218 215 159 209 18 200 96 250 245 112 106 50 95 121 108 201
58 50 95 196 96 12 58 28 52 114 209 168 108 90 186 93 215 13 128 204
58 107 13 164 114 135 81 20 14 112 58 28 180 160 121 106 114 121 151 158
176 57 121 45 201 121 106 122 216 252 186 144 14 127 10 26 6 87 87 180
163 174 200 96 6 158 143 104 228 96 250 205 50 80 209 199 242 250 179 25
223 14 114 35 114 121 242 200 96 58 70 182 99 251 9 230 127 178 212 19
105 242 179 230 182 215 218 182 176 158 96 251 21 131 116 30 170 103 21 247
173 245 2 121 205 121 148 205 223 114 72 101 62 133 242 14 108 66 158 121
96 219 158 168 66 208 135 158 50 201 212 96 121 185 121 34 196 186 108 239
58 194 14 61 42 108 173 182 191 164 50 236 212 64 251 50 138 251 181 50
211 136 161 91 50 24 123 248 223 50 241 114 223 135 242 87 16 130 170 2
163 33 186 186 120 218 215 218 212 50 210 97 186 148 96 151 0 121 35 118
114 178 121 114 108 188 167 102 164 253 21 48 50 199 103 135 21 122 62 242
192 215 218 10 26 215 218 215 42 200 148 242 21 79 114 215 108 242 26 2
58 194 14 23 198 105 211 39 164 50 251 173 121 205 235 98 205 80 87 121
121 192 121 158 96 50 173 251 173 223 195 94 208 48 50 42 186 127 250 240
148 112 61 186 241 87 230 96 245 2 14 186 248 72 14 32 50 200 138 57
102 158 96 50 50 251 33 123 12 95 95 121 253 14 186 186 3 72 162 12
114 221 218 242 65 148 218 215 121 252 250 50 176 50 251 72 182 186 223 158
253 242 200 6 161 210 2 218 252 192 79 231 251 19 174 61 170 121 35 108
253 121 209 96 176 106 177 205 186 108 173 114 20 105 235 242 205 27 52 50
211 245 211 74 12 74 181 23 30 42 52 114 108 0 117 121 104 121 37 182
223 159 251 173 223 181 35 108 46 23 230 96 112 96 75 250 12 122 26 96
158 251 10 255 95 1 57 121 153 114 96 26 144 14 121 252 211 175 4 219
114 96 88 247 158 118 85 14 50 165 219 210 200 250 179 12 26 111 200 253
65 231 122 26 103 50 242 200 193 211 114 121 14 121 200 242 61 12 158 121
58 50 1 161 123 133 58 174 131 195 136 114 108 186 186 108 11 253 219 164
242 22 75 174 186 234 170 135 58 50 126 218 148 28 60 182 38 96 242 14
160 227 35 215 121 242 95 212 41 147 71 251 21 56 25 244 176 215 26 96
