243 142 96 96 109 58 82 253 72 51 59 216 24 91 13 173 182 182 54 31
24 147 103 135 128 242 127 82 196 37 182 38 121 252 253 186 93 135 38 201
176 215 28 205 69 20 186 96 42 186 19 105 60 104 122 108 186 186 93 120
185 241 87 96 247 181 135 242 211 197 14 34 76 1 137 191 83 12 181 235
107 13 8 176 176 114 26 87 96 45 67 6 200 42 136 224 87 3 72 87
209 188 94 121 221 50 66 158 96 96 112 151 34 196 208 241 25 121 221 218
221 170 177 160 31 241 241 87 218 113 212 121 205 231 121 182 176 186 195 200
158 96 186 20 210 151 146 182 38 242 250 12 57 23 26 6 31 118 231 182
221 26 202 50 9 91 215 130 114 197 96 135 242 57 148 218 242 127 47 14
242 14 186 137 219 96 45 38 109 109 186 114 14 87 57 7 87 3 120 173
201 173 121 99 27 26 207 26 21 108 45 9 219 114 135 26 241 174 118 14
160 100 200 251 138 136 121 50 34 204 158 158 215 186 96 96 113 212 121 205
58 252 50 242 200 26 144 83 107 113 212 106 14 131 44 114 72 87 186 159
114 223 114 27 75 26 241 50 0 235 96 176 148 58 218 215 28 14 142 223
163 239 78 232 50 240 147 212 121 218 242 127 208 158 50 56 96 242 231 2
209 173 197 98 248 223 218 96 175 196 246 120 16 230 173 121 196 114 181 219
57 200 96 67 174 191 6 151 121 253 144 2 14 14 114 121 193 223 3 108
160 209 234 121 158 96 108 212 96 113 232 96 115 251 23 135 224 231 108 67
205 231 121 250 151 121 52 84 96 114 108 196 51 123 216 106 122 173 251 87
231 106 168 229 186 181 203 38 11 113 46 114 134 82 26 87 203 152 31 14
158 191 171 23 126 218 56 218 71 122 186 192 218 71 122 26 245 186 50 108
58 0 103 223 202 118 14 20 96 38 106 122 186 96 26 241 87 159 95 240
192 253 41 45 104 72 56 104 21 216 122 50 210 83 0 185 66 96 186 6
96 223 247 108 141 136 148 172 135 121 92 135 242 95 21 244 189 231 213 50
160 218 248 158 218 113 135 242 127 232 178 46 114 84 171 212 138 198 152 170
91 185 35 186 108 26 103 113 181 223 50 29 135 82 134 170 121 248 72 87
69 253 160 103 103 33 83 104 216 122 52 114 50 96 212 107 218 204 33 108
160 35 170 121 21 51 98 137 253 251 190 242 212 85 66 168 108 253 121 8
58 96 6 184 96 250 179 218 235 242 14 82 74 189 218 241 21 56 123 176
242 87 16 48 142 38 244 179 230 41 101 71 208 137 215 218 75 87 218 141
242 148 250 196 26 103 21 148 218 96 176 177 159 16 160 8 242 200 3 108
151 158 158 243 123 204 158 241 173 94 178 109 185 1 152 193 114 168 184 51
107 252 252 51 123 106 164 135 182 182 27 188 242 113 114 212 121 58 80 135
192 200 26 207 123 147 121 37 152 113 212 160 14 27 22 26 87 96 6 136
158 96 245 108 26 148 71 247 94 42 136 241 87 102 96 6 189 160 41 128
184 118 96 250 218 232 204 96 38 85 51 109 121 186 37 165 151 182 207 50
40 245 193 135 184 104 96 138 193 127 242 48 85 245 71 58 58 96 151 121
50 122 91 185 172 215 19 215 103 230 87 215 218 113 123 12 38 230 45 121
74 194 173 34 143 247 181 103 12 114 195 114 27 195 23 48 243 135 123 45
16 102 114 135 238 137 137 186 159 250 242 127 82 179 114 163 253 151 121 182
106 36 135 212 215 218 242 87 223 76 66 186 186 121 96 186 151 106 121 108
56 242 66 179 12 126 82 16 130 182 215 13 87 218 241 200 171 158 35 108
58 179 87 148 174 72 25 83 242 178 186 108 121 12 139 200 242 21 105 114
26 50 148 211 186 181 87 21 1 113 16 21 108 242 170 189 251 87 42 12
10 20 215 67 114 27 96 235 199 50 95 21 56 31 241 25 14 148 96 121
192 185 215 170 204 158 96 205 96 215 118 26 240 186 148 242 87 167 152 113
158 140 245 114 108 239 72 185 103 121 47 14 14 135 242 122 108 133 58 242
50 173 121 185 156 168 113 200 130 59 221 207 30 66 121 18 158 144 93 219
221 41 38 253 121 182 121 182 242 91 23 75 2 66 152 62 16 206 10 105
58 253 121 205 27 58 194 148 11 96 96 50 165 126 242 200 253 170 121 35
58 12 106 69 195 99 250 196 200 73 216 122 42 74 113 223 69 186 9 47
114 205 108 186 186 198 121 120 1 97 186 103 176 50 200 226 121 18 30 71
114 108 221 104 112 226 134 21 87 241 144 14 194 108 250 245 108 148 179 62
74 194 79 20 11 200 96 52 12 43 135 248 7 114 108 114 35 114 134 31
58 218 212 107 25 121 114 114 27 235 242 151 147 121 163 253 185 103 12 103
138 96 34 240 121 182 58 219 22 215 158 45 176 182 242 200 182 176 144 14
223 50 60 56 218 113 71 19 186 148 94 184 26 241 25 248 135 204 50 56
16 10 159 201 16 21 152 74 114 200 184 196 186 159 242 152 31 106 241 241
158 218 64 37 242 242 200 42 56 218 50 66 245 247 223 16 224 186 138 114
188 10 173 58 87 135 54 113 13 73 113 196 160 160 242 14 148 96 205 114
151 103 34 12 85 71 186 108 138 81 230 215 218 50 216 122 106 131 106 104
136 247 191 87 96 121 77 236 147 199 135 242 20 21 113 51 14 223 215 186
58 218 71 241 73 175 242 48 218 179 138 230 189 231 34 164 50 114 121 35
212 50 44 114 186 108 120 223 223 219 195 200 239 26 158 189 144 241 189 228
