58 13 128 215 218 144 14 121 158 96 74 106 170 177 108 121 114 10 51 41
185 190 197 108 101 231 34 41 148 128 186 91 137 136 50 251 248 16 243 242
160 91 120 242 135 178 248 164 218 96 176 215 16 102 240 103 121 186 111 251
160 65 106 25 135 242 200 26 241 218 50 251 160 32 12 223 50 66 121 121
194 14 189 96 250 26 96 215 218 210 136 19 210 218 73 10 170 103 34 31
58 218 54 135 121 158 227 12 205 227 106 61 215 189 21 165 66 186 20 215
253 223 190 34 136 200 253 58 87 27 196 167 186 108 147 102 136 114 27 58
251 242 200 26 241 65 182 242 151 21 216 122 26 42 30 230 87 107 13 87
210 92 158 73 87 190 212 200 230 65 82 168 203 152 223 106 170 96 223 170
64 96 168 151 160 201 35 114 114 14 121 96 209 251 173 231 121 114 22 26
253 121 93 219 114 131 191 121 7 191 250 108 242 127 82 20 200 126 218 114
114 235 207 62 27 113 147 121 253 123 152 31 242 87 152 82 24 108 91 186
96 112 108 199 109 215 205 115 152 148 182 182 139 46 12 114 108 152 94 100
221 78 87 91 92 218 103 240 105 113 212 71 122 42 121 176 103 148 160 223
102 242 148 26 241 182 212 96 226 135 165 173 10 192 114 121 94 196 244 23
58 194 14 241 19 10 148 35 186 181 121 2 200 158 106 114 235 251 236 212
120 96 69 50 201 121 35 114 121 223 218 223 111 114 235 108 193 69 160 99
209 10 114 70 87 23 148 240 121 196 115 87 66 87 88 121 114 195 122 26
161 223 218 218 50 176 58 244 137 45 244 242 85 159 107 148 67 176 95 250
74 192 121 9 121 192 130 26 241 0 241 50 21 122 42 121 119 248 93 231
242 200 186 108 250 225 223 87 32 34 110 200 193 131 222 106 122 42 211 87
37 148 148 205 35 163 106 187 35 114 108 23 114 236 135 42 92 87 181 203
107 13 87 181 19 93 151 231 121 151 121 122 186 41 46 210 162 14 186 239
163 253 218 74 8 182 176 160 223 186 181 30 42 62 173 121 121 151 121 103
58 93 165 152 38 185 96 71 62 184 11 107 25 87 121 189 174 6 200 253
24 147 121 135 84 108 42 113 19 4 13 39 12 14 77 159 242 127 240 170
252 192 200 26 240 195 36 251 165 66 111 251 135 207 85 244 42 131 242 21
58 218 102 242 200 152 114 58 38 209 103 34 36 108 23 170 14 223 200 152
58 218 50 113 9 38 10 253 14 114 14 186 241 158 159 218 242 82 127 208
203 76 189 182 176 215 26 189 134 1 253 121 102 242 87 2 218 51 87 138
159 23 218 242 66 83 179 81 236 19 186 114 22 254 58 218 50 209 106 242
96 133 159 154 123 121 121 182 58 205 187 134 104 72 104 7 122 219 223 151
221 158 218 242 66 25 92 219 223 14 163 93 0 242 179 175 103 198 19 250
58 158 25 208 56 121 186 50 6 143 227 14 230 87 215 96 96 96 112 96
10 170 223 114 114 38 96 233 92 182 127 52 190 151 182 196 250 207 21 135
205 194 14 223 73 8 57 200 26 96 26 96 215 45 178 23 135 67 108 173
176 215 218 211 144 200 148 218 65 170 212 146 71 235 230 114 72 104 92 158
209 10 160 223 114 5 121 99 223 159 69 66 83 123 121 185 96 215 121 182
96 45 33 173 168 195 208 223 107 218 71 252 50 251 87 121 106 239 121 201
35 114 160 239 131 242 178 0 7 87 7 99 98 87 54 185 135 136 175 14
178 160 210 65 246 232 96 38 176 17 58 223 69 110 104 212 181 218 210 182
161 223 194 87 91 172 21 177 62 173 182 182 176 12 150 108 108 141 107 13
138 50 26 186 108 173 243 198 121 243 121 114 121 158 106 23 34 178 160 18
242 148 110 160 160 65 106 56 215 96 152 230 159 182 135 236 96 250 87 14
178 242 173 34 58 223 251 66 50 121 159 230 141 242 14 42 186 92 45 2
103 144 96 178 223 159 16 242 200 230 99 23 197 96 121 205 251 21 66 111
96 151 212 215 201 210 0 230 41 106 101 104 141 14 245 111 223 94 242 200
243 52 223 123 50 110 248 163 12 99 108 173 121 2 13 186 114 143 178 23
24 158 223 96 11 231 212 118 14 160 227 96 210 30 19 196 144 14 121 114
211 154 170 121 74 37 208 123 12 152 154 218 253 94 231 242 113 209 118 211
102 125 196 87 135 108 182 38 10 34 251 87 209 177 184 108 26 241 235 190
58 194 14 19 52 251 7 160 170 14 207 178 160 242 182 113 23 87 58 242
37 192 186 96 26 152 170 85 96 12 242 82 242 66 241 23 31 94 199 87
58 243 103 19 23 97 148 24 147 123 121 223 50 108 3 218 210 251 173 223
24 147 171 121 209 158 50 56 218 34 197 78 114 196 58 242 200 96 210 162
185 214 96 121 2 200 228 0 218 210 87 87 60 14 210 39 12 114 102 87
161 242 200 19 215 42 226 114 87 121 181 223 151 121 46 42 113 106 197 179
24 16 4 8 231 114 114 223 186 159 5 31 122 205 50 201 186 159 114 50
10 158 0 158 218 38 209 14 242 200 26 186 99 113 23 147 121 182 178 243
114 35 114 223 114 204 77 30 42 111 162 137 45 245 131 242 152 108 26 6
160 171 103 19 172 121 121 176 50 148 6 141 45 82 162 69 199 113 106 106
192 121 205 223 14 35 114 114 29 14 34 200 205 223 14 186 186 210 87 73
16 148 245 170 81 186 148 42 121 192 148 11 50 35 195 76 58 107 13 87
24 108 206 147 185 187 223 159 77 84 11 232 138 160 241 218 242 229 208 12
