160 10 176 144 14 96 212 219 196 16 130 172 178 27 250 12 203 147 160 114
96 250 22 170 200 51 210 41 212 224 96 26 91 231 100 114 108 104 50 33
237 186 186 92 12 7 14 191 173 199 231 215 112 134 110 8 114 218 38 218
192 158 123 195 48 197 71 251 50 72 152 31 104 152 75 164 218 135 217 102
21 11 66 40 114 27 252 96 51 233 218 76 175 121 158 108 193 114 189 31
242 14 209 247 210 136 121 114 27 204 25 114 223 191 95 87 87 121 65 27
158 243 195 61 215 108 231 231 33 121 106 56 91 14 121 95 121 182 182 66
10 189 152 196 16 121 218 218 50 148 65 23 31 14 61 230 189 200 42 186
192 210 87 209 211 135 193 36 247 241 24 123 136 14 230 191 35 20 121 163
178 133 164 223 174 61 0 112 232 12 45 121 182 49 158 121 151 197 96 112
221 26 93 96 113 212 231 232 94 147 121 95 248 158 197 50 27 122 186 114
28 242 94 127 242 36 14 186 111 200 226 114 165 182 212 182 151 201 121 72
97 195 126 230 182 182 54 253 186 27 7 135 82 186 186 147 199 114 5 203
245 50 1 160 216 122 96 96 67 58 218 242 200 26 241 87 96 83 69 219
114 114 235 114 72 240 10 104 251 23 122 148 242 108 104 56 4 254 198 12
58 24 96 87 142 35 186 35 71 50 97 92 158 218 242 127 241 123 54 182
245 219 12 5 218 242 113 212 215 218 51 121 242 200 42 12 148 205 16 85
112 163 245 177 10 108 62 104 121 158 50 148 237 31 65 87 152 1 102 242
209 102 219 164 96 87 121 50 251 209 31 96 223 189 141 174 239 242 87 14
205 158 136 14 64 153 14 239 251 152 51 168 66 175 137 158 45 242 244 87
10 216 122 42 230 175 177 181 151 10 254 96 51 96 201 91 51 244 35 20
252 251 50 114 158 141 144 200 96 218 51 60 252 108 34 20 148 211 14 239
141 112 160 237 108 114 121 205 146 121 181 178 186 148 96 186 186 93 95 176
50 27 50 56 112 135 51 121 242 170 189 250 179 16 10 9 31 122 129 212
245 192 65 242 182 211 75 2 12 135 114 23 189 85 14 158 96 58 216 219
223 186 159 121 57 209 40 104 35 46 148 245 151 121 12 204 182 196 242 203
102 185 35 163 106 121 252 108 193 114 243 121 114 184 173 121 168 250 176 223
185 121 80 123 251 33 34 2 95 193 192 114 125 136 231 189 121 2 96 94
242 200 26 222 186 96 151 121 209 10 212 107 71 104 16 109 211 54 141 135
223 203 212 121 50 72 242 151 182 126 218 51 216 186 108 242 200 27 158 158
183 22 218 215 13 158 151 201 141 27 196 104 158 147 12 26 42 233 218 254
91 242 3 218 246 122 96 193 102 209 197 251 31 105 23 56 134 217 95 102
135 137 200 186 96 26 241 52 26 105 114 218 121 205 218 96 121 223 50 61
16 211 131 223 50 26 136 114 173 242 21 242 14 239 181 23 218 87 135 241
185 113 227 23 131 197 114 112 69 199 104 50 136 148 110 147 222 242 7 104
221 218 9 111 63 215 218 218 50 27 251 3 21 31 122 186 186 108 186 221
243 34 31 135 103 121 198 213 121 205 247 114 108 141 108 114 104 215 38 107
58 218 242 87 135 123 179 75 163 12 87 96 186 50 1 194 14 215 218 242
58 223 14 186 186 186 127 242 147 147 121 182 42 34 184 51 160 103 87 135
192 186 186 202 91 90 174 114 203 26 87 14 121 96 187 105 242 82 244 242
158 96 50 198 134 143 215 171 87 121 248 78 191 212 254 193 201 35 251 91
194 14 205 186 195 192 178 36 38 35 186 252 108 223 18 50 46 152 200 67
92 29 87 218 233 176 184 51 168 127 204 221 56 96 210 99 126 200 26 200
158 96 50 242 82 231 63 135 189 242 23 218 191 121 91 121 58 14 186 220
160 34 181 121 218 204 7 50 152 203 221 26 218 204 103 135 26 87 142 121
74 198 121 97 96 87 181 66 104 7 69 219 56 163 26 186 181 223 186 50
151 231 176 242 21 152 113 232 244 242 19 166 66 42 181 0 121 115 108 242
160 37 242 39 87 186 50 230 87 182 210 114 35 186 108 148 148 210 242 87
128 245 14 1 74 160 171 121 135 242 179 150 196 135 200 94 231 216 50 255
201 242 23 230 182 51 121 205 23 0 25 185 181 242 14 23 62 123 25 135
37 242 42 121 203 7 212 66 93 253 121 223 50 186 121 108 186 186 186 88
223 186 18 126 16 73 45 48 216 247 50 1 192 160 7 135 82 58 111 200
114 154 80 175 23 31 239 37 245 135 73 106 0 186 186 181 0 14 139 11
192 215 218 255 121 105 207 33 150 253 121 82 58 199 242 12 114 114 104 248
192 186 96 96 121 253 21 109 80 175 187 115 121 106 4 253 28 186 108 131
209 148 230 182 160 141 251 135 92 203 147 100 62 147 121 114 87 23 45 23
33 142 92 12 158 181 121 35 215 121 3 0 212 106 251 226 247 83 212 96
160 247 159 18 242 19 186 186 241 12 50 27 108 193 18 131 222 173 24 147
58 218 250 223 77 135 108 20 231 192 186 108 239 98 54 96 9 113 212 121
58 218 215 65 103 77 108 242 82 243 115 75 209 27 25 242 127 123 160 241
10 33 234 170 103 121 127 200 13 21 108 173 251 121 120 196 26 210 12 223
242 78 159 251 5 113 106 22 115 218 123 25 121 245 198 114 121 186 170 165
58 28 197 253 24 123 176 69 199 109 151 243 133 106 211 35 46 25 23 136
192 186 96 250 50 215 218 50 206 100 11 186 186 136 200 58 12 242 14 96
