194 223 152 114 26 241 87 230 103 217 136 185 0 239 186 108 104 135 72 66
163 174 186 108 58 218 96 96 26 111 158 245 218 242 225 31 74 12 95 189
163 192 186 250 208 218 158 242 2 94 71 148 96 96 231 26 103 50 240 51
242 159 69 137 96 50 26 240 83 212 244 121 242 200 18 105 218 191 32 121
58 188 94 208 194 1 50 76 215 218 71 242 242 42 186 186 247 170 135 1
192 178 191 109 96 151 121 92 200 209 242 152 46 14 186 170 108 14 110 45
8 218 151 23 37 196 26 241 87 18 185 219 95 62 199 1 189 250 50 50
58 181 121 182 50 201 242 87 78 189 182 251 216 52 37 242 152 24 182 215
245 211 50 242 182 26 130 174 182 182 223 71 31 114 195 27 144 82 221 218
243 135 136 114 8 218 205 122 174 72 252 178 144 93 107 25 192 227 61 209
252 192 178 186 147 135 242 113 182 212 173 121 252 235 195 125 192 26 50 223
228 104 21 112 197 96 113 14 235 207 208 252 19 93 14 42 247 193 160 8
88 14 223 189 96 38 251 66 179 170 135 82 78 251 215 218 51 135 26 241
242 127 200 200 46 136 191 152 242 200 26 103 50 66 121 114 227 29 14 75
10 16 85 212 50 33 212 14 96 96 26 241 218 128 135 193 123 12 161 219
28 150 179 12 135 121 223 26 3 75 26 144 208 111 200 88 113 77 63 106
106 115 173 230 181 241 218 161 241 25 123 163 129 170 177 81 230 159 121 141
242 62 147 29 152 11 126 135 200 46 108 231 58 218 113 160 144 121 106 123
121 144 209 50 5 75 218 245 175 87 158 200 242 43 26 83 52 58 50 34
88 14 3 211 187 23 135 197 74 84 137 26 105 160 41 92 107 16 231 96
58 194 182 5 207 57 196 72 182 216 108 160 92 135 158 158 108 113 33 147
58 96 102 242 87 208 148 75 87 230 212 158 121 205 218 235 208 194 91 11
73 135 212 96 118 109 96 50 148 75 80 242 31 14 122 108 178 45 113 86
10 126 82 52 193 80 88 14 27 186 108 193 230 189 182 135 200 58 24 221
160 92 209 78 205 139 231 44 114 223 114 168 181 30 196 144 208 94 231 21
211 114 37 135 114 104 94 200 42 34 200 253 223 50 209 182 242 127 48 114
96 24 16 2 218 170 103 95 33 245 123 62 114 37 212 194 14 186 108 211
221 50 11 186 186 108 242 178 136 200 204 245 10 9 242 113 106 38 4 65
245 46 136 200 73 114 31 50 177 2 113 159 106 188 121 21 158 241 182 126
58 50 88 121 182 26 189 32 32 221 218 204 8 218 96 178 62 178 209 16
37 82 108 230 147 212 50 218 242 114 9 22 218 255 242 135 250 12 197 114
245 109 111 60 1 96 185 190 158 180 242 182 20 96 38 170 72 121 186 136
58 158 144 14 121 108 250 21 114 87 121 74 163 141 212 14 148 12 45 26
174 200 144 193 121 106 242 14 192 186 181 211 13 200 6 163 4 103 103 152
15 223 186 203 147 212 231 7 95 211 12 78 200 163 251 62 173 121 147 185
151 106 34 95 41 180 103 152 31 186 181 96 151 121 193 145 113 13 87 76
158 50 251 111 50 251 27 2 135 87 27 192 186 158 200 26 241 218 242 21
145 96 38 175 177 114 27 26 241 218 96 121 218 242 14 154 110 234 10 96
242 66 174 96 231 91 244 121 212 122 50 181 203 147 121 151 176 8 46 96
185 8 33 0 110 186 14 0 186 181 121 111 200 211 179 12 31 113 147 121
185 111 35 108 250 108 179 12 48 121 24 118 200 242 152 196 123 95 248 214
192 158 200 227 242 66 42 121 90 14 186 159 110 173 162 137 148 242 197 96
211 252 150 179 13 248 92 134 182 216 196 138 77 248 215 108 113 158 121 106
242 127 178 26 0 96 219 22 250 242 200 96 121 43 158 227 142 242 200 42
37 163 212 14 91 231 235 182 250 176 51 23 87 158 102 158 107 25 135 21
16 211 202 178 219 221 135 189 71 240 9 164 107 148 87 121 91 205 223 45
58 253 245 102 186 218 58 99 107 252 50 27 123 147 74 62 72 87 121 106
209 117 121 182 242 113 197 205 121 176 121 47 179 12 35 108 186 0 112 244
185 157 161 21 103 108 255 51 212 96 66 245 6 194 193 26 241 87 111 93
158 158 50 235 255 158 223 113 135 242 240 173 121 221 164 58 135 182 208 58
65 201 193 182 182 28 31 114 121 192 121 2 14 42 192 56 23 175 177 12
175 199 212 242 14 220 9 114 110 173 147 177 128 219 221 31 51 197 135 163
209 10 193 5 144 14 6 243 220 170 231 200 212 96 141 160 58 218 242 66
253 121 231 223 35 108 44 114 108 121 242 2 14 72 212 96 151 121 216 50
231 126 113 18 56 72 231 242 119 135 36 121 96 174 200 200 242 34 80 12
226 82 131 99 163 85 102 51 121 242 170 14 199 151 41 121 179 12 42 203
58 189 99 106 14 34 94 242 200 170 212 100 170 0 223 50 212 224 211 241
252 250 245 186 108 178 85 186 186 148 178 45 220 42 243 21 23 62 144 121
242 200 126 45 103 121 50 151 212 144 66 77 216 134 87 209 236 108 26 42
110 50 121 8 182 46 199 190 215 218 135 114 135 242 94 160 11 51 42 216
242 14 148 113 72 121 247 102 158 82 192 221 26 170 85 96 73 58 223 135
24 147 121 33 147 135 121 194 14 230 182 45 219 152 148 242 212 14 173 121
185 194 96 189 151 103 34 196 171 23 246 242 14 242 113 152 108 250 21 0
205 121 245 211 209 182 26 158 63 175 223 247 87 192 121 205 16 190 96 212
