102 223 113 69 113 212 178 242 126 114 13 103 186 212 192 170 81 102 173 252
228 200 26 207 21 113 123 95 231 121 128 12 227 237 27 58 218 212 96 50
211 181 12 114 27 96 26 241 87 186 186 189 189 170 61 56 208 81 85 80
178 160 237 137 108 223 45 182 146 242 113 114 23 108 178 239 46 242 120 158
160 189 87 218 96 65 69 50 242 200 72 12 253 252 200 24 147 253 178 212
163 174 200 96 253 35 147 197 96 114 37 100 95 23 48 85 82 221 16 193
114 197 85 85 113 77 108 96 118 245 62 14 95 242 178 26 170 21 50 23
151 121 58 152 38 141 85 108 19 23 158 96 114 23 173 121 242 200 104 50
185 215 25 65 242 144 78 247 178 144 21 194 14 108 141 201 1 163 253 40
223 114 114 38 248 72 23 164 135 135 2 147 231 235 91 103 241 174 72 204
160 243 71 150 198 21 121 194 121 245 50 152 170 121 158 58 50 229 113 223
209 185 218 215 151 248 135 191 212 109 233 45 51 16 108 223 114 27 150 42
145 23 150 12 212 245 211 94 82 147 121 181 7 50 224 71 104 150 196 19
10 163 96 96 66 83 185 23 158 108 255 144 88 14 111 93 95 2 14 14
218 241 251 50 248 24 55 208 114 114 104 35 209 42 123 12 26 170 242 234
176 210 136 200 96 250 136 114 27 235 39 83 158 158 50 209 221 25 121 200
52 50 26 96 6 161 235 22 241 218 96 38 96 106 121 114 205 96 66 141
185 111 27 223 120 37 10 160 227 17 186 158 34 160 131 135 144 242 200 26
114 168 159 200 143 242 200 50 50 122 242 250 34 200 26 218 215 87 121 205
151 231 121 58 175 177 34 238 121 114 242 203 138 244 189 152 74 23 114 223
245 211 127 197 200 94 142 108 186 186 148 239 154 245 136 161 140 170 121 223
49 12 212 200 168 114 186 108 15 93 170 76 242 85 106 60 182 250 108 103
50 122 186 218 113 56 93 95 231 172 168 109 170 66 103 91 87 135 46 208
160 194 158 34 200 26 247 56 25 135 121 50 34 207 12 114 223 96 12 114
24 16 111 121 96 251 153 35 114 105 35 108 23 34 210 208 191 42 223 69
102 137 200 78 45 67 241 200 183 205 43 72 32 121 208 218 218 215 218 113
106 227 120 121 218 96 219 218 88 197 24 16 48 106 121 242 14 99 23 58
114 4 13 218 26 91 223 66 164 50 176 106 122 186 186 203 25 121 103 240
88 104 218 96 58 148 19 13 7 108 186 96 26 142 212 215 182 108 56 96
23 234 121 189 56 83 158 103 91 223 113 35 52 34 40 251 173 200 228 186
151 21 216 152 108 207 208 163 253 242 14 141 146 248 168 163 38 96 71 111
189 16 114 251 120 242 144 82 88 158 158 158 144 200 74 233 151 216 251 64
223 50 182 26 206 21 14 159 177 242 87 82 151 160 101 4 231 212 50 1
65 57 110 106 121 248 163 13 192 218 111 251 57 12 242 87 190 34 200 58
96 249 111 182 182 113 79 121 243 114 121 219 252 52 187 116 250 174 218 205
160 223 50 113 152 195 94 200 50 105 223 135 96 73 66 42 94 250 164 50
158 135 222 56 209 210 87 208 137 114 211 87 158 91 245 245 92 150 179 230
242 21 146 180 251 158 121 92 231 135 248 121 215 114 108 114 62 167 223 186
158 147 29 14 234 200 201 186 96 38 96 250 123 218 71 94 94 147 0 135
192 178 114 121 61 121 205 194 14 108 186 186 102 108 158 96 231 83 255 198
221 209 96 186 96 250 240 50 241 87 209 1 142 46 223 14 61 171 14 147
58 102 242 200 96 42 186 108 186 212 218 242 179 218 153 163 174 207 204 50
163 176 43 114 223 50 33 252 134 55 87 218 242 200 109 151 242 182 158 26
185 93 95 242 66 66 0 158 144 14 239 114 50 131 164 134 240 199 34 233
151 245 128 50 241 28 166 76 82 247 240 136 248 194 14 109 186 114 131 223
37 212 107 13 110 122 239 35 114 72 158 130 87 152 46 152 189 71 247 244
58 194 14 44 72 178 0 136 200 186 108 211 9 77 212 14 111 100 51 251
96 218 212 121 242 14 215 134 78 144 14 215 121 218 135 242 21 209 122 186
158 144 76 14 239 114 108 26 186 181 57 15 34 148 96 201 205 69 215 159
192 227 16 109 103 103 34 4 240 192 148 218 9 71 96 38 253 186 186 186
58 7 14 173 59 32 70 96 58 114 186 114 110 248 223 186 108 114 168 230
37 141 102 138 151 243 123 133 58 191 31 50 240 193 120 173 223 114 167 186
248 175 231 160 75 207 66 96 248 163 12 212 96 114 223 186 108 152 80 197
185 194 87 121 156 113 14 121 136 14 158 144 137 241 9 175 156 14 73 12
10 148 91 194 236 16 173 106 123 84 0 121 114 223 50 27 87 27 96 26
206 189 207 87 230 14 121 12 189 242 127 200 168 26 247 14 102 121 114 114
242 200 203 38 158 16 96 221 87 253 27 114 87 121 96 167 95 133 91 223
109 136 121 87 76 83 14 143 52 114 121 128 134 216 163 176 215 16 108 26
192 185 103 23 114 23 248 223 19 209 160 0 186 102 96 211 34 194 231 23
151 20 14 209 188 182 141 160 103 242 96 215 218 113 32 92 195 136 218 39
173 10 86 186 186 203 170 243 218 34 123 182 20 96 113 152 44 114 239 114
65 250 212 71 222 238 147 231 223 135 186 108 211 93 95 252 112 19 217 103
163 218 74 215 66 199 215 42 241 45 223 189 170 1 151 201 199 105 251 173
211 233 14 121 223 7 113 0 180 189 209 163 205 121 201 108 114 39 131 231
