145 151 0 121 74 131 48 208 60 178 94 242 248 72 127 158 243 192 114 114
192 11 54 215 205 242 200 42 186 19 158 95 34 21 152 58 200 122 186 26
106 114 235 39 181 87 23 0 121 167 108 200 26 241 218 254 212 182 58 223
192 186 203 103 121 111 94 200 66 42 2 190 98 205 223 50 27 235 113 248
66 158 106 108 242 66 83 179 218 192 178 141 215 210 87 181 25 23 114 121
127 121 106 224 168 108 11 93 50 201 85 38 96 173 242 127 82 16 231 121
137 200 186 108 19 179 123 62 173 121 243 142 29 234 14 34 2 76 83 231
10 96 253 154 96 251 50 67 29 31 87 16 203 75 174 200 210 30 142 195
163 174 35 114 58 195 94 178 37 242 99 51 210 108 193 87 218 242 127 66
96 215 121 42 34 200 58 144 14 96 121 182 207 176 215 26 96 69 238 26
160 103 34 200 56 163 205 94 196 114 37 243 128 94 135 200 50 164 50 176
160 0 207 229 218 242 218 182 113 141 160 103 135 118 182 20 96 38 188 10
107 252 174 114 121 200 78 120 173 242 151 196 85 113 212 94 108 231 63 216
253 121 96 69 58 8 151 182 216 152 20 19 205 114 178 186 91 186 108 178
58 194 14 19 28 138 179 62 35 147 121 103 23 87 111 21 139 104 248 135
228 196 108 178 52 61 103 23 92 87 147 121 156 209 121 114 176 160 18 95
205 103 111 160 252 218 50 50 5 75 134 178 253 182 216 113 212 182 66 176
248 137 230 45 212 96 50 251 123 231 152 170 62 173 34 136 212 102 158 241
176 188 242 208 108 178 242 26 144 14 2 244 242 0 108 113 160 81 245 178
114 114 114 121 159 38 37 121 190 5 103 87 111 82 121 192 26 241 110 14
95 51 121 103 0 241 170 14 27 240 121 106 121 182 216 122 26 218 171 103
151 182 33 87 121 26 103 50 190 123 113 135 200 30 243 130 178 223 203 182
114 21 152 46 242 113 44 82 2 200 220 31 114 23 23 62 69 199 231 216
50 251 242 182 210 242 200 221 218 96 87 242 218 212 121 114 223 159 31 164
160 5 50 72 123 212 96 195 205 220 136 200 96 219 96 253 168 200 72 95
160 215 25 135 29 219 164 24 231 87 7 212 250 108 173 121 182 121 128 158
231 146 248 163 66 82 58 218 251 240 71 227 114 170 76 195 150 196 46 87
11 196 211 114 108 131 221 223 135 140 127 21 108 173 24 193 92 95 251 95
240 121 104 148 98 192 173 242 190 163 107 13 136 114 218 218 242 200 182 250
58 194 178 26 186 108 105 144 254 96 176 215 112 210 156 17 170 96 176 23
221 218 242 113 220 251 122 96 176 238 100 190 62 185 196 50 87 27 242 208
170 121 107 50 19 111 191 199 121 220 253 13 223 218 96 69 26 91 240 61
41 216 122 109 50 251 160 236 121 182 69 110 113 242 212 14 121 253 242 200
114 14 96 46 241 80 191 42 170 121 108 186 18 11 66 73 218 218 245 114
185 111 13 194 193 208 242 114 108 114 33 239 104 218 242 82 136 200 26 93
114 178 211 80 19 13 79 121 151 121 182 207 33 56 83 121 50 242 82 24
144 209 76 95 158 151 135 242 200 186 96 6 118 2 14 60 178 118 178 200
158 26 42 148 2 13 84 158 50 108 182 242 170 23 201 148 240 114 121 158
192 121 212 120 14 19 186 96 250 50 201 121 201 174 31 114 114 14 176 181
253 121 96 50 177 130 100 114 158 108 104 200 242 14 82 136 215 40 178 144
228 200 242 182 152 44 193 82 52 65 47 23 110 173 90 159 223 223 19 152
192 144 209 209 121 148 29 209 96 66 19 112 218 182 215 65 151 185 103 158
58 142 4 73 218 11 96 26 42 245 84 221 56 96 112 113 121 114 108 253
50 108 42 84 237 108 186 9 114 251 95 121 106 85 108 26 87 209 87 111
29 122 186 50 0 121 91 242 87 110 173 242 14 186 26 218 215 218 51 12
58 34 200 20 242 200 26 241 218 96 38 12 109 58 176 242 182 221 207 25
96 65 106 108 147 247 81 40 152 114 134 182 229 218 162 51 210 6 114 72
86 12 114 205 79 242 178 173 26 96 83 90 203 152 95 14 186 186 246 150
163 253 121 151 182 135 111 200 96 113 22 160 28 200 96 121 23 128 96 26
160 215 121 96 134 55 75 251 144 96 95 152 182 182 102 199 251 128 14 23
173 121 244 242 205 103 247 114 50 212 13 87 102 50 95 12 135 108 186 215
223 218 247 96 69 151 232 121 160 34 121 53 46 31 122 42 218 242 21 178
158 235 26 108 140 102 242 162 83 87 16 242 14 239 42 186 91 245 211 14
194 14 50 27 108 46 96 218 241 25 123 12 231 114 210 193 165 14 14 35
4 200 163 176 242 208 218 135 136 242 82 114 22 192 58 90 247 4 94 231
253 121 134 205 164 128 242 200 82 96 50 201 248 135 103 34 200 183 253 21
58 194 14 50 176 144 200 192 218 210 113 26 241 25 87 121 135 200 26 241
121 58 96 107 209 109 136 242 200 251 253 16 10 114 37 223 250 138 47 114
107 3 208 116 186 186 108 42 31 182 126 14 108 239 245 163 251 42 136 200
151 249 73 114 215 121 167 147 109 186 170 14 101 121 173 121 158 208 137 83
221 16 191 185 96 234 253 121 209 50 50 248 135 242 87 218 12 215 40 96
10 23 58 181 79 173 121 160 242 82 242 22 253 31 50 72 95 231 23 87
192 186 108 2 200 58 251 96 113 163 12 223 76 250 57 12 118 53 104 196
37 196 242 66 73 121 31 192 178 51 121 182 22 186 186 186 186 19 216 122
