114 203 108 178 182 113 0 20 51 5 223 135 170 242 14 42 159 27 92 164
137 150 144 224 96 231 214 23 12 114 197 96 158 185 19 13 12 6 7 16
114 22 58 223 107 50 27 108 44 97 186 186 108 186 108 221 192 186 96 250
223 186 108 185 23 243 73 113 181 136 121 35 189 152 170 113 147 165 19 151
196 26 91 137 215 96 215 121 171 210 87 30 221 136 118 200 96 50 50 207
11 216 231 108 250 179 31 113 123 232 212 12 158 105 114 96 253 121 58 176
192 18 50 251 33 135 197 242 30 31 252 192 227 50 152 242 14 14 14 114
242 71 50 87 181 87 241 121 121 114 51 121 96 176 26 50 63 230 203 121
58 218 123 12 218 114 121 209 231 242 14 241 12 45 106 121 24 147 212 144
252 50 126 239 58 186 209 34 95 196 137 200 231 192 67 170 242 250 79 231
231 223 159 35 147 121 178 106 130 158 71 139 242 21 108 178 51 143 160 150
242 14 186 186 203 9 230 159 159 230 96 10 176 223 114 218 50 63 170 179
223 174 16 30 46 82 251 231 251 36 108 178 121 114 168 10 253 227 103 75
58 209 12 114 72 160 131 100 231 178 114 144 82 24 74 37 160 178 223 189
253 205 186 241 218 210 114 195 12 46 87 135 21 75 50 206 242 21 42 121
99 189 182 196 122 250 26 218 38 231 151 96 77 5 75 186 108 250 108 26
253 121 242 114 23 203 87 135 121 205 181 165 35 140 195 109 136 16 85 176
175 184 20 141 96 250 10 114 168 14 147 123 135 97 186 93 135 114 172 123
192 186 96 186 96 109 96 174 82 185 209 185 111 104 50 242 42 75 108 42
163 173 242 82 152 221 152 252 116 147 123 62 147 121 187 209 4 166 104 162
160 92 147 177 243 21 131 244 5 230 114 23 178 223 166 189 96 220 41 87
96 121 114 248 26 241 87 87 121 163 223 114 108 239 7 69 212 146 240 114
205 223 50 108 105 209 251 209 96 196 109 186 226 232 248 70 232 96 231 50
114 168 170 182 151 121 182 12 114 121 223 251 50 152 136 135 160 51 158 103
237 186 180 209 138 139 244 104 219 0 243 103 121 201 187 122 121 141 163 242
10 245 243 74 215 123 198 56 62 35 114 223 114 7 114 93 200 218 50 67
253 138 212 79 103 87 230 203 179 87 121 181 187 203 56 25 135 114 50 212
221 218 51 121 158 51 140 42 92 244 21 98 72 123 33 134 144 208 200 31
114 178 212 224 168 53 96 14 69 154 96 177 144 241 25 71 163 12 114 108
107 105 252 112 50 108 244 158 96 113 121 182 47 87 23 83 87 185 209 141
170 159 121 69 121 253 16 243 123 92 114 164 135 200 186 111 196 96 114 27
137 50 152 126 218 182 242 113 152 80 114 121 115 181 121 176 241 182 212 158
10 99 27 144 185 152 151 251 50 216 122 242 173 239 124 223 113 152 203 196
243 103 57 35 108 100 96 126 45 108 251 33 96 248 114 23 0 114 37 21
163 253 58 196 242 127 178 142 26 240 186 235 26 111 65 152 74 211 21 121
192 186 92 158 231 135 193 15 239 93 111 245 211 14 14 121 243 160 164 19
161 242 82 51 121 205 96 52 158 201 121 200 78 135 10 242 212 21 121 182
185 111 245 189 174 66 103 135 221 231 135 216 108 143 227 121 35 150 185 111
50 110 53 11 228 130 52 94 117 189 121 245 91 10 0 223 215 218 241 231
73 118 99 176 160 103 215 108 173 10 141 212 96 232 174 227 205 223 0 50
114 223 114 27 181 81 230 181 0 123 184 148 6 121 205 122 58 58 10 96
50 251 152 212 146 251 25 87 135 199 215 218 205 231 242 66 223 135 82 170
243 103 135 137 148 215 158 26 103 113 144 231 121 2 200 65 182 114 12 158
114 200 96 58 194 23 60 200 63 215 96 50 240 34 170 85 23 242 200 72
50 20 1 178 185 95 120 83 5 123 152 82 150 245 174 252 192 148 107 25
242 19 23 237 196 251 193 81 197 96 109 91 139 104 33 81 99 90 186 170
58 13 200 186 108 199 51 16 242 82 96 242 113 152 158 18 33 137 170 14
114 168 14 114 239 173 10 151 121 151 182 199 231 8 26 237 180 42 121 96
253 205 227 57 230 0 215 218 174 227 168 189 168 126 87 203 14 10 173 143
96 121 205 34 200 154 182 184 14 186 192 100 189 174 138 50 34 200 21 165
200 50 21 242 14 185 152 230 9 158 130 118 191 95 66 31 87 135 41 135
114 223 108 178 0 4 95 10 186 108 20 179 140 16 212 215 121 87 14 76
245 219 184 212 185 44 50 182 189 203 74 103 7 110 234 200 78 251 50 209
64 40 131 26 103 181 120 108 192 114 108 114 196 158 50 152 31 114 158 144
138 50 233 56 6 189 174 56 123 50 147 236 121 114 121 0 211 189 87 66
97 83 157 103 148 111 104 30 19 186 0 50 56 152 200 66 186 0 121 252
185 111 168 159 69 107 25 121 181 77 50 219 137 45 23 198 121 114 108 114
226 27 211 152 108 242 113 152 198 25 121 96 186 148 26 218 26 103 113 108
57 201 192 52 135 114 195 123 12 59 1 114 50 103 81 141 50 149 186 108
192 121 200 96 218 111 121 182 253 121 218 210 182 242 200 42 136 200 51 103
179 135 21 193 121 114 186 201 20 141 85 96 215 251 231 173 176 242 200 230
153 151 121 2 152 231 164 135 21 242 250 170 103 23 8 184 14 186 35 26
58 194 14 196 26 170 103 34 238 80 160 56 135 199 135 208 111 136 175 114
50 208 10 92 104 50 2 66 175 121 114 150 12 99 23 35 108 114 131 158
