242 113 165 96 12 96 212 107 25 251 33 21 73 3 14 23 31 114 114 4
24 200 216 50 152 177 77 12 66 36 209 201 223 114 154 87 78 114 44 114
151 121 148 1 10 167 87 78 67 58 218 50 242 99 102 52 170 1 221 230
138 183 103 34 148 182 219 9 19 46 247 103 136 24 200 87 83 121 185 7
96 10 108 14 186 93 96 6 21 67 58 242 200 83 182 242 200 10 114 192
158 242 218 242 200 96 24 211 71 200 218 113 53 160 188 152 242 83 2 13
51 103 236 158 34 94 223 16 173 141 158 212 242 200 46 105 148 215 121 96
163 174 223 114 168 247 218 51 121 227 231 242 114 144 170 121 158 103 123 51
119 151 215 2 14 121 10 50 109 114 185 218 158 85 242 182 45 121 242 2
220 223 50 14 66 56 91 34 34 131 21 96 216 122 196 209 50 33 108 173
114 211 11 96 176 151 73 242 87 170 231 12 8 201 114 114 251 237 135 96
242 200 78 121 253 121 50 243 121 107 24 27 246 121 154 175 14 212 96 6
231 187 92 108 56 245 105 131 120 173 201 121 114 223 16 142 38 174 114 114
242 159 223 223 173 3 219 114 203 137 186 108 203 90 215 96 46 203 175 253
248 108 42 137 131 195 193 96 103 75 12 18 170 135 221 251 173 158 96 173
131 242 87 186 96 173 121 185 0 121 114 235 159 87 209 83 231 108 186 102
226 65 28 200 71 121 192 211 193 114 211 203 52 70 12 14 92 37 220 242
242 200 144 151 121 5 185 106 122 26 103 66 164 75 22 192 186 181 230 18
16 1 158 197 242 200 42 12 200 26 103 105 135 223 200 230 203 23 218 204
114 186 181 131 159 114 223 223 159 108 248 228 135 105 223 114 170 121 178 75
37 242 95 14 245 249 250 62 77 184 211 200 10 234 114 27 58 181 200 176
138 108 255 14 223 23 87 135 62 251 208 0 80 136 147 185 101 121 114 114
209 102 71 192 205 158 103 73 24 76 14 254 113 174 193 66 231 165 176 133
176 121 58 233 14 2 200 96 73 212 45 27 41 87 96 26 217 211 200 44
108 173 69 211 188 177 85 219 175 242 231 75 42 95 121 185 237 12 114 19
76 94 231 152 170 159 158 87 251 208 209 227 35 114 152 210 186 108 26 158
37 245 176 96 23 199 215 69 144 121 243 135 21 188 248 186 23 31 114 27
118 196 141 211 102 114 168 211 186 16 114 72 190 5 114 23 62 186 96 121
185 143 125 147 14 121 194 96 182 182 65 2 14 11 148 128 225 25 121 37
148 218 9 231 121 121 65 2 191 66 200 168 250 22 24 200 26 202 87 13
195 50 25 92 200 217 1 99 138 81 203 33 150 92 164 175 12 7 37 64
192 114 220 152 91 148 250 50 108 193 95 242 168 61 96 77 250 12 73 114
91 170 121 175 173 242 148 96 176 57 113 65 127 94 33 121 24 252 26 10
115 177 108 2 196 239 106 31 250 221 21 111 208 186 163 250 152 70 87 66
97 16 76 182 141 67 83 219 200 26 103 186 108 126 110 62 121 200 212 67
242 148 213 245 127 242 127 151 147 19 121 114 178 186 83 35 96 186 22 186
163 253 201 231 235 242 22 247 114 239 154 168 170 48 35 44 203 95 23 144
114 223 19 93 14 114 200 26 203 14 87 135 87 223 14 123 95 199 148 26
192 186 108 51 170 121 114 72 128 242 87 14 170 212 14 4 126 253 67 242
160 64 121 2 114 131 114 229 186 148 242 231 209 153 45 72 231 197 50 104
107 168 110 114 33 240 242 148 215 186 205 253 101 178 85 71 52 144 244 163
252 58 102 58 242 200 129 66 241 182 113 234 83 242 200 186 108 113 11 179
58 205 164 93 106 14 42 186 144 34 83 158 206 95 231 27 223 241 25 133
231 51 221 108 10 249 96 173 10 105 58 242 166 113 34 43 151 121 12 64
92 231 195 51 123 199 245 215 96 113 212 231 176 215 112 114 178 135 114 108
160 16 45 105 64 186 96 219 234 113 212 231 27 91 227 217 49 121 50 33
200 85 14 218 103 113 113 16 242 200 33 166 127 231 137 58 194 152 178 158
121 242 208 200 112 58 251 152 147 10 148 94 242 87 200 140 21 242 200 186
185 31 244 96 250 20 47 179 248 27 78 56 3 12 100 212 253 227 173 121
242 102 127 19 104 142 209 160 227 216 56 113 236 123 211 96 121 107 252 186
120 121 114 223 150 95 28 125 213 96 178 160 114 122 121 106 136 121 242 66
198 163 230 99 26 91 144 3 253 31 96 77 141 218 51 121 200 133 50 85
192 251 141 218 123 242 114 121 114 218 254 232 28 178 1 114 114 23 114 35
242 82 185 114 114 121 65 193 114 61 113 212 242 14 186 35 114 158 26 50
248 91 160 242 100 104 108 250 73 193 136 25 218 204 57 121 205 0 96 176
58 194 11 38 96 235 186 186 94 23 199 160 213 32 123 136 151 212 170 27
129 147 121 211 148 58 13 234 230 45 164 209 223 14 219 109 114 168 170 10
58 218 51 242 200 9 96 176 71 96 96 219 191 209 16 185 189 23 211 223
10 163 65 71 72 163 50 1 96 33 66 62 173 231 58 209 242 200 250 218
242 179 203 20 91 185 47 127 240 178 85 113 108 206 148 58 88 14 135 21
200 151 10 10 219 108 57 186 108 184 173 58 72 113 66 152 151 121 99 114
10 161 103 135 242 179 179 200 22 215 158 96 251 12 151 212 121 114 10 114
24 178 186 148 52 16 189 242 82 231 252 24 221 56 66 170 121 253 223 14
218 103 226 50 251 123 66 0 204 244 231 5 62 108 46 152 147 248 0 121
