242 178 17 186 108 193 184 138 50 56 96 19 42 200 26 96 65 160 69 196
243 103 92 135 50 26 218 204 103 87 76 36 66 152 223 135 159 28 176 45
96 121 50 33 164 184 201 201 121 114 114 26 181 50 23 164 135 242 72 178
160 103 111 200 109 151 0 137 96 91 170 133 103 242 200 96 0 114 37 160
114 223 114 96 96 121 233 96 176 144 51 186 108 0 102 34 105 65 0 151
138 151 27 114 62 147 185 164 135 135 121 114 168 250 196 26 50 210 136 200
223 16 10 215 159 227 35 114 5 87 121 209 221 26 241 87 96 66 34 223
182 215 34 96 50 216 122 201 250 218 20 195 252 50 106 122 186 148 9 242
58 120 37 109 83 103 106 247 92 253 251 173 58 32 71 122 194 109 42 235
107 252 192 92 203 76 101 2 182 182 35 203 4 25 243 43 76 93 170 81
107 252 96 26 241 113 107 135 123 232 182 175 46 14 83 242 2 165 248 218
151 35 253 209 173 223 69 57 150 239 50 56 230 62 147 121 243 242 121 127
107 252 250 50 87 7 135 136 39 30 62 242 19 12 35 164 7 108 120 45
242 200 186 163 50 27 28 248 27 31 218 210 2 178 58 244 10 90 87 215
179 50 113 27 184 231 151 163 50 176 85 102 151 166 142 148 254 242 87 6
252 108 11 183 108 182 46 204 104 50 240 152 237 121 50 72 122 186 193 189
242 14 108 141 146 123 231 22 58 87 195 12 233 14 130 104 160 95 231 238
173 242 104 121 200 148 253 121 174 158 96 138 122 26 83 96 68 96 250 69
102 158 96 231 108 242 113 152 170 103 87 253 247 81 158 96 242 87 78 12
107 108 0 253 137 185 162 203 221 164 103 25 7 173 163 230 118 212 96 175
26 241 25 135 242 178 242 119 127 66 179 31 114 114 108 114 121 160 152 108
58 218 182 176 242 14 186 23 218 113 232 138 135 242 200 46 23 114 37 242
158 242 200 208 239 50 209 16 14 113 231 2 102 208 128 158 121 64 108 219
58 217 130 136 121 131 242 200 209 242 127 179 218 46 14 0 27 108 46 158
24 16 108 182 88 34 179 186 108 138 121 246 218 96 231 38 71 121 185 0
96 231 151 160 218 212 245 245 136 118 245 121 12 114 186 120 231 215 205 223
245 218 106 14 38 50 201 182 113 212 131 50 147 212 34 200 58 28 182 242
91 103 108 244 242 234 2 14 185 223 121 39 164 218 210 195 196 192 186 218
163 176 114 16 170 211 189 217 96 113 232 148 242 120 173 121 106 105 213 13
58 50 118 212 200 51 121 212 50 87 209 251 23 135 200 205 223 50 136 135
179 12 106 178 137 186 218 121 197 114 52 59 121 151 160 160 0 100 6 136
24 16 102 121 114 168 170 121 182 189 94 82 243 186 50 1 72 65 31 227
251 106 14 102 177 96 121 220 103 108 42 136 121 115 218 141 182 26 241 204
160 8 96 174 72 104 135 242 248 52 199 251 242 14 241 245 245 198 189 152
158 26 218 179 176 121 151 182 216 26 50 108 251 231 52 50 56 121 58 181
160 158 158 96 50 56 154 121 96 241 87 50 121 182 242 200 183 242 200 168
185 8 219 218 242 66 242 179 23 184 42 198 239 230 141 185 101 160 128 121
192 59 50 27 10 128 158 188 121 211 4 248 103 48 96 249 14 10 145 108
60 104 96 52 178 114 72 212 185 103 87 114 72 223 114 27 150 214 152 230
117 121 151 122 186 176 200 26 241 87 135 92 150 103 87 23 31 135 121 67
121 158 37 242 113 69 19 83 96 151 121 115 108 173 159 18 14 73 0 147
58 16 193 193 1 252 102 218 96 50 251 179 95 231 176 4 66 200 50 210
107 251 123 105 103 242 141 182 212 251 50 240 123 196 26 170 189 160 245 127
28 223 148 242 159 230 121 99 23 158 218 204 107 50 182 160 194 82 74 27
50 33 59 121 10 31 186 212 10 111 40 178 239 227 19 107 50 84 177 242
201 108 36 135 242 113 152 98 182 242 178 103 93 50 176 114 27 114 112 158
114 4 104 135 208 160 51 123 216 108 173 188 254 108 121 40 182 215 33 178
209 231 103 152 252 24 168 203 2 200 58 242 19 22 184 16 133 226 121 182
107 24 19 219 218 252 50 1 50 99 189 102 242 200 168 148 58 96 121 151
58 14 160 62 158 147 121 58 196 85 203 175 121 31 131 227 114 94 231 121
160 34 197 196 91 164 34 26 241 50 236 1 39 12 38 209 231 242 200 253
57 141 212 14 148 114 80 11 96 151 65 182 176 95 37 248 242 61 113 139
58 218 135 242 200 78 135 182 176 146 182 12 114 223 135 105 218 210 42 114
245 9 234 2 13 82 186 234 78 56 152 178 114 235 22 92 173 182 151 121
205 205 221 227 10 96 50 254 73 66 121 87 78 251 73 0 148 242 208 58
10 20 196 46 114 223 230 65 147 231 5 242 173 223 94 148 205 227 69 250
194 242 82 2 179 135 12 158 251 50 216 108 9 108 215 163 176 167 244 114
74 145 211 148 138 133 218 242 179 151 182 121 114 233 242 200 114 108 182 19
58 185 212 14 176 96 112 38 26 189 96 136 205 227 159 198 121 223 114 135
253 121 64 193 186 108 192 233 71 42 108 121 178 23 11 123 102 223 14 113
137 93 173 136 87 135 170 242 200 42 186 18 171 242 127 178 122 221 50 105
158 151 158 243 215 65 113 158 38 58 218 96 176 242 127 82 66 223 6 133
160 194 96 151 121 137 45 20 14 14 50 152 44 114 23 228 184 178 242 66
193 143 158 181 181 189 69 212 175 1 185 186 114 50 84 244 41 104 135 121
