138 170 14 207 150 87 98 29 100 152 179 180 42 244 7 215 218 242 95 152
39 103 34 21 255 122 186 221 26 241 246 96 242 109 136 219 250 50 80 123
242 182 182 51 50 56 240 0 114 211 42 186 148 62 27 83 196 244 28 158
58 218 24 148 168 113 108 121 121 200 96 176 114 114 114 158 158 212 158 34
231 151 35 114 112 38 96 216 50 1 91 158 218 51 121 137 181 159 247 101
10 20 14 244 41 219 35 148 223 87 152 1 221 207 113 106 235 26 42 164
158 168 96 23 177 43 215 218 198 99 121 205 128 223 50 135 87 27 113 35
126 178 144 242 208 50 216 122 151 143 96 244 219 186 212 144 82 221 25 242
160 96 121 248 223 69 28 90 147 212 121 242 14 173 69 19 96 96 26 241
253 200 96 65 67 121 182 58 231 121 200 163 176 167 163 50 215 25 121 50
144 200 111 104 215 218 204 25 121 110 150 242 26 241 25 121 78 73 50 113
194 14 50 91 176 188 121 58 87 159 114 121 121 186 227 103 230 0 31 114
253 121 196 150 210 95 135 121 182 250 144 218 144 14 121 67 99 23 210 87
151 18 65 121 52 114 235 242 200 78 182 212 14 107 50 31 242 53 104 95
158 67 235 111 104 148 96 112 95 231 20 14 96 96 186 96 96 96 250 26
58 194 148 26 245 170 121 18 92 82 27 235 12 107 123 33 16 121 205 4
223 201 174 197 231 176 242 82 253 242 200 211 126 45 87 77 107 25 2 108
58 174 182 250 108 201 141 196 173 69 209 16 243 160 123 219 102 215 25 164
173 242 2 200 103 184 96 250 50 151 242 42 31 113 185 48 4 189 96 231
96 121 205 178 161 184 9 107 25 121 186 87 186 93 119 22 147 121 164 135
231 34 195 87 77 216 122 26 218 28 45 225 106 164 135 121 114 23 218 241
145 14 227 174 203 221 108 135 136 200 158 26 50 250 106 35 109 121 159 205
107 163 13 200 163 12 50 210 182 216 122 168 108 26 186 186 148 41 123 87
96 223 26 111 158 121 35 186 93 93 135 135 114 235 96 186 108 148 242 42
10 105 245 151 121 121 97 88 14 230 200 96 96 250 123 26 170 211 241 182
158 121 96 250 108 173 1 34 240 121 200 201 121 192 218 242 82 185 186 141
242 178 62 26 113 231 135 200 96 50 251 91 212 250 50 114 65 230 182 26
107 178 144 200 83 245 26 167 239 242 200 186 148 230 211 170 121 41 14 87
215 16 242 211 209 105 211 92 35 108 36 106 114 22 192 173 231 196 108 173
242 82 23 5 121 215 235 70 42 209 144 243 173 121 127 172 102 223 50 103
151 121 2 200 91 87 2 93 170 121 34 200 24 147 121 151 200 26 241 218
234 186 209 236 108 121 176 242 82 62 251 66 186 136 114 19 93 114 200 96
201 35 163 144 14 14 121 128 242 178 35 114 114 108 114 87 186 148 172 121
158 50 128 111 178 64 103 241 87 111 196 242 200 26 241 174 131 30 170 76
242 200 26 241 218 151 158 242 35 212 178 35 192 114 218 253 190 56 25 121
151 231 121 158 108 212 9 242 127 184 108 15 108 46 196 99 50 106 14 235
160 41 45 201 201 121 182 212 207 50 108 56 135 66 189 19 73 218 242 182
50 215 138 174 178 121 205 233 23 3 177 14 148 92 158 108 232 182 173 197
50 126 138 183 0 114 186 108 181 222 50 73 216 122 141 121 253 121 50 2
107 197 96 10 210 42 170 200 10 120 114 12 104 135 121 186 89 50 8 215
35 193 212 248 135 184 242 76 182 20 244 8 203 182 113 32 196 253 134 212
37 41 23 31 122 186 114 26 186 186 147 121 176 144 14 85 241 25 135 121
114 252 16 96 73 212 9 114 87 120 186 137 103 200 66 245 209 223 251 186
114 114 203 134 215 218 24 123 232 135 121 173 243 192 121 218 96 173 251 66
106 211 215 38 114 108 152 80 173 121 182 151 121 201 250 106 9 180 242 208
58 8 33 12 29 14 96 121 222 195 136 120 74 136 114 135 108 133 181 242
242 181 203 251 66 239 242 42 0 34 192 200 121 97 170 121 151 121 205 121
209 242 250 170 121 209 151 147 121 24 252 52 136 135 130 87 158 180 66 239
163 174 185 77 238 13 23 87 96 76 242 208 94 248 163 38 168 113 135 24
110 102 58 10 151 236 121 8 188 242 200 108 242 174 114 50 12 182 253 10
138 68 160 103 241 19 13 30 30 24 147 236 102 114 121 218 210 114 135 86
138 50 108 199 51 201 37 9 91 151 0 241 175 212 212 92 126 218 204 182
196 197 175 177 160 223 135 241 174 114 210 87 241 87 87 241 135 123 163 21
253 121 218 241 218 215 12 218 8 242 208 98 205 10 144 241 158 12 17 38
114 223 114 223 186 93 50 1 121 19 244 110 62 147 121 121 69 242 136 200
242 87 247 75 97 186 62 56 25 121 135 242 144 234 223 50 31 114 215 50
211 121 252 221 56 252 127 50 0 98 182 242 159 251 173 223 14 10 114 186
244 234 66 127 56 66 186 96 250 127 251 66 162 2 76 242 82 192 104 50
163 96 73 216 50 251 199 108 173 121 121 205 121 167 19 208 200 242 200 136
121 58 50 5 92 130 87 7 135 30 52 176 114 108 114 121 223 151 160 242
141 102 87 127 148 6 147 121 62 147 160 103 91 115 229 58 50 151 147 243
252 26 193 203 210 164 218 242 208 242 208 170 242 76 83 240 62 163 126 144
58 13 87 209 221 186 108 26 148 170 102 246 219 230 182 69 242 66 76 242
112 242 20 14 96 218 96 38 96 160 50 46 25 208 235 173 114 27 144 208
