74 243 243 165 29 185 77 7 212 170 14 114 121 181 181 87 163 50 20 51
242 28 66 42 241 87 215 186 96 26 91 58 175 160 122 75 174 56 96 192
243 242 87 14 135 99 121 35 114 134 94 21 66 121 3 50 171 104 12 210
178 182 189 85 191 216 122 218 71 121 161 50 50 251 199 91 121 103 75 210
185 137 215 13 200 96 50 182 58 251 29 122 182 111 251 199 121 148 218 210
223 50 223 135 242 152 114 72 23 56 147 135 29 94 23 198 121 88 121 242
58 50 200 26 103 22 223 203 41 123 62 121 107 252 136 114 121 114 108 114
205 10 216 27 150 144 82 186 85 96 218 251 121 106 114 108 173 121 205 115
114 178 211 122 210 87 152 182 58 253 251 50 152 231 31 144 208 58 111 13
128 171 185 32 111 251 179 158 106 182 100 103 0 35 26 108 42 136 35 114
192 186 223 186 0 113 231 134 212 96 186 204 253 96 107 96 244 11 231 121
209 51 227 50 5 134 136 242 148 182 130 212 96 96 45 121 175 164 212 35
163 215 186 50 241 87 25 19 88 94 242 87 14 186 148 178 185 137 195 218
10 5 164 251 50 242 190 243 200 36 71 251 50 20 56 175 0 186 108 250
151 143 242 94 208 140 121 0 58 50 105 251 121 54 96 135 178 173 242 82
97 111 191 179 12 114 168 114 26 103 241 56 25 121 9 242 152 166 42 121
58 108 178 37 216 58 252 26 50 108 20 103 50 210 86 26 50 73 95 151
30 95 121 82 148 205 227 91 158 66 104 14 121 245 211 10 56 218 113 123
161 221 123 184 26 158 96 45 201 105 210 182 96 242 200 96 26 189 91 242
252 174 114 160 203 74 103 108 113 106 251 66 241 25 121 182 114 35 96 121
65 87 158 96 51 160 114 0 147 160 92 199 251 95 121 20 182 242 135 250
96 121 182 215 218 218 215 218 218 96 24 108 165 182 96 176 215 150 96 66
74 194 23 85 218 218 210 212 200 31 203 121 200 242 0 148 205 227 231 33
112 253 209 231 109 186 96 242 127 242 127 208 127 94 82 176 167 186 148 218
192 0 12 50 0 201 114 205 121 227 21 108 90 133 50 72 31 227 173 231
209 160 163 176 186 181 69 96 62 140 62 147 2 178 23 25 130 21 113 167
10 114 113 176 87 167 235 180 114 134 128 218 170 75 73 232 212 96 38 158
58 107 25 71 83 113 212 33 7 99 62 126 252 93 218 50 95 121 35 120
161 214 218 204 215 96 112 20 14 173 121 24 16 148 211 158 96 245 231 46
253 121 209 219 21 42 243 223 69 21 251 209 219 19 96 106 121 182 208 10
50 148 110 158 158 147 34 2 25 7 200 26 123 178 23 92 175 83 101 130
37 215 109 121 205 190 239 248 130 96 99 38 96 7 161 226 247 105 237 42
58 13 87 223 50 171 61 215 121 79 121 185 205 230 230 170 189 66 251 218
245 96 81 112 196 152 182 150 91 209 185 223 251 248 223 50 5 122 9 183
65 189 11 96 250 200 170 205 69 242 200 73 21 152 105 56 96 121 194 104
211 131 133 96 14 186 96 62 3 108 23 31 185 34 31 241 87 121 19 186
209 10 163 215 96 189 251 12 135 242 200 223 120 186 159 114 50 121 114 144
242 200 186 108 20 141 96 151 121 58 93 117 69 218 25 242 123 62 187 93
114 227 108 173 189 214 123 95 253 23 52 97 100 190 170 0 131 102 122 6
223 50 5 123 208 223 16 103 181 87 14 103 241 0 14 120 192 105 176 179
10 215 217 103 241 152 114 223 215 218 218 242 66 127 178 69 160 103 12 114
253 178 103 223 16 103 23 0 243 106 164 135 5 242 82 152 211 75 211 96
106 114 139 203 96 121 192 47 121 95 187 31 131 170 104 96 121 128 121 223
160 223 0 123 200 111 240 193 102 58 158 18 30 103 77 5 108 201 182 176
114 90 18 144 241 87 14 233 251 42 31 114 242 14 23 25 248 135 108 54
163 174 14 108 26 81 186 170 14 113 173 121 121 82 96 96 50 27 108 200
10 91 158 18 200 78 50 1 123 95 95 20 251 50 66 223 50 27 113 85
58 218 160 32 96 118 203 152 10 108 85 242 200 192 7 45 67 242 127 200
194 14 205 0 42 200 96 219 96 109 186 108 19 62 173 34 136 200 158 201
245 131 21 197 106 135 67 108 56 40 104 95 121 182 215 38 63 135 121 176
136 121 96 121 4 196 203 121 205 223 50 133 241 196 109 121 14 39 164 242
223 186 186 203 96 215 102 211 131 150 244 87 87 241 121 121 43 242 14 101
192 186 96 108 212 182 215 218 218 204 215 201 19 91 2 251 77 26 158 242
200 96 78 127 242 178 211 170 121 96 127 182 242 182 182 216 122 26 148 194
96 121 182 71 161 125 87 66 121 253 50 76 229 218 174 123 56 218 215 218
185 194 51 76 12 94 152 163 253 121 127 208 247 75 186 14 177 101 121 199
192 104 218 96 113 14 121 58 135 123 200 50 251 182 75 178 108 250 103 111
242 200 212 121 0 251 50 233 215 71 185 14 241 218 102 58 103 241 218 50
253 218 66 200 78 242 212 218 204 245 234 131 80 94 32 96 6 163 7 215
245 200 96 114 168 114 186 135 103 135 204 135 242 21 5 108 46 227 24 147
58 218 251 181 235 174 14 50 103 113 242 76 113 76 14 113 209 203 34 2
96 121 158 96 126 150 255 7 215 218 204 216 122 42 65 218 94 21 158 51
57 50 5 218 103 32 241 250 218 242 51 113 123 248 135 21 14 197 78 203
221 218 56 96 10 160 103 242 82 52 61 209 122 42 106 16 242 82 153 58
