239 242 83 196 85 242 179 69 151 121 95 178 212 24 108 178 175 185 147 121
245 24 104 102 218 241 235 182 242 71 247 85 96 45 253 121 158 42 12 96
158 212 250 50 242 182 70 12 45 251 248 152 192 14 152 189 158 146 7 135
223 50 33 23 0 121 34 31 186 108 148 94 34 203 176 242 127 82 137 161
234 2 200 108 95 96 212 215 65 215 25 112 38 96 50 186 241 25 152 46
102 137 137 45 96 107 50 23 164 135 242 200 158 108 104 65 207 112 135 50
223 205 136 135 242 200 250 179 12 114 23 199 122 12 104 71 158 56 123 12
96 58 50 160 8 107 122 50 212 158 50 50 251 190 126 218 242 66 147 177
114 218 212 224 109 121 136 242 14 203 149 42 186 200 215 218 50 176 215 218
177 242 179 182 186 103 50 66 121 158 96 231 23 136 216 106 211 87 14 14
170 85 148 205 121 194 182 219 22 108 138 113 186 108 186 197 151 212 56 96
92 83 242 21 14 111 94 66 121 0 186 96 160 210 87 2 14 186 186 93
58 194 14 50 251 179 14 234 14 72 121 108 248 137 170 14 38 35 114 121
245 192 240 242 114 113 106 37 109 186 27 221 87 243 45 18 122 218 210 248
160 128 209 241 107 122 230 171 212 14 93 114 210 181 62 21 66 96 103 176
223 50 27 4 245 253 121 221 173 121 192 173 242 82 163 10 186 203 212 24
212 96 26 222 218 128 242 240 121 114 108 114 62 104 135 95 199 231 160 158
57 14 121 222 245 96 126 218 242 196 71 34 174 251 113 188 121 136 150 179
41 119 93 105 227 39 114 96 121 210 192 251 233 186 7 178 30 121 137 45
179 212 144 14 121 12 114 225 56 7 113 23 185 62 159 121 209 13 50 26
10 58 194 14 123 179 145 223 69 173 95 106 121 31 51 23 37 182 210 182
58 189 33 34 131 72 245 136 135 199 10 50 190 151 121 176 51 121 248 50
151 121 35 92 114 27 50 182 176 215 218 54 192 122 186 186 11 186 108 176
50 242 182 182 38 42 186 96 96 50 251 64 207 95 182 82 207 229 243 85
167 186 186 186 105 223 114 203 96 176 103 38 218 232 242 87 23 136 229 179
28 11 250 136 114 27 136 58 13 23 114 50 223 147 62 147 244 41 23 8
96 121 223 218 140 176 121 181 251 66 42 209 194 14 186 186 186 159 177 231
107 16 109 136 121 205 10 235 23 243 144 200 211 223 114 72 158 96 231 87
58 218 212 14 96 231 250 123 179 218 71 114 29 14 242 14 171 87 217 248
107 28 200 50 10 56 150 182 150 91 186 108 193 134 197 218 237 247 152 108
58 107 197 92 16 21 98 240 185 18 31 105 177 242 87 14 111 147 212 121
107 252 112 195 193 122 121 58 205 121 209 182 141 96 65 122 141 218 96 45
50 175 212 253 121 134 82 2 14 101 231 236 5 123 121 248 223 7 69 189
74 243 167 178 26 87 241 243 231 127 11 243 39 123 62 160 227 35 186 181
50 5 52 112 96 113 106 31 182 121 45 121 253 121 158 96 218 103 74 87
203 212 196 85 96 208 151 37 50 77 126 91 241 12 73 135 219 77 5 10
40 100 31 50 126 216 252 250 50 216 122 171 242 113 169 14 65 21 98 11
205 194 14 186 108 173 69 245 102 2 240 200 96 199 51 51 158 97 16 211
138 50 176 107 13 164 114 235 137 162 148 170 23 65 182 207 176 33 160 103
231 10 113 106 121 99 201 186 146 50 9 251 33 0 21 243 142 121 210 118
250 245 218 26 41 152 234 182 51 235 207 95 102 223 50 20 66 186 187 90
58 194 14 247 245 203 0 99 14 186 96 215 23 0 218 241 158 121 50 46
91 175 137 139 40 208 158 218 51 121 176 242 151 193 193 5 218 144 82 93
221 218 102 242 113 181 114 108 26 96 215 203 18 186 114 72 87 121 99 56
163 174 46 217 103 77 159 27 108 161 50 224 51 173 121 158 50 56 209 251
121 92 170 121 158 252 250 50 50 241 138 218 96 121 223 186 108 253 223 69
242 200 113 159 231 109 50 241 210 218 242 151 103 135 81 204 181 87 19 160
51 121 114 186 147 212 121 114 223 72 170 77 114 223 38 96 121 121 205 242
192 0 212 96 212 230 96 114 26 108 42 144 200 211 103 66 121 185 194 194
231 146 242 196 14 186 186 96 121 186 203 111 182 216 122 211 131 50 189 97
158 50 251 66 71 113 212 242 82 186 106 186 87 96 14 215 158 242 182 176
35 114 254 18 122 186 96 46 167 186 18 120 218 65 114 23 248 114 27 108
107 13 108 188 56 242 23 30 221 73 0 29 31 114 108 87 96 241 96 42
58 181 69 231 185 77 96 151 156 218 92 242 87 42 62 193 104 58 50 103
201 121 108 251 182 176 146 128 178 92 248 121 223 103 75 247 96 113 108 85
96 121 114 168 114 108 186 108 152 83 179 3 135 242 85 114 23 131 72 123
65 148 96 96 96 112 215 218 1 186 158 218 205 186 114 42 87 121 158 209
16 112 204 3 176 114 152 170 104 0 42 234 170 243 219 223 50 216 251 231
50 8 205 62 200 56 218 50 248 135 242 82 57 142 242 14 223 215 42 50
173 121 114 232 74 182 51 173 69 231 121 40 87 168 151 18 148 245 13 200
221 162 116 50 1 234 2 250 208 50 73 216 108 239 24 16 224 69 173 60
28 176 95 151 82 162 160 143 96 196 114 163 176 176 106 102 2 8 218 212
223 186 152 108 185 16 108 148 11 96 114 242 159 14 173 223 251 241 91 23
114 218 51 121 221 185 252 163 218 182 58 242 82 221 174 14 186 96 114 5
