35 114 24 16 114 114 121 205 223 189 73 121 114 178 210 136 121 8 13 211
58 218 50 5 123 218 210 94 208 94 231 192 251 87 14 253 12 114 2 178
87 16 193 103 108 242 53 152 113 53 104 248 5 72 14 247 223 105 198 121
10 108 239 114 218 210 135 242 203 38 253 227 107 66 83 211 87 96 242 151
160 211 131 114 131 50 90 121 30 121 200 137 148 211 14 23 31 227 50 242
242 138 211 66 12 186 114 72 158 242 69 199 121 215 158 241 87 56 218 50
242 108 102 137 194 186 200 179 75 170 123 93 95 109 186 20 96 42 203 123
221 107 135 136 200 26 103 186 148 26 93 135 135 242 200 223 223 14 13 144
223 114 23 114 27 26 0 136 234 50 212 104 69 69 199 241 91 26 50 5
35 150 157 151 121 176 215 144 14 178 97 108 26 148 218 71 242 200 208 94
243 135 242 181 23 103 114 27 67 35 108 192 216 50 251 33 12 45 231 27
205 223 14 50 46 184 148 65 212 215 96 231 176 242 45 55 182 176 12 99
103 66 12 58 135 219 223 186 181 87 96 171 152 163 151 64 163 95 11 66
242 247 241 113 247 114 7 114 38 96 121 165 231 151 160 215 218 171 182 231
114 60 94 197 139 113 244 121 114 223 144 158 125 52 135 114 186 96 76 182
50 215 96 66 242 189 14 121 194 14 51 197 236 209 137 218 241 242 179 75
157 215 81 215 25 186 108 173 121 35 26 87 40 206 164 135 150 196 51 35
243 159 164 223 85 242 14 186 186 212 144 224 154 29 14 121 234 2 13 87
228 159 114 62 158 103 207 113 85 42 170 225 121 114 112 200 141 19 209 241
176 160 242 179 31 141 227 203 12 64 37 30 179 12 85 66 241 218 96 218
186 137 170 110 173 27 12 158 186 106 121 218 51 65 242 152 223 23 175 12
215 18 121 50 56 50 113 108 35 216 122 189 182 51 232 160 241 71 0 209
242 200 204 212 70 108 182 208 58 194 148 110 122 168 211 26 93 191 152 148
145 205 114 16 21 11 1 209 104 13 153 114 94 21 96 113 141 252 250 103
58 25 187 207 127 200 136 114 150 179 230 127 134 87 108 188 121 8 160 103
156 218 218 50 242 179 192 12 114 114 58 218 243 123 95 185 172 34 34 123
205 121 231 88 251 248 242 14 108 113 248 251 66 136 181 203 103 186 196 76
92 54 31 50 158 236 16 192 104 19 83 100 21 242 14 173 82 34 193 1
96 193 211 243 87 177 108 242 200 1 24 147 81 104 242 87 241 50 27 16
223 160 104 45 23 137 45 182 86 26 96 50 96 151 212 14 96 35 114 163
50 215 212 21 104 50 10 22 22 141 211 14 121 205 121 106 223 230 84 181
120 121 16 193 114 27 109 223 205 215 26 170 127 200 50 206 171 34 12 26
16 10 92 242 151 105 85 242 66 95 151 81 219 253 35 114 135 7 19 91
192 121 218 205 227 113 120 75 202 218 50 148 26 186 148 211 175 173 147 236
99 108 26 50 46 42 186 20 14 14 149 186 186 241 174 218 96 205 77 197
58 135 21 152 94 2 152 110 242 230 126 96 50 206 223 50 62 253 194 143
158 215 218 242 127 86 74 23 223 69 87 0 135 114 72 235 242 21 103 181
192 178 131 50 60 104 242 90 174 14 13 0 50 104 200 192 170 121 146 173
58 245 170 144 14 173 251 54 250 176 96 85 96 216 108 46 186 108 104 253
58 194 14 26 217 34 160 236 216 252 108 85 10 138 96 50 72 245 96 113
158 34 228 231 58 200 174 148 212 96 66 242 151 121 35 108 114 178 21 64
157 177 113 251 66 135 136 114 37 110 114 121 35 114 41 114 177 242 114 19
58 111 200 96 96 83 200 250 164 50 56 158 144 2 27 16 105 56 140 242
74 232 21 170 48 175 31 175 114 27 223 114 35 108 46 189 87 158 96 38
223 19 151 216 51 242 212 50 215 171 216 122 26 201 27 122 52 26 50 136
103 66 15 50 243 103 87 27 69 91 244 128 112 33 12 192 31 114 121 37
192 0 108 131 34 173 121 114 27 235 121 114 27 4 13 19 96 26 240 32
56 121 253 121 50 26 241 93 175 54 14 215 218 45 182 96 113 212 209 8
58 107 218 218 205 242 200 42 186 207 82 138 215 218 210 87 16 148 10 158
223 69 23 115 151 158 158 102 130 141 121 96 112 66 245 10 1 141 163 64
221 122 151 231 200 210 182 216 122 114 236 16 108 178 44 200 114 239 67 218
185 163 152 26 158 218 50 148 108 218 144 14 32 241 189 218 242 42 93 99
244 196 50 108 250 123 95 121 127 178 96 22 96 226 51 134 19 230 73 215
24 14 26 50 240 27 4 231 30 236 96 26 189 125 221 30 42 134 27 253
75 2 218 254 242 182 20 96 113 232 106 251 219 231 114 135 17 12 35 114
221 218 103 19 83 104 231 135 242 200 205 8 218 51 144 170 14 215 186 91
58 13 87 121 227 158 37 163 151 121 181 181 87 186 50 56 87 121 141 11
58 13 182 30 85 141 38 73 38 121 106 197 80 175 121 178 231 251 135 242
145 159 251 182 216 58 196 153 114 27 223 244 211 144 78 248 7 135 51 242
50 215 31 71 247 208 144 96 0 13 180 113 16 227 159 201 121 219 195 112
52 12 121 179 34 136 200 16 163 151 177 34 212 182 102 176 10 139 114 238
52 211 223 230 87 135 158 30 151 212 176 215 42 58 121 96 185 167 186 17
242 23 0 251 236 108 114 84 21 14 111 182 13 223 114 87 158 103 92 231
243 102 137 242 87 14 187 207 249 46 51 4 96 197 10 253 186 3 215 96
