192 93 159 176 122 186 252 223 14 45 114 218 50 240 122 186 230 178 4 96
205 194 14 86 51 218 235 242 57 19 14 171 172 109 42 121 90 137 218 110
221 223 251 160 73 66 179 12 158 186 148 205 115 87 73 34 200 114 26 93
37 148 41 158 142 108 141 121 163 174 200 210 208 192 186 148 26 111 215 112
137 184 83 211 131 103 135 121 114 134 121 216 228 108 8 245 242 200 228 218
163 176 215 218 204 128 158 96 231 110 114 251 23 164 135 114 72 87 135 242
100 107 25 123 122 26 103 231 87 223 148 205 177 242 200 78 118 152 195 136
74 192 186 108 26 108 96 18 32 218 25 50 143 148 218 242 191 126 186 26
121 223 18 47 209 251 241 39 95 248 31 203 176 160 0 96 185 218 210 218
185 114 23 223 189 50 206 0 50 242 133 103 181 87 248 135 16 143 242 45
102 242 87 96 14 205 223 135 200 231 110 137 114 168 114 239 96 223 69 24
50 251 87 87 14 121 215 40 178 33 187 99 225 121 205 10 99 247 35 114
24 16 4 245 243 123 219 12 185 230 45 251 173 242 250 200 56 108 178 144
160 158 212 242 21 186 108 34 200 96 73 99 210 186 175 164 122 96 174 96
131 99 23 62 168 239 98 212 96 66 173 251 231 160 21 66 121 158 158 96
92 212 146 63 215 218 218 71 251 218 227 50 65 23 131 151 153 151 242 231
113 252 95 1 200 68 215 26 121 170 251 164 50 152 74 87 27 99 160 26
163 107 250 50 53 250 218 219 114 235 19 208 12 14 59 35 96 23 197 39
136 121 58 223 200 72 95 66 121 107 93 114 108 121 45 121 186 186 209 66
253 251 121 64 236 102 242 200 96 250 218 242 14 16 121 176 103 203 108 103
24 16 166 20 96 38 223 148 223 3 50 78 23 31 114 135 121 106 56 235
242 42 108 26 186 93 184 148 215 96 94 231 102 2 152 131 208 4 50 186
146 147 106 25 30 121 243 45 84 245 235 104 121 114 27 10 141 69 67 200
145 148 24 147 16 168 250 0 218 160 65 111 182 200 26 241 241 218 218 251
107 148 22 41 123 248 135 211 185 198 93 135 91 12 242 19 219 201 31 251
96 176 85 96 12 174 131 16 235 242 203 24 16 131 177 243 103 0 87 96
231 223 186 203 212 231 121 233 85 113 248 223 69 7 87 135 248 27 50 176
192 186 114 223 45 121 120 130 231 28 147 164 135 184 12 246 96 121 45 251
158 215 96 50 240 10 51 158 210 134 216 173 251 17 74 23 87 152 114 26
163 253 94 231 76 118 182 150 176 144 170 121 14 121 114 131 111 178 36 25
158 96 26 148 26 96 6 128 121 176 215 158 96 38 96 247 141 7 114 38
58 194 14 26 93 218 191 121 108 173 121 165 176 167 194 215 186 186 108 26
37 242 14 114 38 121 145 178 26 181 82 93 218 215 158 181 114 197 121 50
158 58 23 171 121 203 223 212 219 24 16 102 242 200 26 111 136 159 111 118
152 31 85 242 248 203 103 108 133 106 27 148 218 242 127 200 42 37 26 193
96 121 131 137 95 121 114 115 87 23 171 121 248 114 19 23 131 135 200 26
192 227 69 107 218 66 48 204 87 96 14 250 123 66 45 56 208 231 173 1
185 103 103 26 170 108 244 212 224 78 38 138 218 96 186 131 158 106 114 235
10 182 33 31 175 14 121 158 242 200 72 101 19 186 108 143 218 51 121 121
58 194 14 203 245 211 247 241 7 215 218 242 179 218 242 82 247 50 30 76
62 185 121 50 136 10 24 147 244 215 218 244 241 208 186 181 35 108 168 250
96 121 69 242 83 92 39 87 159 121 253 9 111 104 35 203 20 196 56 96
58 194 14 141 23 23 237 152 0 111 121 151 121 233 92 231 121 237 87 223
58 69 46 200 42 194 182 26 111 148 242 203 0 10 192 210 182 242 82 170
160 160 102 50 34 31 175 160 96 73 218 223 203 212 200 89 218 113 123 232
185 57 231 186 108 23 114 27 144 248 148 246 96 176 114 181 87 7 28 195
114 27 186 108 173 121 121 205 10 223 69 212 96 176 26 148 87 218 210 182
170 231 121 135 2 74 2 96 91 73 28 182 58 218 242 127 82 192 186 108
221 186 26 120 236 96 121 216 91 51 121 153 242 200 26 50 193 182 168 141
205 48 11 107 135 136 195 79 192 122 26 91 242 251 66 3 152 108 251 228
234 158 37 148 205 96 125 21 51 121 65 23 252 113 108 248 173 231 125 177
163 245 58 13 114 108 26 218 216 122 42 160 35 212 200 96 231 251 242 114
158 18 242 200 22 50 82 91 158 108 182 86 45 216 251 154 25 244 111 200
145 159 205 186 220 96 66 202 25 150 179 56 170 188 121 216 98 152 82 100
194 182 215 218 218 210 82 137 82 185 194 81 131 30 253 121 106 114 27 73
158 251 199 215 96 113 106 187 163 176 39 170 121 253 176 114 130 87 152 19
114 223 0 230 101 231 122 96 38 50 134 4 82 168 215 25 121 64 200 211
92 135 50 114 181 121 64 108 148 245 96 173 251 135 121 108 121 114 56 216
37 105 158 18 200 96 250 108 250 108 148 189 62 96 51 241 181 87 7 151
28 114 168 195 37 242 151 147 212 121 242 87 14 176 182 12 195 94 200 50
228 200 108 87 26 83 141 123 174 36 125 164 50 108 251 173 65 133 242 182
211 234 170 77 121 26 212 200 168 96 107 200 26 241 96 2 203 79 103 19
107 24 16 102 218 242 66 123 208 223 19 23 131 2 14 141 54 87 135 241
243 87 168 200 186 93 107 114 87 96 95 177 163 50 148 242 82 185 93 16
