151 40 173 121 209 231 10 137 38 96 26 240 111 185 111 30 36 7 212 14
50 56 240 96 186 96 186 126 205 186 96 96 26 42 223 200 200 26 251 50
231 186 141 186 141 40 168 242 178 12 24 147 121 75 108 66 9 158 114 163
161 51 103 87 23 123 121 223 114 78 118 27 241 87 14 78 218 58 94 165
97 96 121 176 50 27 198 182 189 200 211 247 170 103 108 46 42 19 50 179
96 161 58 186 194 14 186 186 114 27 112 114 94 242 200 26 218 135 91 164
145 218 242 151 18 245 137 148 218 240 69 103 121 50 50 84 33 216 80 123
158 69 216 63 135 133 114 38 103 108 199 105 41 95 231 232 96 146 123 200
58 96 242 200 26 42 87 158 183 112 45 4 200 88 36 200 126 218 242 200
91 243 135 121 121 200 28 141 211 91 212 114 27 203 37 107 123 212 41 102
58 13 234 24 174 25 121 143 19 172 39 28 2 85 14 100 103 123 198 216
251 58 218 121 35 181 182 250 176 85 11 50 218 241 18 240 121 50 126 2
242 170 85 200 224 14 251 248 151 160 141 45 1 242 170 127 199 113 212 14
138 50 223 135 30 107 150 242 178 113 95 200 152 88 14 215 181 186 108 26
192 121 58 251 12 114 135 92 182 242 200 41 158 51 51 135 242 191 108 184
16 252 91 1 236 16 231 92 232 205 178 0 96 109 250 108 91 231 212 102
107 252 94 199 94 21 118 14 109 186 108 114 121 205 131 114 192 186 186 212
114 241 25 104 106 27 144 234 93 216 230 171 216 122 26 148 218 218 134 16
144 209 10 41 203 186 147 121 103 1 242 82 58 10 218 242 12 215 108 26
114 148 218 218 51 209 158 181 121 251 219 198 164 205 201 51 164 192 25 114
185 93 239 223 186 186 120 103 114 121 193 128 158 18 50 212 102 52 96 161
58 16 109 114 27 50 216 122 91 141 215 108 178 139 248 122 251 242 14 239
50 131 160 210 131 120 130 223 96 50 50 67 237 23 87 71 87 96 112 16
114 36 171 83 245 91 67 111 34 158 149 174 114 134 121 92 182 26 108 173
192 0 56 204 241 218 242 2 14 160 42 223 113 205 26 166 26 241 12 170
223 230 11 42 189 170 95 121 242 85 179 62 173 242 82 136 58 242 250 179
138 158 241 159 50 50 12 209 147 121 123 162 253 121 160 65 56 42 181 135
153 163 219 215 223 69 185 62 177 67 72 123 127 21 187 105 107 135 241 18
151 186 102 135 114 211 134 35 90 23 164 114 135 154 181 87 21 245 233 216
231 163 223 219 22 22 94 192 186 26 162 14 191 32 75 218 6 175 35 205
242 200 19 152 92 123 179 107 25 189 164 175 177 114 27 87 121 96 141 251
163 253 10 186 96 250 164 50 114 121 211 178 219 223 16 200 26 6 190 92
10 152 162 219 50 11 38 189 174 218 89 242 200 72 164 164 223 147 248 62
58 34 208 28 11 56 209 122 186 108 173 231 143 121 97 151 158 158 58 218
29 14 51 158 186 148 205 46 241 218 71 18 50 72 111 12 87 87 107 241
130 212 96 114 96 186 108 42 203 248 135 240 241 218 109 215 108 26 108 239
194 14 41 222 194 20 96 50 50 114 121 114 121 205 205 160 103 103 107 25
10 158 51 100 200 138 215 212 50 103 231 66 83 107 163 174 150 176 242 170
151 121 209 251 152 147 66 121 92 76 87 71 186 18 202 16 14 223 114 50
242 200 42 201 108 114 168 254 142 244 189 242 14 0 193 84 198 199 106 227
201 231 135 135 74 137 218 216 29 122 186 186 241 218 96 225 96 15 113 106
150 186 34 19 144 39 253 10 96 42 80 87 76 76 23 164 229 105 96 215
185 93 114 158 103 87 135 242 250 152 176 239 215 151 121 87 153 200 221 211
114 72 197 253 121 218 102 134 208 58 50 251 122 203 75 26 93 242 87 5
245 168 22 247 253 196 230 182 230 182 114 23 87 121 8 114 38 230 14 32
107 16 189 174 108 186 186 108 26 11 215 218 51 121 25 121 136 61 185 139
58 135 150 179 186 221 87 202 39 218 113 218 5 123 103 66 209 102 242 21
151 188 245 121 253 121 245 146 70 56 56 27 241 218 103 113 176 173 245 66
50 27 211 201 121 245 24 87 126 205 121 114 235 83 242 200 89 121 182 205
151 121 152 53 42 91 189 134 87 13 87 121 52 57 46 186 108 44 114 171
242 159 244 3 96 50 251 152 96 242 234 127 33 178 178 0 242 178 77 212
178 184 64 240 186 18 231 221 131 153 114 178 65 141 64 231 242 250 179 108
221 186 35 114 147 19 50 240 236 121 114 27 252 186 114 58 25 21 91 196
7 195 87 28 150 179 12 114 121 168 114 135 108 51 186 108 19 42 163 34
223 23 164 135 103 21 216 122 96 250 204 248 79 121 196 134 23 87 7 212
223 189 174 51 121 168 66 87 244 245 175 121 85 160 137 25 87 93 135 50
114 26 96 215 148 205 251 50 72 212 242 14 19 253 210 87 205 221 108 73
138 96 0 106 122 186 148 96 250 174 224 186 207 62 123 182 200 192 122 114
242 200 108 186 186 62 128 207 207 133 56 53 42 114 108 114 185 12 114 27
151 121 245 250 248 128 158 186 135 211 104 12 223 135 200 114 235 114 130 121
74 34 118 196 94 200 205 114 94 151 182 190 219 106 87 50 251 173 58 8
58 50 33 186 170 189 243 21 115 170 23 114 121 178 105 201 231 1 10 158
194 86 186 96 163 37 196 108 212 102 175 151 121 185 223 50 0 34 178 16
65 105 176 215 159 108 186 18 158 144 122 186 93 160 121 160 40 121 212 178
