91 128 37 242 200 72 158 121 34 224 121 194 201 186 50 181 52 66 96 42
185 218 34 104 114 33 130 87 212 121 120 34 16 188 205 121 137 2 205 142
185 186 148 230 234 202 242 14 186 50 46 50 42 87 121 186 186 108 221 12
158 50 251 106 220 100 126 114 168 87 14 186 186 96 6 121 13 197 185 0
242 14 35 114 22 10 108 178 23 186 35 108 121 182 73 216 251 69 104 135
13 83 242 87 78 109 186 148 131 120 141 227 159 35 114 19 96 215 215 186
58 108 104 196 253 158 96 50 33 158 160 96 121 212 50 14 221 34 144 242
58 194 173 77 200 250 235 26 87 5 218 242 50 21 243 123 62 121 248 50
70 23 128 251 219 7 114 239 87 27 165 248 135 21 21 74 131 30 12 73
161 50 144 14 186 216 122 42 121 59 234 127 200 24 135 114 72 164 251 241
245 8 189 74 110 184 14 123 218 250 108 29 14 93 50 121 182 102 189 230
242 105 26 144 14 239 14 148 111 251 50 56 170 121 253 178 26 170 212 14
223 186 50 30 140 127 212 146 121 114 223 186 159 247 191 242 200 64 158 67
64 121 205 194 168 1 96 114 27 196 114 56 121 96 121 245 218 74 198 239
221 186 108 26 62 27 150 245 218 114 56 25 135 34 94 242 2 127 85 14
114 223 230 151 103 144 14 34 144 82 170 62 197 96 66 9 186 186 111 41
175 223 114 50 242 20 123 176 242 250 2 196 184 42 186 207 2 170 91 242
65 189 47 75 83 121 205 16 103 215 126 218 96 141 207 164 32 253 121 186
10 215 245 114 23 189 210 114 211 114 114 114 23 163 75 218 96 230 159 200
163 174 189 98 114 217 114 242 0 135 161 50 240 121 195 27 242 151 151 121
121 189 240 239 242 200 96 75 85 102 199 242 200 247 35 250 181 235 3 152
151 121 97 96 66 186 111 223 50 110 16 150 47 31 122 50 35 195 144 127
185 111 219 76 45 193 251 179 25 248 120 103 12 45 10 101 170 182 66 96
102 91 86 96 151 64 10 108 223 170 61 173 31 114 23 5 122 26 215 241
121 223 170 14 209 222 52 215 170 188 74 121 74 131 242 87 110 45 23 53
221 131 253 50 251 152 170 243 211 96 214 96 215 14 136 62 173 245 92 141
242 200 168 87 182 182 242 14 239 110 227 50 103 113 152 44 3 114 96 50
211 93 114 178 118 234 78 114 72 248 163 64 209 152 115 251 73 69 251 158
2 212 245 197 113 212 96 108 212 96 121 158 58 128 14 121 121 151 121 245
10 30 66 182 253 233 219 223 135 242 127 178 184 46 200 26 194 20 231 50
242 114 215 186 96 247 210 218 242 127 178 26 42 215 108 178 199 231 242 30
161 50 206 74 131 71 116 50 170 251 240 0 1 37 103 91 91 12 108 52
58 151 121 22 173 34 100 152 108 199 128 248 223 241 0 50 242 182 138 18
91 227 28 147 243 114 121 158 91 241 96 186 181 19 201 66 152 203 108 182
243 219 242 150 108 26 42 62 121 182 38 31 35 212 241 218 65 242 66 182
160 160 135 150 231 9 91 245 242 200 96 106 42 50 26 218 87 96 212 102
187 211 34 197 203 160 248 163 50 110 114 27 192 122 26 111 251 141 178 17
151 231 172 215 121 243 87 20 96 250 108 157 45 160 123 216 158 242 14 30
58 205 121 162 111 131 16 114 218 99 242 3 23 123 198 121 58 87 27 223
170 85 103 113 224 196 115 108 26 138 218 71 122 42 108 186 114 121 182 178
223 114 108 160 14 12 114 87 121 158 106 164 64 108 242 250 103 21 122 121
58 102 198 66 65 242 200 186 186 108 26 96 45 212 120 158 96 205 218 71
245 118 170 127 223 144 241 230 14 241 218 51 102 242 2 200 22 133 58 215
50 72 95 212 122 138 114 114 23 25 23 135 208 58 93 95 67 114 22 114
192 114 4 13 114 137 26 93 189 14 173 198 121 182 151 18 209 151 182 91
201 120 159 16 114 27 197 96 114 22 215 135 121 2 248 251 231 205 121 138
209 28 201 121 209 10 96 205 158 178 212 64 188 242 22 250 218 218 96 135
160 41 158 212 64 100 191 91 251 14 96 33 34 12 131 253 215 205 223 135
201 250 108 212 32 23 163 52 201 121 250 218 165 127 1 248 72 87 121 96
151 34 173 223 19 190 103 110 223 26 186 26 50 113 128 135 121 128 208 170
242 87 96 38 103 111 200 186 114 121 182 26 111 151 121 158 204 241 218 123
209 186 108 21 102 170 178 51 186 96 84 26 103 196 108 173 177 62 30 95
221 211 218 161 56 96 114 131 109 69 126 107 186 19 93 96 121 215 127 14
231 146 251 248 223 194 69 114 108 42 121 104 121 114 195 131 231 176 177 242
160 92 244 212 231 27 110 231 108 178 178 26 108 117 121 205 121 205 251 231
160 189 204 66 245 12 24 134 99 91 87 16 36 170 121 114 108 121 34 200
185 34 118 127 208 204 25 142 211 216 50 122 126 168 38 96 186 96 253 91
161 148 218 96 50 78 27 108 255 7 215 62 104 241 95 232 96 121 205 194
160 131 216 251 173 251 245 1 205 194 14 148 26 96 242 200 218 106 65 182
58 185 7 50 1 147 121 52 239 14 239 114 27 144 82 93 114 27 252 90
106 131 120 186 200 250 123 12 170 173 121 182 182 242 191 121 179 12 173 121
221 72 87 110 196 52 223 186 62 186 212 146 212 50 109 121 248 137 103 34
205 34 231 248 106 56 135 211 159 69 118 200 126 80 121 106 235 51 87 121
114 223 186 19 166 163 186 108 157 83 121 179 93 252 108 185 103 113 38 64
