58 218 215 108 26 91 96 231 33 137 200 226 35 205 218 96 121 245 106 26
10 26 209 198 87 7 21 170 142 191 244 212 146 122 210 204 182 28 182 22
121 209 121 50 188 248 135 92 87 173 242 242 14 218 38 10 210 62 158 96
231 151 147 121 121 195 200 168 108 182 20 102 83 157 82 173 242 69 255 114
160 65 242 159 22 186 108 148 210 87 121 190 186 114 158 103 181 203 123 95
157 216 113 106 35 106 93 197 236 135 144 14 22 96 182 148 237 16 14 34
24 142 38 121 114 235 19 96 52 52 167 83 199 142 203 52 248 181 23 175
192 3 50 135 137 250 50 21 231 121 58 121 34 103 83 196 211 175 177 181
58 218 71 113 212 192 227 96 37 242 200 44 200 190 171 96 148 218 103 94
221 235 135 112 8 174 251 173 223 212 96 121 114 3 7 135 200 26 128 103
243 123 121 38 96 231 176 242 82 19 207 2 195 136 200 242 127 251 152 92
128 194 14 82 253 121 151 212 92 179 112 114 114 187 158 50 148 218 242 82
160 128 158 56 40 121 114 121 102 128 92 114 176 121 242 210 87 96 65 21
58 194 158 195 38 58 205 160 34 251 109 241 152 196 228 179 12 114 186 108
163 253 96 235 114 158 223 114 27 4 107 105 96 52 158 135 231 242 127 82
58 181 121 122 97 236 99 14 186 108 131 200 192 178 114 186 108 178 60 221
96 121 40 137 87 158 18 152 123 136 150 212 182 182 113 251 177 53 244 91
10 108 56 108 19 16 96 121 245 121 151 121 120 200 251 186 0 203 147 121
163 174 121 200 242 178 23 62 30 81 245 62 173 241 121 24 16 103 135 7
137 200 26 103 92 114 187 158 201 96 231 106 122 186 186 96 26 144 96 121
58 107 13 164 50 108 26 123 41 182 38 103 217 37 196 23 12 114 75 22
223 186 108 251 29 31 191 21 122 160 111 148 218 108 105 223 50 113 248 135
65 189 103 181 69 182 216 122 109 96 244 151 121 114 108 178 114 205 186 93
209 188 10 151 121 136 19 14 14 27 197 51 121 209 11 76 182 217 96 160
151 121 243 242 242 82 143 191 96 121 96 7 178 182 184 14 96 141 244 121
221 134 245 215 178 186 148 200 63 106 186 200 200 26 86 250 50 26 50 210
182 66 207 56 87 121 223 50 87 23 62 126 218 96 176 106 121 205 65 82
58 194 14 16 242 14 121 253 242 142 200 30 121 209 251 121 218 242 21 189
158 223 23 114 227 159 114 223 50 108 251 226 209 251 19 23 62 104 112 22
228 200 64 251 242 200 1 103 181 62 142 102 114 37 255 114 72 231 121 154
171 14 90 93 241 152 113 10 11 83 92 242 87 78 66 121 108 3 106 14
221 251 173 133 158 218 71 58 28 147 121 248 113 188 182 126 53 104 152 242
10 0 232 182 215 121 47 72 76 230 3 17 218 91 245 58 245 218 11 23
194 14 215 250 21 122 237 186 108 114 186 106 58 10 69 204 158 205 231 38
138 158 96 242 200 96 234 170 121 80 125 103 121 92 231 176 144 14 23 131
160 241 87 212 14 254 38 185 114 114 51 121 97 243 231 30 151 121 121 205
221 235 211 9 242 28 174 31 108 166 9 242 87 23 0 218 71 16 243 66
205 223 114 186 114 186 181 114 23 62 147 121 58 46 87 186 158 216 114 135
161 28 104 118 146 199 242 97 226 216 67 11 117 94 121 182 106 251 166 72
58 194 14 96 250 240 108 104 103 77 179 218 121 135 121 46 0 50 109 121
245 92 200 80 185 156 86 186 186 186 186 186 114 114 186 207 142 34 31 252
163 253 99 178 109 186 91 178 23 123 12 211 114 35 186 108 23 62 236 131
58 205 65 38 182 96 26 186 200 186 96 215 218 113 106 106 1 10 147 215
58 254 96 250 99 58 16 143 242 211 186 186 148 42 114 121 243 103 178 151
92 148 125 0 186 108 242 182 82 51 121 27 251 221 219 189 85 173 69 128
173 160 121 242 200 136 121 144 14 156 170 203 62 251 173 231 69 126 218 117
192 186 144 234 220 174 110 244 135 197 19 208 25 218 51 121 182 251 50 206
108 243 238 108 141 96 114 54 46 23 131 113 106 14 210 182 182 242 200 22
41 92 248 135 71 252 113 212 16 211 211 94 139 63 104 135 114 186 108 159
96 121 131 106 251 158 223 218 96 212 107 200 96 26 96 186 108 182 35 114
221 13 218 218 191 204 50 216 134 204 96 196 211 223 218 96 50 242 87 14
137 6 151 103 12 209 223 190 207 229 218 216 123 123 12 131 242 82 133 50
160 215 121 160 158 140 121 205 160 71 94 243 219 223 50 72 12 188 31 114
26 200 213 108 113 196 231 12 26 42 150 242 179 123 136 200 107 218 71 153
151 158 108 239 59 72 218 242 127 179 25 248 113 109 121 252 195 224 158 96
192 14 58 51 24 212 96 176 72 248 137 26 208 195 200 211 178 61 223 14
50 30 112 232 106 175 223 35 150 50 108 201 121 72 121 96 112 113 232 64
223 203 16 121 147 185 48 177 103 21 56 158 209 242 14 101 231 236 27 121
185 103 103 21 114 251 248 242 232 218 134 152 208 166 65 114 114 26 186 93
178 177 138 158 25 200 46 241 53 85 14 109 250 28 42 135 199 175 114 62
104 251 170 103 12 75 218 218 51 41 135 231 233 160 242 120 188 13 108 193
163 26 50 66 186 186 93 72 104 121 135 200 50 176 141 75 218 11 44 20
121 50 33 113 147 121 121 58 205 223 113 159 159 247 14 10 23 181 85 214
58 196 46 171 23 70 104 135 242 2 14 22 103 111 240 121 178 82 27 146
