194 14 173 58 251 231 23 163 218 242 200 182 195 247 148 65 23 123 87 93
209 131 26 144 151 76 88 241 174 31 114 135 82 185 93 19 186 131 223 35
192 255 114 96 173 121 58 195 136 135 200 96 186 158 96 96 114 186 108 244
114 223 203 152 31 104 58 253 10 212 14 121 205 223 161 50 87 135 223 114
52 128 237 108 206 102 128 227 123 208 192 215 108 42 230 114 181 69 160 103
10 158 218 242 82 242 85 66 126 218 96 229 192 227 114 195 108 94 196 242
242 200 42 111 179 135 242 90 58 12 233 208 16 146 121 218 235 242 30 221
58 120 201 114 96 87 232 96 235 96 205 231 50 42 34 94 82 59 64 186
58 181 241 200 96 186 99 189 230 99 108 186 16 191 215 121 50 172 8 216
3 96 108 212 51 118 236 135 199 241 231 106 23 87 214 214 108 19 185 93
160 189 242 200 45 197 126 114 13 200 50 251 209 251 112 175 95 35 253 101
242 87 81 23 128 251 66 181 181 87 14 186 108 148 242 200 239 81 175 87
192 184 96 50 122 91 186 96 83 250 196 244 56 7 147 103 10 181 121 151
37 196 138 113 152 195 178 182 26 215 174 200 96 186 18 50 51 5 229 174
97 21 152 5 158 32 70 66 186 96 186 26 93 111 240 121 131 135 150 91
158 96 34 224 181 242 200 250 242 179 218 108 242 101 234 250 200 208 228 4
221 12 114 27 186 108 19 92 191 231 106 241 45 121 182 219 209 10 160 227
163 182 223 14 190 186 87 209 106 114 126 212 14 121 114 114 108 26 96 96
114 200 223 135 136 200 96 205 96 112 38 107 135 243 71 137 184 96 121 205
243 243 123 252 199 231 135 136 135 242 200 26 96 50 73 61 24 200 58 82
158 144 234 74 23 198 121 46 83 179 81 42 87 23 101 121 2 1 138 135
40 178 133 29 123 66 66 245 118 200 151 56 35 92 231 2 16 212 102 2
242 200 113 212 245 10 52 54 96 38 151 32 88 44 127 51 104 200 182 153
205 121 177 140 135 242 200 211 223 200 26 0 26 181 60 200 96 26 186 170
100 24 108 186 91 90 121 158 219 48 106 114 108 114 23 134 248 158 209 231
205 69 219 185 77 161 223 106 142 114 87 135 114 121 108 196 112 58 58 188
107 218 113 108 134 56 32 93 32 241 50 173 182 93 96 216 83 244 231 2
85 250 56 96 109 50 0 175 158 18 167 83 231 212 204 87 232 215 218 50
97 162 194 83 121 173 121 16 52 76 37 193 242 244 212 14 136 195 94 200
114 223 114 108 114 23 87 35 108 209 121 114 14 122 186 203 196 200 192 88
252 146 200 76 208 58 218 57 182 208 75 218 241 25 114 208 241 251 112 135
205 209 242 200 14 96 87 83 26 203 170 96 121 182 103 34 12 114 27 75
221 26 50 1 26 93 50 135 242 21 56 56 87 209 93 82 242 200 248 223
192 14 58 218 251 87 30 176 215 26 138 50 95 231 102 22 210 2 174 200
137 200 184 148 151 215 87 241 87 7 50 7 215 14 5 242 14 135 182 250
228 200 96 151 141 103 103 34 170 113 50 190 243 95 66 12 242 87 113 174
221 219 108 243 43 114 212 96 73 127 191 121 120 106 232 242 127 242 200 168
192 223 113 23 164 144 82 211 9 111 182 182 242 127 200 24 108 46 7 21
37 98 147 160 121 128 158 158 96 215 23 87 6 136 114 114 13 186 148 45
58 218 122 242 203 152 208 114 186 108 90 31 114 121 96 50 50 0 27 108
137 200 26 240 242 108 161 224 83 52 84 109 78 110 0 106 211 2 200 26
192 144 215 200 96 45 201 201 193 67 230 75 218 210 182 245 178 26 75 207
106 11 107 148 41 215 135 242 87 110 14 8 197 218 204 87 70 50 216 113
245 58 136 200 205 58 245 206 122 66 121 253 35 108 141 114 223 114 159 96
243 230 195 40 105 196 26 108 50 36 10 108 173 242 82 211 243 218 56 96
245 163 253 227 76 208 77 23 136 200 242 96 250 50 251 21 149 103 113 244
242 200 26 226 110 173 121 193 97 148 175 87 27 174 191 121 65 160 245 62
138 173 223 186 253 40 178 87 18 87 50 240 83 160 245 9 203 218 211 241
10 160 246 231 242 82 208 201 16 102 50 245 58 96 26 218 113 123 175 177
234 252 192 186 96 96 250 226 2 66 152 126 150 83 91 158 106 10 96 96
192 178 45 201 251 29 122 186 148 218 52 173 65 103 241 87 218 50 121 242
7 10 50 30 170 156 218 242 127 200 174 114 223 50 115 247 87 107 93 170
106 75 25 150 52 106 105 240 186 207 113 212 200 124 218 58 121 51 5 242
151 16 212 178 177 158 142 201 253 144 121 253 209 210 182 38 253 254 197 241
50 198 25 135 10 131 242 166 108 250 108 211 103 91 147 121 219 34 123 12
242 200 96 113 150 106 114 7 105 227 114 168 0 174 118 114 7 38 96 235
4 96 215 212 151 158 103 93 152 221 87 102 242 250 200 218 51 121 58 253
158 209 251 122 141 26 50 242 99 93 7 174 200 26 111 123 95 212 50 206
245 113 160 75 134 243 242 200 186 108 26 148 41 104 29 122 186 151 104 212
151 212 104 135 200 96 186 148 218 250 245 218 96 113 109 23 113 208 2 14
160 170 121 223 251 113 248 135 143 45 1 96 145 114 245 121 58 10 135 30
245 58 200 218 96 112 44 114 108 23 177 121 34 150 150 245 170 121 242 200
28 121 250 26 61 165 16 187 148 240 36 242 204 42 181 87 168 114 230 87
211 170 239 0 0 121 251 30 152 175 113 77 251 160 160 242 82 185 160 95
