145 99 38 174 200 168 20 106 35 114 27 108 104 104 232 210 181 241 87 186
158 218 71 121 225 87 102 2 200 201 192 168 217 147 121 178 178 103 108 46
58 218 216 122 197 51 121 114 37 133 242 75 207 229 136 200 211 92 151 236
58 13 200 72 40 21 231 242 179 87 218 121 50 152 135 199 118 200 247 50
146 242 107 252 250 108 160 242 182 121 248 223 50 63 14 212 218 204 121 241
58 177 163 99 108 173 87 121 12 218 73 242 99 23 182 212 200 72 123 25
170 121 159 56 96 121 182 58 107 135 184 103 108 141 215 16 211 41 147 121
57 200 118 108 185 87 27 114 158 194 212 245 218 51 37 242 212 96 25 50
50 146 31 158 163 215 96 151 96 151 182 242 12 221 56 96 92 135 186 231
187 37 242 113 212 14 102 242 191 222 226 56 16 193 136 178 113 248 163 75
153 186 203 148 121 106 223 3 108 9 114 27 58 13 7 114 186 96 108 207
158 243 85 109 121 142 242 182 212 215 179 218 170 121 182 38 230 212 14 72
96 199 242 191 121 45 231 58 176 251 173 106 114 197 106 92 219 141 14 102
141 14 234 170 121 48 242 240 193 50 30 13 193 83 242 82 83 196 114 196
176 235 212 151 231 27 58 184 14 151 231 164 135 209 231 210 242 165 87 78
176 144 243 242 14 75 42 62 123 10 32 241 182 23 62 136 114 27 58 86
201 114 69 66 127 82 127 179 52 136 234 82 230 218 242 182 114 72 35 114
58 218 191 121 114 29 14 186 186 114 121 114 205 170 121 187 215 121 57 101
242 231 19 83 151 243 200 192 186 5 218 241 218 242 127 242 190 148 178 212
192 65 240 109 192 186 108 111 179 12 186 87 14 78 223 105 50 72 123 216
121 114 168 114 35 108 178 178 85 96 239 84 26 186 203 0 230 218 242 195
57 186 7 120 247 204 121 87 50 84 108 160 170 142 121 163 215 160 241 218
160 210 151 103 133 230 45 27 223 114 27 28 46 209 186 108 251 12 182 38
107 135 200 50 241 251 31 50 122 114 14 96 241 174 52 126 218 1 64 220
236 16 114 131 114 108 167 186 45 37 242 159 195 200 78 205 147 121 46 120
245 58 221 19 168 186 159 212 200 105 65 121 18 60 14 26 148 61 159 121
211 191 170 121 50 57 84 185 137 218 242 87 14 121 203 71 247 101 242 66
145 159 121 114 223 186 108 141 203 103 12 50 76 146 242 200 148 158 180 162
65 189 134 135 175 31 158 210 182 244 27 151 147 134 121 108 178 173 231 241
201 114 168 163 122 26 186 92 209 147 123 19 197 50 114 38 10 192 25 0
135 148 205 194 178 75 183 146 212 96 38 253 227 29 14 186 111 39 164 218
138 251 123 87 163 50 72 242 208 235 85 159 238 151 121 40 245 177 238 94
242 14 0 77 37 182 253 121 121 205 242 14 232 231 27 22 94 231 121 31
228 221 150 179 50 33 87 173 243 37 196 26 163 182 66 121 181 23 48 81
58 223 186 114 87 160 0 7 165 96 176 191 214 121 181 160 92 231 242 226
192 227 138 250 218 242 208 94 148 112 248 242 66 42 10 113 158 201 114 112
185 66 96 174 173 10 201 250 108 19 51 189 245 14 24 16 160 101 121 12
193 243 212 118 236 121 167 200 26 111 186 7 94 208 75 182 95 23 230 45
160 194 14 96 205 1 223 114 108 252 121 114 157 212 51 51 227 69 114 33
185 111 151 216 113 103 135 199 72 65 167 208 223 71 251 42 12 14 210 182
58 218 219 113 123 71 164 135 108 146 82 52 164 177 218 113 123 160 135 1
253 121 205 115 96 121 112 218 182 216 242 127 82 244 57 250 21 145 231 113
114 114 205 114 108 121 182 241 231 230 212 14 168 148 38 253 227 24 223 50
242 87 186 72 87 209 96 121 167 50 242 82 138 35 221 108 141 12 242 152
231 146 121 82 106 252 114 168 38 210 101 147 102 242 239 120 231 73 10 108
252 158 96 160 158 235 19 96 231 244 175 103 42 108 148 211 239 105 24 16
221 131 50 109 173 34 200 211 0 223 186 218 254 103 87 223 241 238 230 96
160 2 218 218 121 114 235 242 250 30 152 221 252 12 114 94 114 26 93 190
58 152 203 35 126 218 191 242 14 186 34 152 186 200 215 121 223 121 50 72
242 200 193 148 158 130 69 172 230 110 30 66 200 15 195 80 16 191 121 120
185 194 42 108 44 26 170 82 103 215 52 39 136 114 108 173 121 245 243 62
29 209 10 191 212 179 42 233 215 62 104 218 144 14 187 223 200 218 51 10
106 37 244 182 58 212 245 131 106 223 239 96 12 170 182 86 113 135 108 26
151 158 18 56 83 218 71 50 188 242 66 159 242 196 186 108 211 186 34 93
58 253 74 230 159 182 242 87 14 108 212 146 158 144 14 61 173 121 182 62
50 223 178 121 181 2 232 182 176 200 170 159 241 182 2 174 200 138 128 72
7 87 7 177 114 241 87 135 121 121 107 200 51 92 96 121 96 205 0 218
221 12 50 103 196 26 240 12 96 112 195 114 33 174 89 137 186 25 23 87
134 217 32 243 225 46 212 14 160 0 223 50 108 133 12 223 135 108 44 110
58 252 19 12 64 125 200 50 144 241 218 218 218 67 210 87 106 131 50 205
107 13 120 186 37 26 42 108 186 108 19 81 14 186 250 91 40 245 108 221
10 193 123 12 26 170 159 53 96 239 111 185 96 216 50 108 44 114 27 192
221 218 245 65 188 69 141 196 253 122 91 23 136 121 218 96 192 178 215 250
80 223 114 72 0 186 93 25 181 82 223 114 121 121 205 241 121 35 114 114
