179 114 114 22 223 181 159 121 186 186 135 148 172 215 6 200 184 42 186 2
97 201 18 250 218 96 38 50 206 212 138 252 108 242 179 179 62 121 187 83
160 242 193 87 23 227 242 200 108 96 151 45 248 163 253 10 186 181 189 188
114 134 138 96 109 91 81 14 96 112 26 232 103 135 242 87 216 108 26 163
50 124 144 156 152 233 242 14 14 186 241 9 82 37 96 212 96 113 242 151
58 218 65 245 121 137 200 250 108 173 121 153 108 102 40 46 108 207 33 150
253 115 223 14 72 83 196 205 106 108 178 114 242 108 73 23 196 114 27 223
106 223 50 69 23 114 72 158 174 114 106 69 247 114 33 219 114 4 121 96
24 158 35 108 178 173 2 27 146 25 242 30 66 85 175 114 186 223 186 176
160 245 102 58 181 181 242 127 2 200 51 145 0 182 26 108 152 164 218 58
138 96 136 151 121 182 38 220 158 158 103 66 186 148 11 250 176 144 82 90
58 106 65 0 186 108 3 108 212 11 104 219 199 114 84 106 224 104 114 108
58 218 38 96 50 122 51 218 25 242 127 127 251 50 66 231 27 176 215 218
65 212 64 25 121 96 121 182 61 176 66 208 192 164 218 232 58 227 96 168
23 163 23 75 134 251 248 135 242 127 121 253 185 83 186 108 19 221 205 131
50 251 42 136 114 121 178 96 231 151 251 248 168 189 152 221 26 217 34 112
138 42 87 110 135 164 24 147 106 122 186 230 212 96 151 242 135 82 199 251
242 200 96 3 108 141 102 192 79 121 158 181 87 205 121 181 203 164 181 93
153 151 121 52 72 23 58 179 12 162 230 14 38 114 121 41 245 201 200 26
192 173 242 66 83 236 200 182 113 176 160 219 108 66 185 163 126 25 0 21
138 242 165 173 242 114 121 114 121 222 235 242 200 26 209 105 56 242 66 114
242 200 193 204 104 253 96 112 38 189 223 186 186 108 185 186 96 136 182 172
24 16 10 114 215 218 171 242 200 195 186 114 230 218 51 121 141 114 121 114
126 218 215 174 237 108 182 182 242 127 46 22 186 160 176 144 96 21 244 114
16 1 160 219 148 218 189 56 87 219 108 114 121 58 176 0 114 29 14 76
231 46 23 87 135 200 250 50 56 209 158 96 96 63 251 73 33 52 121 194
114 108 36 158 251 106 241 14 39 247 187 131 223 186 186 186 168 195 2 200
194 16 144 158 186 108 20 96 66 240 13 112 78 208 50 195 108 178 23 62
252 146 251 242 127 200 211 182 100 26 83 244 161 240 33 21 10 215 121 176
161 207 56 96 121 182 242 14 26 111 189 151 182 216 108 242 200 96 219 33
58 74 114 121 158 138 50 152 185 111 104 208 214 9 186 186 70 96 151 121
250 108 69 253 178 250 204 158 158 95 242 109 109 23 35 45 35 158 106 87
107 13 114 58 167 13 136 114 121 100 158 50 218 51 121 127 208 241 87 135
221 170 242 85 22 4 215 205 235 104 242 200 42 121 8 75 215 50 182 126
37 240 165 174 45 176 13 192 114 205 218 96 208 219 74 187 185 185 151 175
215 108 178 239 242 127 212 14 95 104 135 121 200 238 30 152 221 50 251 56
58 102 230 182 195 182 242 50 113 23 30 152 179 114 114 19 23 62 173 198
74 198 69 199 151 216 106 66 141 141 121 96 168 151 231 31 87 27 35 114
65 189 251 67 170 175 121 35 114 121 148 96 112 182 245 242 135 242 136 200
223 186 181 148 13 112 163 81 3 95 66 121 69 208 58 50 0 222 218 96
74 145 69 12 234 207 136 12 107 171 136 94 168 200 75 108 88 14 96 112
192 108 173 121 19 52 245 211 160 175 121 117 122 42 34 136 50 223 135 231
192 186 108 173 104 242 179 31 192 197 234 170 62 242 200 210 250 218 245 69
92 14 16 27 235 30 200 111 182 95 231 62 200 46 241 103 181 163 244 216
234 9 137 45 65 14 211 152 193 14 253 254 181 181 161 151 121 193 143 69
37 146 82 195 16 251 42 6 2 136 114 114 27 186 108 114 121 35 114 112
161 144 14 239 95 95 91 231 2 20 108 250 252 220 234 14 77 22 112 58
205 40 65 182 1 114 121 114 148 148 242 196 108 141 186 9 247 96 186 247
163 144 165 113 106 108 46 93 135 200 192 122 163 26 96 191 77 248 158 185
28 141 182 189 204 100 252 252 50 251 56 33 108 212 14 107 71 203 0 102
186 20 96 186 181 247 56 96 127 251 71 93 120 185 181 152 189 250 167 186
138 170 219 121 209 90 230 223 50 182 113 77 135 242 106 214 121 114 27 26
50 233 114 121 234 151 0 3 135 195 197 112 232 121 242 87 161 26 127 182
192 164 218 242 200 26 111 94 231 88 173 121 230 45 110 243 199 135 242 229
163 174 186 203 152 31 172 131 114 135 114 121 59 50 16 108 113 108 59 231
245 211 31 58 218 51 122 239 205 106 182 216 106 209 106 164 218 210 87 253
231 235 30 121 96 231 20 13 114 26 50 108 56 218 113 244 7 135 242 179
10 96 51 23 163 12 177 26 18 64 243 242 200 186 119 92 182 232 96 45
192 186 108 152 211 23 31 135 87 199 242 45 242 66 152 221 24 123 12 24
245 91 208 238 94 248 131 37 160 175 2 14 218 243 173 251 242 200 230 114
223 114 216 252 211 131 50 133 58 223 135 30 42 81 203 16 212 100 92 96
219 163 12 85 196 113 108 192 139 192 173 58 95 176 26 144 14 230 30 76
146 158 18 215 218 96 50 56 25 242 26 108 20 148 24 23 140 33 12 203
252 50 109 121 182 58 218 96 45 210 251 173 121 99 16 232 182 135 178 118
