234 200 112 195 211 251 96 250 108 46 179 95 121 182 110 198 121 201 42 148
242 66 67 194 14 38 253 121 18 173 142 87 16 46 83 104 144 200 253 50
123 27 24 16 211 170 121 253 56 127 54 215 121 69 70 6 170 72 12 170
245 34 192 251 199 242 99 122 186 186 148 243 231 97 230 11 96 96 205 231
102 192 241 19 88 14 121 39 87 142 121 241 135 95 242 127 94 136 114 23
158 26 96 144 91 243 82 253 50 126 252 250 12 158 50 56 135 30 199 118
138 218 242 113 212 242 127 208 209 50 198 135 136 219 7 19 182 87 152 58
137 96 211 190 108 12 186 53 134 152 193 42 136 114 121 34 31 241 25 135
221 208 50 186 108 185 230 215 87 6 233 223 215 25 71 137 83 211 2 14
16 48 200 50 26 247 164 181 241 87 78 174 227 29 31 135 108 26 241 73
26 103 128 215 218 210 126 45 56 152 104 204 0 121 209 231 122 186 159 176
209 121 242 182 11 39 58 254 96 96 250 179 38 10 109 251 121 151 158 211
114 114 27 123 5 23 62 46 159 113 123 200 248 24 121 155 242 21 113 106
242 91 87 96 113 87 212 100 170 244 121 121 195 178 236 164 135 19 50 122
161 148 96 188 27 58 242 200 27 218 85 176 45 160 32 134 16 50 215 134
185 223 101 178 63 144 14 223 114 7 144 248 50 182 219 91 22 170 34 123
112 215 114 223 14 186 111 121 114 121 73 56 71 241 104 218 94 200 96 12
96 112 102 75 218 96 112 1 111 158 168 113 248 135 242 87 121 53 158 50
201 158 103 19 231 179 121 144 14 62 147 121 175 121 32 186 186 96 215 121
252 24 16 140 71 122 96 50 121 106 121 8 215 218 241 135 21 14 72 58
106 108 45 101 231 243 135 242 103 75 22 58 162 7 108 69 36 185 121 87
37 151 121 248 7 121 200 94 147 231 135 200 158 96 50 148 182 46 164 120
205 197 71 14 160 181 135 114 37 96 207 94 191 186 114 37 33 242 87 152
97 54 186 114 70 133 218 210 87 241 96 250 123 12 5 12 89 135 242 200
68 212 96 51 121 211 114 112 58 34 123 12 205 16 108 251 121 231 201 176
250 218 123 24 96 114 232 218 242 110 234 170 121 34 2 200 251 173 69 137
114 178 187 52 233 66 181 241 87 218 241 182 152 200 95 236 147 83 62 16
253 121 239 87 121 50 185 0 212 96 121 242 223 230 203 212 121 96 71 192
245 215 189 241 182 58 242 127 58 82 174 209 174 156 189 250 245 252 174 166
253 121 73 218 51 121 95 211 9 91 91 7 212 14 96 114 223 114 114 135
151 121 241 231 121 106 251 208 192 227 114 64 186 108 186 239 94 45 27 26
178 79 200 186 8 121 182 58 34 31 50 72 56 14 72 69 23 164 209 58
205 160 223 53 14 96 215 42 114 27 58 223 114 108 161 4 224 96 96 26
160 192 60 104 241 135 92 231 108 23 175 199 113 152 20 106 122 158 35 114
222 160 227 121 58 65 158 34 26 7 105 92 82 137 45 242 173 219 201 91
245 102 163 160 10 96 50 20 66 96 45 136 151 121 21 231 216 122 96 58
160 111 121 87 186 181 134 7 114 135 114 207 33 87 73 95 66 176 140 52
57 185 121 25 121 174 183 143 26 243 123 12 14 45 242 14 23 237 16 239
151 121 182 46 110 242 87 78 182 223 176 218 73 135 21 96 66 170 14 2
147 246 121 58 195 193 1 178 160 35 186 192 218 51 41 158 103 181 127 200
158 50 152 244 94 193 97 219 12 14 96 38 96 6 114 108 239 103 212 96
74 10 43 215 121 223 16 77 54 122 96 174 26 241 16 200 45 143 242 208
185 241 101 219 210 200 58 108 20 96 37 216 138 114 159 34 9 168 48 160
58 13 87 168 250 179 107 25 168 114 223 159 174 178 12 182 113 135 135 242
58 13 62 173 242 148 205 158 50 50 164 251 248 24 252 52 89 245 131 192
163 218 96 107 163 15 113 159 253 121 64 108 186 104 135 19 16 108 178 242
192 186 105 140 42 215 211 13 87 194 51 106 108 173 231 165 231 14 176 54
114 223 35 186 108 141 204 135 26 50 27 237 23 87 121 45 95 251 248 224
120 231 26 170 208 50 242 87 16 121 85 113 108 178 173 242 200 26 241 254
158 106 0 211 110 177 173 62 165 87 78 153 177 203 48 218 215 205 40 104
223 114 7 135 82 185 77 163 120 173 231 205 121 96 121 176 8 19 151 121
9 159 189 2 208 168 207 22 197 96 13 203 74 7 135 108 204 147 185 87
85 77 26 218 96 187 60 178 243 225 128 168 189 174 200 138 69 185 111 200
181 211 131 253 121 158 158 96 244 41 131 104 120 12 135 242 87 181 14 121
91 186 157 215 218 127 200 9 14 121 215 218 216 122 255 105 136 96 186 96
192 144 14 212 122 186 148 212 64 25 241 185 18 121 152 81 104 218 243 103
114 168 108 250 240 108 26 218 212 20 96 38 96 121 114 27 114 27 26 138
253 123 12 50 23 31 122 16 148 58 96 66 87 96 42 233 215 96 178 211
242 19 173 121 182 189 182 182 94 231 30 95 152 31 50 108 184 139 236 195
223 114 114 27 108 178 160 51 158 158 96 231 235 242 66 186 247 239 137 96
205 218 96 38 51 110 173 121 182 159 182 160 32 96 211 65 152 108 53 244
10 178 20 96 151 25 212 50 1 201 189 242 121 114 67 87 121 106 134 123
138 107 148 197 96 34 239 223 142 96 112 113 253 175 121 46 25 121 175 242
170 121 23 223 151 182 159 121 182 200 58 86 250 95 138 107 104 218 251 218
