242 200 186 18 50 80 152 189 56 135 242 87 71 14 247 189 188 195 26 51
62 104 135 87 110 223 170 14 177 239 160 144 14 173 231 121 52 94 121 245
201 121 156 174 16 4 14 240 193 160 101 212 173 231 95 242 179 108 178 167
160 194 148 38 121 174 239 218 96 45 135 67 114 205 121 58 35 131 50 200
52 185 126 170 2 14 147 69 128 219 7 218 50 10 35 158 50 111 185 18
58 135 243 121 34 170 187 189 107 218 113 123 113 142 19 186 114 27 13 182
160 53 108 186 96 186 108 186 72 173 199 38 34 94 231 131 135 96 103 164
205 10 186 108 166 62 212 104 50 176 127 26 47 5 123 33 62 12 16 250
114 168 114 165 186 222 186 136 135 242 2 14 186 186 108 186 148 41 234 14
144 14 164 25 121 99 203 152 90 87 209 158 148 230 203 182 113 106 252 192
10 215 138 82 185 72 152 151 147 75 2 212 234 51 186 96 186 108 186 26
58 24 188 242 196 174 53 208 192 31 114 182 52 165 231 241 182 215 96 160
221 26 220 96 121 205 235 242 82 170 73 127 200 211 230 159 186 95 121 57
131 114 223 114 38 201 186 108 23 31 56 96 34 123 232 182 30 234 223 38
50 76 121 106 104 200 42 247 163 12 239 242 244 234 162 96 48 69 212 251
185 234 170 243 10 185 233 158 63 114 204 121 96 77 63 151 127 121 106 64
176 160 227 18 114 114 135 38 24 123 87 51 121 253 121 111 152 231 223 197
242 127 200 51 168 113 159 16 10 184 96 195 211 178 69 137 200 51 185 77
201 212 94 243 62 148 178 20 181 211 186 131 64 207 113 135 102 241 159 186
242 148 114 239 26 87 121 121 194 121 112 210 114 108 231 112 232 253 58 16
58 102 243 123 26 244 241 96 174 0 186 181 87 23 218 107 233 38 174 218
60 142 96 26 142 245 12 212 96 50 12 205 235 242 230 255 244 121 106 26
112 205 40 182 215 121 108 26 103 91 223 203 205 121 170 177 153 248 7 186
102 58 32 194 121 87 222 242 95 152 148 191 152 127 243 10 1 100 71 131
37 196 200 58 58 73 216 50 63 215 25 131 106 14 250 23 198 219 121 158
58 35 200 45 35 108 197 102 58 251 50 72 95 152 175 242 182 238 42 123
192 151 52 209 163 67 137 45 251 23 87 163 170 242 148 110 39 87 42 198
228 218 96 96 42 186 74 218 191 179 12 175 87 121 96 19 218 66 26 78
102 163 72 95 235 199 83 223 114 210 56 62 186 108 186 209 250 107 135 242
140 34 240 212 178 242 14 174 177 173 251 244 114 242 221 87 96 215 42 218
114 121 209 138 160 51 100 200 195 136 200 168 114 108 104 135 195 223 50 72
107 141 14 96 165 103 82 20 250 179 22 108 186 57 87 77 110 72 121 218
10 205 32 50 247 189 218 224 96 50 251 66 95 121 21 66 58 123 229 244
58 158 215 91 160 87 41 240 26 111 162 96 110 11 66 96 158 205 50 218
58 218 140 114 178 223 230 182 231 0 26 92 16 247 92 200 185 18 193 200
128 158 108 121 114 112 135 193 23 0 56 251 173 58 65 251 223 247 211 247
60 212 28 160 65 242 3 152 207 136 114 72 203 170 62 197 123 95 21 9
114 16 102 197 242 200 44 54 95 66 23 227 3 50 72 114 121 205 121 177
151 121 114 223 115 7 251 219 186 189 96 71 12 127 26 179 218 123 121 181
114 244 101 221 25 4 111 231 5 72 95 121 182 58 121 96 106 27 109 223
121 135 151 51 242 200 186 205 48 231 95 82 72 221 52 56 123 95 236 135
178 144 82 104 203 136 200 152 170 190 102 1 58 218 189 207 87 103 101 62
96 231 242 200 26 152 170 69 120 16 160 227 147 177 242 66 0 242 200 195
160 177 248 163 26 96 113 111 251 231 20 200 201 201 247 173 242 87 4 245
114 173 185 212 185 186 96 38 218 71 122 186 186 93 51 142 148 124 96 121
224 209 50 34 22 116 170 85 66 12 72 152 186 108 164 242 21 121 24 200
160 92 231 176 173 176 146 242 187 163 26 131 242 135 200 128 121 50 199 158
121 253 121 253 58 77 91 240 143 62 107 251 50 87 72 196 51 35 114 223
192 186 158 96 159 251 209 173 121 201 121 121 192 121 200 210 39 31 52 128
74 164 215 25 135 200 58 58 96 83 196 135 158 56 123 95 231 23 218 54
253 121 68 212 188 97 16 96 38 65 103 209 48 201 108 26 92 96 187 186
209 231 121 209 14 223 50 113 193 248 135 242 242 95 83 23 148 218 96 127
212 96 96 50 58 160 87 14 207 199 18 251 73 87 119 203 181 23 243 130
52 136 114 114 27 186 114 4 93 50 76 207 12 218 210 21 131 106 251 208
231 146 126 26 137 110 211 241 138 218 38 237 186 203 159 48 38 209 14 14
124 215 16 160 211 101 121 190 87 109 121 205 131 50 27 108 122 186 170 177
65 19 13 108 52 253 35 19 87 154 158 121 242 191 223 197 174 72 173 243
242 200 26 96 87 212 219 221 207 216 197 96 26 241 87 93 196 242 66 127
186 114 186 148 41 175 121 115 84 196 216 122 108 106 197 108 250 25 26 167
74 198 163 186 18 100 174 31 114 236 108 121 147 243 45 158 145 35 220 139
151 240 136 200 211 164 19 158 218 50 165 46 95 14 134 67 92 121 195 242
37 245 62 173 231 201 106 46 114 168 189 174 0 34 16 193 81 99 46 114
205 35 57 41 182 216 122 26 83 96 112 212 122 50 212 204 50 218 244 121
58 194 14 50 20 231 216 200 186 203 87 14 110 121 87 152 193 11 26 17
