10 192 186 26 96 234 14 12 135 76 231 27 192 218 50 251 136 14 186 186
158 24 221 123 208 158 96 215 191 121 186 103 26 7 21 14 74 87 96 6
160 111 69 36 76 215 218 204 87 58 103 241 203 159 68 96 192 136 200 250
242 87 152 32 42 69 135 128 242 200 96 96 161 50 251 148 211 119 114 131
107 135 26 241 218 218 218 210 87 1 106 147 121 186 114 121 114 72 52 243
58 64 219 230 203 210 45 23 163 185 100 170 189 121 200 173 103 34 196 116
158 50 194 245 50 122 26 241 151 182 23 87 163 57 242 87 168 250 13 19
58 194 14 238 27 186 186 93 210 87 170 136 200 96 250 242 200 26 87 111
128 163 108 196 108 242 26 200 73 128 158 96 112 108 104 51 117 242 182 26
234 158 26 2 79 82 186 186 93 151 143 26 148 87 7 65 148 58 102 137
145 168 114 210 87 186 91 12 50 56 96 121 58 0 200 96 215 218 216 122
161 50 105 108 104 218 242 66 19 214 96 96 186 96 107 135 21 103 66 113
160 215 218 254 108 178 186 158 91 158 106 4 50 56 106 56 96 121 253 254
50 148 230 96 103 33 0 12 158 50 123 176 196 235 242 82 186 181 2 250
67 114 4 96 242 219 12 253 31 215 218 241 94 147 121 184 182 239 12 95
192 251 173 10 186 120 173 182 58 251 182 216 158 59 117 121 181 121 209 158
114 178 144 82 208 192 186 87 93 218 96 215 50 56 96 52 121 114 223 186
58 176 215 9 26 241 25 35 102 127 178 173 182 82 177 50 199 95 121 212
211 131 106 249 186 186 200 96 91 81 58 205 37 135 121 173 58 162 215 218
185 111 231 177 178 239 128 14 121 205 10 99 113 181 104 218 242 200 42 212
211 234 175 5 96 50 27 204 135 242 182 91 26 136 200 96 26 93 218 242
91 103 0 218 242 200 108 250 21 1 225 103 87 247 98 87 135 36 50 206
250 99 14 12 150 221 105 108 114 62 56 96 172 135 242 48 179 218 94 211
114 150 108 173 121 148 96 173 223 107 25 232 121 200 96 112 182 242 82 30
96 121 95 121 181 223 14 23 164 38 178 23 164 253 31 10 135 242 87 78
223 186 159 185 48 148 218 51 235 3 108 148 114 27 58 168 114 114 181 223
145 245 108 250 203 108 114 40 178 46 111 118 179 159 121 58 96 109 241 174
151 121 243 203 222 185 174 123 31 114 216 122 186 108 252 114 168 1 58 13
242 200 250 50 182 231 26 96 151 103 0 251 66 52 236 136 121 95 121 248
252 252 26 50 108 9 10 253 245 245 114 27 163 253 50 65 152 243 160 227
242 200 42 186 148 110 212 14 10 242 200 42 123 163 253 215 25 160 111 151
209 182 109 151 27 83 251 42 192 251 50 251 173 12 212 0 186 103 108 114
158 50 60 242 113 123 66 106 197 96 50 5 241 87 28 152 31 105 38 209
135 242 45 27 26 105 107 113 204 62 104 135 137 195 184 26 186 19 13 39
242 19 147 173 194 14 219 23 31 217 20 139 86 31 26 83 219 75 170 219
201 186 108 90 242 31 87 190 231 201 159 10 22 152 104 159 16 4 121 58
194 231 151 121 200 253 35 162 215 211 139 179 123 184 148 242 26 241 174 94
212 96 176 215 218 51 121 242 87 50 152 128 207 25 135 87 12 242 159 50
176 13 128 242 83 66 66 186 186 181 62 21 173 231 182 223 10 148 27 192
96 121 104 135 114 4 104 218 50 32 121 186 221 218 51 158 103 160 212 215
141 102 137 45 62 147 135 103 108 211 111 104 121 205 241 14 154 242 161 42
21 108 26 42 87 52 151 121 151 121 185 115 42 108 241 87 179 142 230 151
160 243 242 127 127 178 144 14 111 200 121 57 121 114 187 37 23 62 173 121
205 231 121 197 50 27 27 150 230 218 242 250 179 62 104 87 152 1 93 111
114 215 158 92 135 200 51 96 186 120 87 80 121 30 181 121 200 96 186 250
163 253 121 205 220 96 211 245 234 138 234 127 121 135 209 182 185 1 185 194
106 137 147 121 20 96 52 109 151 216 96 216 34 215 218 96 174 218 215 25
62 160 121 176 77 114 112 135 114 108 255 109 121 91 136 173 231 201 242 184
24 16 85 74 198 33 87 121 50 14 165 178 173 200 26 231 96 244 242 159
196 23 218 242 82 253 78 28 200 57 160 96 174 115 87 152 24 251 21 14
131 162 104 144 92 114 60 27 108 114 27 196 221 50 148 96 121 242 200 186
136 215 121 158 103 241 151 160 185 80 121 65 30 190 118 39 164 12 135 135
158 158 21 240 186 243 114 100 142 114 27 108 148 11 148 174 131 158 251 190
68 212 50 14 205 122 58 96 66 245 90 203 218 74 204 96 34 200 186 62
158 50 108 1 95 121 182 211 14 121 158 96 186 108 250 236 247 4 25 121
106 114 108 114 192 186 16 214 174 227 96 50 108 242 179 62 248 137 96 244
243 103 32 19 215 52 248 21 42 0 123 184 91 139 174 35 114 181 45 87
111 104 152 94 200 5 218 65 71 122 218 96 50 251 95 113 16 211 23 31
58 205 176 0 26 111 121 58 218 123 12 237 87 121 181 35 195 35 108 46
24 147 123 81 14 35 114 33 212 231 248 154 0 123 173 21 26 152 189 241
42 108 90 18 122 26 96 96 250 50 136 114 24 35 114 33 216 87 152 150
176 85 184 96 42 108 148 218 96 251 87 54 42 123 178 212 50 146 251 236
223 223 114 159 16 224 109 118 64 103 113 212 216 122 26 96 26 215 205 123
175 164 12 191 231 31 135 121 158 91 87 16 255 211 131 242 21 122 26 170
