10 212 29 69 212 102 204 7 46 186 69 219 111 13 242 200 182 165 208 242
234 175 48 114 168 189 87 186 96 186 205 177 92 72 186 207 242 113 19 138
242 200 87 218 26 215 179 227 159 34 31 50 5 57 121 52 154 121 218 242
245 51 56 96 135 128 164 121 242 87 14 186 186 30 96 234 2 152 203 90
91 243 251 73 25 192 144 14 14 247 51 101 231 123 72 114 84 173 121 58
163 174 114 186 108 114 218 32 10 120 251 50 72 56 244 160 121 114 26 108
105 227 35 114 223 114 27 23 61 143 9 114 108 23 25 23 199 186 111 231
228 50 27 63 126 131 195 123 218 204 158 50 245 183 26 162 247 81 105 128
50 116 16 4 93 219 62 212 243 173 199 151 121 2 12 14 135 164 200 218
164 218 123 12 192 227 230 38 96 186 186 105 170 14 223 32 113 223 50 61
194 158 197 106 136 114 108 199 109 173 121 103 34 223 230 101 148 245 243 34
182 10 143 158 96 52 59 218 242 82 251 179 36 242 14 23 25 173 69 189
114 200 66 121 151 182 26 170 121 93 200 42 241 50 172 65 103 211 77 78
163 158 12 26 96 62 44 114 27 186 108 133 218 51 241 123 96 187 153 114
58 18 241 56 66 96 121 242 200 204 193 254 245 74 110 243 177 62 173 121
158 69 93 242 159 230 189 121 122 251 11 95 121 108 178 52 185 41 242 182
91 144 14 186 26 247 96 6 163 127 144 14 121 158 2 134 14 186 186 111
161 50 56 121 158 96 215 218 191 56 87 76 121 9 219 96 200 136 200 215
200 96 112 113 107 135 160 243 242 127 208 215 37 113 42 215 218 113 212 64
242 113 159 182 66 87 111 185 111 77 27 235 186 108 148 96 51 27 45 109
163 174 114 243 28 114 10 26 241 108 104 154 243 135 236 242 26 96 66 199
24 16 211 94 121 182 159 121 58 231 113 201 251 50 108 242 200 96 42 186
50 34 104 135 242 203 148 218 250 245 151 121 97 50 147 212 102 27 235 109
65 242 200 87 40 182 212 14 152 242 83 212 14 176 85 181 148 177 108 44
242 127 66 33 87 121 73 71 173 121 147 121 40 128 223 223 108 208 114 178
242 148 6 147 147 121 200 95 121 205 121 206 104 50 251 173 50 21 113 31
151 209 10 65 196 59 168 114 135 5 235 77 212 45 46 122 19 186 108 23
97 103 21 148 251 66 87 96 26 0 113 131 45 23 103 181 62 30 66 186
163 106 197 51 152 46 56 254 148 9 111 242 200 245 102 242 215 42 198 185
245 189 174 200 197 242 200 26 50 241 65 182 99 143 148 96 106 122 192 26
242 200 186 50 100 244 241 135 135 242 76 147 121 106 65 35 108 255 37 196
223 114 159 160 227 176 114 195 178 173 251 242 66 199 38 96 218 96 114 135
58 218 245 218 215 87 135 109 253 241 164 120 96 173 205 68 212 50 240 96
145 0 96 218 253 242 200 231 158 37 165 200 16 166 114 112 38 58 34 202
125 223 189 108 208 185 1 170 121 12 111 200 96 114 168 45 45 121 182 45
242 14 111 208 158 105 245 242 200 26 136 82 253 104 121 96 72 80 197 41
114 218 65 10 250 50 0 210 95 154 180 87 66 210 83 231 67 242 186 57
24 221 218 74 15 198 196 121 192 144 111 104 14 111 242 181 23 123 199 209
251 103 242 113 209 133 58 96 215 144 14 177 163 142 26 144 14 113 212 58
163 253 121 209 185 72 36 118 20 152 42 121 92 223 200 251 50 66 42 240
58 218 181 50 216 122 218 96 251 10 135 114 58 33 223 50 27 192 173 251
185 21 152 126 58 174 251 50 165 173 251 12 114 108 211 27 186 189 21 10
243 103 212 170 121 91 123 12 114 168 114 27 144 14 77 107 189 121 131 210
209 137 49 2 76 6 1 27 215 197 12 16 103 87 118 181 135 51 121 92
223 114 186 186 120 96 85 186 50 65 141 142 170 176 215 242 200 186 108 26
114 18 11 215 158 103 243 103 148 115 123 123 196 114 19 42 121 19 38 151
245 46 104 208 247 69 242 231 23 164 135 200 250 218 51 212 231 108 100 95
103 113 87 7 241 56 135 142 113 121 114 27 50 242 19 38 95 66 121 182
160 50 240 66 22 186 186 200 230 8 168 114 50 27 87 12 126 184 212 141
24 16 247 105 218 96 67 31 114 186 108 0 121 245 234 215 14 14 186 212
163 91 173 34 251 253 50 240 34 31 2 8 26 50 103 95 135 60 200 11
151 182 242 200 96 144 50 148 111 35 186 186 147 76 110 103 87 7 223 218
53 11 26 241 204 13 87 168 189 159 131 3 96 189 182 81 251 114 90 16
221 87 218 113 123 127 122 221 144 152 92 3 95 66 34 113 185 156 170 231
205 242 200 208 58 107 105 56 13 193 15 61 136 1 221 194 158 108 197 96
65 91 160 134 167 114 210 71 209 159 123 12 175 96 121 96 205 235 24 96
114 203 115 50 173 182 219 22 77 144 82 127 219 111 30 84 122 186 114 211
197 22 211 50 65 104 196 113 87 27 160 227 242 87 77 121 158 148 218 242
23 135 216 50 122 230 218 96 24 28 178 48 47 251 173 65 69 23 23 87
185 127 91 151 21 221 87 218 71 135 242 196 16 211 178 121 56 127 200 104
10 128 158 18 84 105 227 205 159 135 242 114 218 210 58 96 121 121 121 181
37 212 102 158 103 92 117 135 37 242 66 96 50 148 242 152 170 103 32 33
163 174 242 181 234 14 10 152 142 96 26 111 245 125 200 186 159 121 37 242
114 72 14 108 199 205 103 108 100 40 104 35 102 114 26 103 218 113 123 232
