138 57 231 4 93 200 96 30 113 160 95 231 143 138 208 50 186 27 113 106
65 189 103 170 2 187 215 127 178 110 186 159 157 215 114 218 46 122 186 26
185 174 218 242 200 208 251 73 114 121 8 91 182 151 182 110 25 114 223 212
160 215 163 215 252 186 108 11 203 224 51 242 87 173 10 0 23 108 114 76
137 218 255 186 181 181 203 38 111 231 121 226 106 114 108 44 114 160 34 198
120 158 123 251 52 248 223 242 242 200 186 26 87 241 218 218 215 218 212 121
189 74 193 136 143 191 63 191 73 189 0 192 215 35 114 242 76 23 87 135
74 131 223 14 186 223 122 223 45 176 14 179 114 13 186 203 152 83 196 35
64 121 114 201 114 168 42 0 186 92 114 27 108 203 10 196 173 242 136 200
234 209 173 242 250 123 66 14 223 190 38 242 212 200 96 205 231 200 148 205
242 200 19 141 92 219 178 218 242 178 85 19 9 6 31 186 158 181 223 50
10 216 113 232 21 215 176 87 209 223 241 95 182 113 106 242 82 21 100 112
193 245 95 34 189 182 182 141 106 27 94 136 121 158 242 203 0 182 248 118
161 26 136 178 189 174 114 160 64 104 212 96 182 51 121 114 235 22 133 189
158 50 72 245 234 200 2 41 225 152 186 108 239 92 219 50 128 161 208 122
221 251 152 170 121 103 57 83 231 96 176 30 42 156 153 114 22 158 158 210
185 7 215 218 103 103 108 242 57 113 205 243 121 57 173 34 251 242 21 96
160 163 218 229 26 50 242 200 22 131 223 114 108 121 211 177 154 121 102 2
162 103 103 165 231 192 186 108 250 181 143 239 50 27 196 38 96 251 66 152
16 185 18 93 95 66 163 69 216 138 218 96 231 58 205 96 151 121 7 114
221 87 107 42 108 114 223 186 108 251 179 218 253 52 56 123 179 62 30 182
242 14 200 163 214 159 72 121 182 58 133 151 33 250 200 168 218 219 74 190
240 192 148 242 108 230 87 10 114 121 96 136 195 200 242 151 212 231 223 151
114 184 186 108 141 223 218 50 114 186 159 121 242 200 91 137 45 168 200 186
192 100 242 136 14 135 90 87 212 253 121 106 109 136 114 192 168 218 204 204
58 194 23 31 242 23 87 162 158 209 74 105 58 69 154 135 137 26 42 120
114 14 23 216 211 154 94 140 243 76 6 189 103 34 195 211 48 242 242 174
58 50 165 202 242 14 3 108 250 245 146 136 200 58 96 218 96 118 95 109
58 185 194 118 254 86 45 133 242 200 12 200 201 182 114 104 64 207 21 66
201 174 50 136 96 12 175 12 77 207 199 113 171 199 71 50 72 73 203 103
163 107 135 242 148 144 96 182 182 66 162 242 66 152 170 87 14 96 186 148
96 220 23 58 208 150 42 5 123 95 46 152 211 1 24 108 26 163 75 186
58 159 10 72 227 23 131 45 254 114 27 67 205 220 87 205 9 247 23 201
102 37 242 182 113 35 192 121 18 227 189 242 208 242 21 151 121 136 200 96
57 148 205 10 8 215 218 242 25 121 114 27 108 30 19 212 245 105 37 160
50 152 158 242 87 223 247 96 113 152 192 114 235 114 230 99 0 105 242 200
253 65 212 14 160 227 103 242 83 151 216 122 42 34 196 200 253 186 181 69
158 210 200 158 103 242 87 152 170 121 9 121 45 189 109 186 193 113 151 56
106 131 135 219 242 87 23 218 77 114 62 231 216 108 178 114 242 200 26 83
58 195 196 108 18 104 208 58 218 50 5 164 218 211 100 43 23 242 156 25
242 21 14 173 163 33 160 201 231 181 144 14 223 215 91 23 164 218 242 190
163 176 251 199 242 14 186 186 203 152 99 104 236 121 103 50 212 160 103 176
58 138 227 123 218 174 162 14 121 253 209 231 22 58 35 163 210 39 123 95
209 209 18 227 50 0 96 91 131 106 158 51 16 194 14 97 236 200 51 136
92 16 46 108 163 253 107 218 24 123 152 80 24 150 179 62 87 152 14 33
138 218 204 56 96 171 83 121 185 23 218 242 19 97 91 158 193 102 114 108
242 87 120 0 108 173 188 242 208 203 102 218 235 179 179 176 222 33 0 212
242 66 83 39 164 50 27 163 253 241 123 162 144 14 121 248 61 182 210 1
145 159 10 107 25 229 20 96 96 112 38 106 233 121 114 72 152 192 121 8
112 195 197 85 165 23 198 87 76 24 12 131 58 135 216 50 1 145 210 46
114 24 108 211 189 189 242 191 240 247 138 175 242 208 50 14 186 163 185 110
86 211 152 234 200 96 192 210 203 24 207 95 21 56 96 186 106 108 186 108
114 104 218 50 26 247 131 203 152 46 108 203 12 114 72 121 164 135 173 251
242 21 25 187 163 12 106 56 231 96 50 242 196 50 33 135 242 20 152 21
234 158 96 50 103 108 160 160 227 7 135 192 26 241 42 218 144 14 62 35
58 194 14 87 78 22 19 82 186 19 127 82 239 179 252 185 18 95 219 22
50 77 164 218 254 212 46 251 66 137 208 247 170 85 102 242 26 87 122 186
138 242 66 121 112 50 27 56 135 242 179 84 23 0 218 121 135 242 200 211
114 14 109 219 26 120 201 137 136 200 50 226 158 251 121 56 208 241 87 241
160 194 91 227 159 123 91 87 76 83 177 221 251 50 80 216 122 91 110 45
114 72 158 209 18 7 11 244 56 147 121 253 121 96 231 176 177 223 16 108
242 21 76 189 242 177 163 205 114 197 96 46 91 186 186 103 93 50 1 121
253 12 242 66 42 50 199 198 23 144 83 103 21 218 215 151 212 148 242 152
223 114 203 152 114 237 23 131 135 123 0 34 95 33 223 219 94 242 239 114
