160 245 10 186 193 108 45 143 51 56 218 242 66 42 164 163 243 160 245 171
242 0 186 186 20 96 158 163 0 216 207 208 242 21 66 104 200 58 181 121
248 37 50 122 113 107 105 114 223 120 103 34 87 16 237 2 178 85 26 141
196 223 69 212 94 44 114 8 114 223 87 27 188 160 101 135 109 144 93 200
223 50 5 123 20 45 165 231 135 179 114 223 151 244 154 172 135 193 0 114
158 135 242 200 192 184 141 215 25 87 147 121 185 214 50 7 144 11 93 219
242 179 182 242 14 52 94 82 120 10 207 50 136 135 242 21 66 152 147 244
176 215 218 114 33 12 72 212 204 151 121 176 242 208 58 10 167 173 34 55
160 194 182 113 212 51 121 137 170 12 242 196 11 26 96 62 54 96 114 41
10 148 245 145 208 186 158 51 158 51 56 244 242 178 168 151 182 216 14 16
102 219 114 134 175 31 50 72 105 158 106 51 123 34 104 231 26 240 160 96
10 186 0 241 3 71 252 50 50 163 121 65 103 75 230 230 6 87 152 189
151 193 243 135 242 87 209 186 103 81 25 121 189 230 9 103 21 179 97 3
245 112 38 253 223 242 200 251 96 121 182 242 82 26 50 239 64 27 41 147
196 26 105 50 160 105 241 25 96 239 114 207 95 113 152 10 1 185 103 207
97 51 92 203 240 252 192 121 186 88 121 195 200 201 251 179 123 230 171 199
58 194 14 144 152 1 250 196 38 223 87 82 96 217 62 186 108 26 186 241
169 56 208 121 218 151 160 32 121 74 21 121 209 10 230 96 223 69 204 208
99 145 159 223 148 218 160 237 197 27 144 150 170 242 200 183 144 14 186 14
58 93 82 239 26 103 103 221 26 200 96 250 218 251 66 240 199 113 121 87
160 92 158 103 135 128 168 114 135 51 193 131 108 173 121 58 223 218 96 215
163 52 253 121 121 205 223 160 34 2 14 186 108 186 108 46 182 65 182 42
58 158 50 233 15 211 177 73 53 186 131 114 192 144 121 43 215 186 70 96
102 242 87 110 212 146 7 218 135 200 195 112 242 244 87 223 14 27 245 108
243 241 255 218 218 121 34 58 50 170 121 194 122 250 12 242 123 12 96 223
74 243 135 121 146 182 113 152 113 16 14 121 106 121 182 102 160 235 66 186
55 163 253 58 200 137 215 26 83 92 242 200 114 106 5 123 182 182 223 147
242 200 137 30 12 99 23 181 7 160 237 16 114 108 114 217 212 88 14 72
253 121 223 50 173 207 123 95 21 100 230 99 218 96 231 50 235 242 35 81
223 186 186 152 159 50 72 121 245 211 120 121 16 108 114 163 186 163 241 174
74 194 14 96 50 121 12 203 180 171 42 92 242 200 14 80 170 121 193 243
145 254 147 19 231 205 223 120 12 200 58 127 215 158 207 242 176 208 50 176
24 16 193 197 108 173 231 62 203 123 19 12 182 182 12 45 33 23 164 215
205 198 121 242 14 239 158 102 163 24 94 147 85 242 102 87 209 168 151 102
160 35 211 14 215 113 107 186 186 108 192 88 76 3 242 200 195 136 114 38
74 242 182 113 106 182 51 212 96 38 209 16 4 215 87 14 242 14 195 21
157 189 66 73 135 21 9 71 135 197 108 173 34 136 223 208 58 252 250 50
201 171 212 107 92 135 199 231 197 50 72 242 95 23 163 112 176 160 170 215
98 67 114 108 203 23 25 135 114 223 14 186 108 18 186 186 26 83 245 136
242 66 42 189 251 12 96 50 2 178 87 208 58 231 135 242 200 218 242 200
242 200 26 111 170 223 0 230 114 67 22 178 239 104 158 144 243 242 127 242
192 218 96 205 34 189 241 218 96 58 34 200 58 245 210 151 95 251 52 30
192 194 14 186 203 100 244 87 28 200 251 173 34 26 83 231 192 56 66 24
58 176 218 241 122 50 242 190 151 147 121 87 212 96 250 108 141 141 215 178
211 14 212 14 136 92 76 77 168 22 158 50 242 47 39 106 23 87 181 114
5 227 106 121 211 101 76 121 110 108 199 215 212 96 200 238 0 185 163 160
151 173 121 243 30 62 173 200 209 243 102 158 106 6 8 200 96 50 254 114
223 186 181 87 83 242 96 112 135 193 146 147 121 223 114 27 192 235 242 200
42 107 123 136 159 76 45 11 83 174 147 231 158 160 227 121 100 170 189 139
72 173 242 133 47 121 50 87 76 182 215 218 96 23 189 189 242 14 230 189
91 158 242 200 26 96 6 147 121 34 126 58 13 39 12 195 26 50 30 179
253 121 64 200 96 96 176 103 50 189 191 121 188 58 245 2 12 122 201 211
121 128 251 50 233 21 5 227 210 108 178 141 212 211 186 186 186 163 212 51
58 245 248 50 76 110 147 102 118 11 199 242 14 242 200 205 12 219 223 186
10 215 182 244 35 26 163 253 173 35 58 179 31 241 87 0 170 121 158 158
211 10 96 186 212 121 205 37 91 193 176 160 237 108 104 212 219 167 131 106
158 4 118 14 186 148 96 121 182 86 250 204 240 207 26 191 157 177 241 218
242 200 27 104 4 64 96 186 26 186 120 96 66 42 110 114 114 181 144 185
161 208 158 230 190 135 242 200 242 203 152 42 121 230 218 212 94 231 21 152
242 85 218 191 242 127 153 114 223 135 200 50 251 42 114 121 57 121 182 215
58 218 215 143 134 196 47 30 113 63 14 131 243 102 103 252 37 19 16 1
16 188 26 103 158 96 196 242 127 241 178 103 96 121 160 237 186 186 108 160
245 211 211 185 14 121 99 193 27 131 26 0 211 120 158 96 250 176 165 152
92 182 242 200 168 45 113 176 242 87 14 190 108 26 111 113 159 118 147 121
