192 178 186 107 135 182 114 134 245 183 96 58 231 58 218 144 39 96 121 120
58 96 243 107 190 186 108 221 207 56 21 224 226 27 210 2 12 94 10 241
96 176 223 174 72 173 121 173 121 28 133 58 151 212 254 181 114 114 87 87
221 50 148 178 160 227 181 87 35 161 25 242 87 14 186 186 99 104 242 38
251 21 152 252 28 106 27 144 182 216 14 218 73 122 26 108 148 82 213 242
203 160 136 242 14 186 181 223 3 242 82 2 141 85 200 186 205 147 121 245
114 28 168 74 199 185 185 111 92 185 147 103 135 200 251 173 37 201 107 218
10 114 235 30 76 83 121 50 251 208 58 190 96 186 121 120 137 200 231 58
160 103 113 27 108 242 82 242 50 87 23 103 87 23 218 105 227 87 14 121
201 160 74 136 121 135 242 66 207 190 75 108 208 197 181 218 215 136 192 121
134 50 105 27 112 113 212 64 21 108 46 18 251 50 72 251 173 193 209 239
186 200 50 205 10 111 200 108 34 147 121 178 59 200 186 245 216 122 22 34
151 243 62 131 8 21 221 52 136 192 101 121 184 112 232 121 158 200 58 238
10 182 205 102 242 203 157 109 22 114 27 233 135 242 200 42 168 241 207 113
58 13 21 243 123 34 24 200 150 78 121 181 173 96 34 186 186 135 242 42
158 21 56 42 92 29 14 121 239 242 200 30 152 192 178 0 231 192 186 144
192 160 210 44 200 148 182 210 2 252 218 51 212 151 121 182 58 69 110 83
226 178 160 85 51 121 227 223 218 242 39 164 160 245 11 96 186 131 223 114
10 186 52 121 96 45 217 102 242 200 108 241 45 207 2 108 153 137 218 141
242 127 203 62 223 114 223 186 108 186 148 211 41 87 168 151 152 192 91 121
163 253 40 251 12 153 148 205 227 159 78 174 72 136 200 58 223 242 179 241
151 121 114 38 114 218 174 11 250 242 20 106 121 38 160 223 186 241 218 96
160 154 245 121 158 146 136 200 106 65 5 144 242 109 186 93 200 108 104 50
52 114 200 253 241 41 23 82 72 231 242 123 136 14 110 144 241 14 114 0
253 121 26 200 186 137 250 91 163 15 96 251 167 115 230 96 205 103 186 186
160 227 242 87 190 23 87 27 135 242 208 200 50 148 242 90 186 186 93 6
192 186 108 90 230 87 215 96 85 214 42 202 53 114 197 196 109 186 26 62
248 194 46 14 189 110 74 177 21 223 113 16 173 10 160 4 217 92 96 96
221 223 14 239 172 160 168 203 152 74 87 230 187 110 8 97 247 186 224 211
96 121 223 200 96 91 103 95 242 127 82 151 182 20 152 31 8 67 12 205
37 160 209 242 189 74 136 200 48 242 66 196 96 231 242 200 26 96 118 244
51 121 248 135 242 200 152 114 195 144 14 121 181 152 170 243 177 177 21 66
52 1 24 147 121 156 31 158 50 122 26 96 174 53 250 13 131 50 101 231
74 243 121 223 203 194 231 109 186 148 242 200 22 186 19 28 87 186 148 26
26 142 212 148 26 73 135 210 2 22 170 48 69 252 102 114 114 35 114 27
112 107 251 229 218 218 242 66 19 12 204 135 189 136 14 186 137 218 51 194
248 145 14 69 242 127 11 170 20 14 158 231 196 188 242 200 209 151 160 41
58 34 208 144 14 103 108 141 85 244 23 121 248 123 66 186 215 171 103 23
185 111 219 108 135 211 241 87 87 190 25 121 157 216 113 51 231 52 172 198
186 148 218 210 248 27 186 108 26 198 121 245 91 23 114 72 87 195 168 20
37 196 108 56 96 253 0 96 66 241 186 186 121 248 223 147 48 231 2 25
10 215 103 75 25 14 10 186 201 51 96 231 230 45 182 58 242 2 152 182
107 105 108 18 164 242 50 21 107 123 123 199 114 72 131 117 65 189 179 218
248 223 203 0 243 103 87 242 200 152 114 92 248 190 14 253 247 53 96 121
58 13 50 172 241 218 182 142 195 26 241 218 107 25 121 164 37 242 127 208
242 14 186 203 35 147 95 121 176 64 104 33 208 223 50 108 114 7 212 100
58 50 240 196 158 186 200 96 201 176 144 162 203 152 186 217 71 113 147 103
97 168 6 189 23 218 51 121 242 21 254 96 186 96 67 42 186 211 144 85
160 114 121 245 136 219 195 147 147 222 73 215 218 217 71 251 50 56 25 96
170 121 114 22 23 114 163 253 12 35 114 252 192 108 26 123 21 146 128 160
231 251 66 83 179 31 138 50 251 152 136 20 91 97 96 96 112 74 84 242
106 131 27 0 114 192 186 245 134 242 200 186 108 173 201 199 50 215 178 212
237 14 250 87 21 215 25 243 164 134 49 7 50 5 251 179 113 232 212 148
195 37 242 179 123 31 51 16 121 182 120 123 231 46 23 152 108 46 173 223
16 114 121 11 83 96 231 201 182 96 113 27 207 87 51 216 223 14 12 114
160 120 114 144 14 121 83 48 225 135 242 170 162 103 19 170 62 21 215 65
159 242 148 212 96 186 201 151 33 194 141 230 182 163 218 103 87 241 120 75
145 182 215 230 218 242 113 182 152 108 148 182 96 121 176 144 203 223 0 31
201 105 123 218 210 12 150 152 26 21 164 218 212 231 108 26 87 96 92 70
242 76 234 2 151 147 121 248 223 186 186 186 62 173 121 41 45 232 96 122
192 192 186 212 96 19 172 65 87 85 66 186 93 244 3 223 186 186 203 103
39 164 96 219 235 38 50 242 51 123 66 219 186 108 30 12 228 0 232 45
243 227 159 230 35 192 23 23 35 114 27 112 114 16 131 114 4 182 182 26
50 1 41 177 143 160 215 121 198 178 158 239 104 135 240 71 71 238 185 61
