192 189 182 105 96 58 103 252 50 66 83 182 94 66 231 122 2 205 26 241
253 121 253 160 121 121 114 197 50 109 121 120 221 87 96 42 10 136 135 30
50 251 229 52 128 87 209 121 26 215 252 161 50 87 209 103 87 170 121 12
58 102 242 21 152 189 141 62 212 96 215 12 242 203 16 197 160 10 38 13
107 13 87 14 148 96 50 242 208 71 186 186 108 83 39 56 208 241 87 96
242 14 239 136 200 96 235 242 26 83 7 203 8 25 242 203 160 171 212 143
192 96 219 26 103 57 121 95 32 248 50 121 114 108 239 46 87 167 186 108
58 218 64 131 158 50 114 84 146 163 160 144 248 215 218 204 56 241 218 96
253 121 106 187 197 56 210 30 186 102 52 209 96 199 158 109 235 242 151 244
128 158 171 91 211 87 121 114 135 114 235 26 42 200 226 1 250 219 108 221
192 121 159 247 218 96 241 194 231 87 135 165 14 121 176 75 218 96 96 26
192 178 131 235 242 200 96 195 168 114 0 135 65 212 96 219 10 26 111 170
91 158 106 237 108 182 207 176 144 200 125 123 33 130 121 182 118 20 242 3
57 147 121 221 158 211 110 178 211 96 121 205 72 35 144 178 92 114 96 87
242 87 168 14 77 212 215 65 207 56 191 216 237 76 32 82 186 247 69 219
64 160 163 174 114 108 230 245 6 216 108 92 158 56 218 94 143 196 173 251
58 122 10 186 33 121 53 14 186 114 7 215 96 205 114 23 37 172 114 14
97 186 186 207 204 102 242 200 112 113 106 50 240 147 121 73 0 87 152 108
55 174 159 230 159 54 182 141 50 84 218 103 189 170 141 73 32 152 136 58
160 41 231 212 121 58 240 147 0 198 95 242 87 186 186 253 163 50 63 151
114 187 223 69 113 106 72 252 207 12 242 212 50 165 152 196 26 25 12 50
221 158 96 121 211 227 194 14 165 151 121 186 18 14 239 103 31 105 7 135
243 242 200 73 218 241 56 25 154 15 111 147 121 115 205 197 114 181 186 75
158 144 127 104 13 87 7 50 172 135 114 181 33 114 186 114 121 42 95 121
58 96 215 218 232 242 14 114 27 135 50 251 248 44 114 223 189 203 66 231
37 11 20 244 215 42 121 218 51 242 216 215 218 50 151 240 121 121 182 113
151 121 216 108 26 236 128 102 26 240 244 201 212 96 232 107 135 233 82 209
192 181 39 136 87 135 127 54 42 16 193 165 14 185 34 136 38 16 121 209
185 103 189 121 226 233 223 218 218 51 121 242 135 21 6 243 14 192 31 122
50 144 242 87 19 209 146 16 28 227 194 226 25 242 200 96 51 121 45 135
117 26 170 14 223 38 239 158 242 82 170 242 208 82 121 189 73 189 20 96
185 194 96 151 121 11 20 107 96 113 212 121 127 21 152 182 182 96 242 200
244 201 176 215 192 218 96 50 148 158 242 30 133 3 108 133 34 200 153 251
21 144 14 121 58 96 121 176 103 102 136 200 175 223 219 53 232 96 26 96
144 82 12 231 212 242 38 121 79 231 26 208 227 123 218 150 242 189 174 72
114 251 50 61 0 135 209 168 148 124 62 147 121 114 27 242 87 152 52 9
158 18 56 135 231 50 242 106 235 26 131 242 127 208 144 162 14 215 102 241
106 108 137 108 173 40 69 146 242 127 208 20 32 186 186 186 239 207 95 66
192 121 96 200 231 223 186 92 16 231 121 176 100 94 94 121 243 150 163 201
163 174 6 211 186 121 227 247 218 133 218 212 50 242 66 23 243 74 87 160
242 14 148 163 205 245 145 14 212 185 26 158 103 241 218 73 107 251 19 50
242 87 23 223 189 251 135 91 242 95 94 137 200 96 50 50 210 182 216 58
192 186 148 26 96 96 87 215 102 158 65 69 135 199 242 151 66 121 201 115
158 69 163 218 96 121 205 242 200 178 184 51 152 10 242 200 99 109 186 96
242 87 152 113 108 182 152 31 96 205 220 96 136 29 14 186 105 178 108 30
107 25 200 96 179 136 208 27 158 160 242 135 247 180 101 23 12 45 23 31
69 219 221 26 241 218 242 66 179 136 50 123 87 210 120 16 69 223 50 152
205 235 50 218 148 227 35 250 179 16 200 126 218 242 95 66 231 109 242 91
192 178 104 219 12 45 179 197 69 26 42 193 243 103 0 192 227 3 22 242
58 194 14 215 218 109 121 182 54 96 126 11 96 26 181 185 218 241 218 242
153 114 62 143 104 14 170 121 94 103 66 181 87 203 96 121 248 223 186 87
58 65 113 201 121 248 14 86 12 50 48 188 243 58 219 219 23 160 218 102
74 192 104 121 205 218 113 231 210 2 200 114 27 150 108 34 163 102 30 109
14 16 114 121 96 121 205 114 235 1 106 247 181 245 6 175 199 121 81 10
205 186 108 247 99 108 26 96 121 170 242 109 244 218 242 82 196 242 57 50
12 26 169 160 219 242 14 170 61 16 108 160 227 250 108 251 12 158 114 235
138 114 24 108 239 175 103 32 154 96 151 244 121 99 186 27 50 103 79 87
158 197 242 148 218 96 50 251 91 105 87 121 35 170 87 135 200 205 96 50
192 186 26 131 209 14 114 142 253 241 181 180 96 112 151 55 182 250 96 50
242 200 230 31 241 135 108 94 121 223 0 87 154 144 14 121 192 14 189 179
74 131 242 110 31 183 252 253 50 210 212 242 178 12 251 152 207 135 242 179
209 196 104 95 56 31 24 16 187 122 42 34 62 186 103 103 75 2 127 242
88 10 67 163 223 0 230 14 241 87 230 189 182 126 218 56 158 171 96 26
230 49 185 220 96 212 96 126 114 239 103 87 230 110 160 35 108 210 182 182
