245 46 66 121 192 18 131 158 96 50 56 87 121 158 96 96 38 114 35 158
58 194 14 96 83 231 123 12 114 56 178 23 163 113 242 14 109 175 121 58
50 189 34 16 130 158 226 87 121 242 178 103 66 12 104 135 199 69 160 42
97 107 50 61 26 103 200 84 116 208 50 65 96 93 159 84 236 114 23 87
58 194 14 205 76 96 51 14 121 114 235 114 218 51 227 123 45 10 45 121
145 38 223 189 251 151 200 96 173 242 23 62 114 197 50 95 121 182 26 241
43 242 82 242 127 200 51 108 46 30 12 45 122 121 253 13 128 13 136 135
58 245 113 16 244 7 212 146 56 24 105 235 242 200 242 200 186 114 108 100
242 66 14 217 102 242 142 187 218 51 240 121 243 184 231 212 67 50 158 96
245 194 14 50 176 188 248 163 253 40 196 236 114 22 209 245 45 26 103 239
158 220 11 107 250 50 50 67 63 148 182 242 176 160 242 196 116 82 39 241
161 50 46 147 121 181 203 12 104 135 123 12 135 251 185 107 25 135 121 114
58 224 223 135 242 127 178 85 107 186 148 41 182 70 181 182 114 23 114 28
102 160 131 135 208 241 174 124 16 235 242 148 218 51 121 58 242 231 189 219
58 194 14 61 215 108 26 215 218 96 73 218 189 182 242 231 211 23 128 101
160 215 189 103 123 136 191 121 158 251 50 240 182 215 31 215 218 204 189 25
192 186 186 92 72 133 96 121 205 251 21 98 52 121 205 223 190 223 14 136
94 121 136 200 26 50 5 121 185 177 215 215 42 243 123 199 121 92 114 235
212 200 244 191 32 96 42 228 218 91 189 16 160 242 148 223 218 182 242 66
24 147 212 14 121 189 75 26 73 53 211 14 113 34 227 114 27 108 186 147
58 158 224 96 118 83 96 93 114 213 148 26 92 242 87 152 114 108 146 121
151 8 29 14 66 121 107 200 207 197 50 242 21 1 102 192 218 96 58 218
79 121 226 233 118 179 108 116 148 211 230 87 182 85 196 67 114 96 73 114
242 21 66 217 221 26 50 113 69 135 136 19 168 135 200 96 250 179 12 252
96 69 242 196 242 134 82 158 108 126 218 161 241 50 205 242 200 6 75 207
158 186 243 92 135 123 200 211 42 198 251 75 21 98 103 176 219 103 77 27
221 122 42 108 26 103 108 126 45 223 186 108 109 186 108 26 218 65 65 160
99 97 173 223 50 93 164 195 23 62 147 121 192 242 189 203 182 51 19 194
201 58 194 23 176 82 253 227 69 113 212 106 14 121 58 241 252 51 123 208
247 114 203 23 135 121 10 114 112 30 66 7 186 159 12 186 136 38 158 144
211 58 50 66 152 34 55 250 179 122 42 186 200 45 163 174 205 136 114 27
58 241 87 31 158 50 27 122 26 76 109 23 242 174 200 96 253 174 104 103
144 14 137 14 195 94 231 235 119 184 96 151 160 215 96 37 196 46 47 209
43 244 176 215 91 196 26 241 123 218 162 243 242 50 87 121 158 158 251 91
234 127 127 178 245 133 170 203 106 31 148 190 215 121 15 189 103 87 215 50
114 27 37 182 46 82 26 241 241 174 200 42 192 251 218 255 52 27 139 199
99 50 67 210 211 76 185 40 56 240 186 108 250 80 207 2 218 242 160 96
158 231 114 220 208 167 34 144 14 121 248 163 96 58 69 50 20 175 121 34
186 8 62 30 142 212 14 102 2 200 12 242 87 14 50 216 106 113 108 165
205 34 234 121 50 121 242 200 26 241 87 14 212 146 16 214 232 96 118 138
58 223 161 50 151 121 248 80 242 101 147 121 34 168 204 96 66 164 12 114
74 243 121 176 85 242 82 219 230 151 154 123 170 121 248 7 135 136 114 38
24 135 108 184 148 171 1 114 62 147 121 144 83 92 251 231 121 117 11 51
242 87 152 138 218 231 123 204 231 203 212 231 58 200 138 113 96 247 215 178
31 151 222 121 56 231 135 128 158 106 237 108 178 152 133 182 151 160 103 19
50 147 103 176 177 205 223 239 26 87 19 215 25 25 248 135 212 231 102 242
58 218 12 158 168 239 148 242 178 186 203 99 31 135 242 142 42 194 170 222
175 177 106 114 187 23 0 208 38 56 81 218 242 178 50 44 50 44 136 176
185 194 215 144 152 108 26 103 179 218 113 123 114 14 12 58 218 25 163 24
26 136 178 223 242 87 14 23 12 45 23 136 218 242 178 184 212 96 151 242
50 48 135 163 7 114 4 245 158 19 231 108 231 223 251 209 44 26 156 92
58 114 108 121 108 121 176 219 201 44 114 72 123 176 243 106 235 39 87 96
37 196 201 191 176 67 61 113 50 87 152 113 109 121 201 23 211 195 223 151
58 194 196 106 56 122 26 144 82 114 239 158 242 142 26 170 107 113 205 231
114 18 114 108 62 104 50 1 100 170 121 148 205 192 121 178 191 121 160 35
205 121 66 251 173 242 208 131 96 54 6 161 218 51 92 135 135 200 96 250
200 242 200 26 218 50 50 66 134 122 4 133 158 103 25 242 12 114 7 113
145 103 0 26 148 114 9 194 14 38 218 242 176 114 131 142 96 219 96 186
201 193 97 92 200 168 212 251 50 200 96 113 212 50 135 210 7 146 12 114
58 194 14 186 170 121 158 252 50 26 96 37 242 113 66 121 230 212 14 231
114 200 26 108 104 251 139 231 7 204 135 3 46 218 113 212 158 56 50 87
205 121 205 223 69 113 200 152 170 200 113 95 212 243 123 123 184 112 1 212
253 121 242 200 44 114 114 186 239 73 53 14 212 96 46 144 82 52 136 114
223 3 218 182 216 163 50 251 121 106 216 122 97 121 57 121 182 242 66 42
