192 237 14 186 114 26 181 159 242 14 96 50 242 200 96 26 96 211 100 9
211 122 223 186 108 139 57 139 121 96 112 113 212 96 113 19 101 119 45 1
58 8 245 221 87 107 186 170 187 230 14 218 224 96 96 96 186 108 26 111
10 114 26 121 241 34 247 14 100 250 158 235 96 250 20 96 176 71 251 216
10 163 34 112 10 135 163 212 94 200 163 75 211 111 251 99 235 22 102 143
74 163 174 182 205 77 236 28 245 192 223 239 26 96 178 106 38 50 251 173
231 146 4 144 96 113 121 26 228 200 51 96 52 37 248 65 182 135 242 127
158 231 197 120 242 151 212 121 253 121 106 80 87 46 186 186 26 241 87 241
192 178 212 107 25 242 14 65 102 182 93 185 252 32 209 67 26 209 14 4
57 210 200 26 144 82 253 121 195 55 189 182 230 35 252 250 21 113 106 182
58 194 14 96 186 148 218 96 205 50 136 205 231 235 242 200 26 93 230 178
221 50 56 42 123 34 84 209 167 186 186 93 186 170 121 101 121 243 121 106
151 182 86 26 6 200 116 147 192 243 65 141 215 96 144 14 243 121 58 221
243 142 151 52 50 128 87 111 251 96 231 26 113 215 108 223 208 241 174 114
245 248 23 163 17 27 58 218 151 251 134 240 175 212 113 173 242 200 22 108
64 108 122 126 186 93 87 7 114 135 108 173 220 96 203 170 121 195 58 78
35 108 121 200 226 185 50 172 66 242 182 182 182 215 218 50 251 123 12 241
102 158 37 110 98 103 114 135 21 64 52 251 209 56 218 11 208 242 196 173
58 93 171 212 121 250 50 242 14 148 212 34 50 37 196 27 150 96 50 226
107 16 148 26 170 254 96 30 31 26 170 14 94 106 121 151 254 141 39 212
196 211 87 96 23 128 87 111 101 121 242 200 148 26 41 62 150 231 12 58
185 163 12 205 200 72 122 186 26 96 186 200 250 170 106 58 181 127 200 239
176 215 96 219 235 242 200 23 0 181 152 147 121 103 176 144 82 85 70 152
163 253 122 250 236 223 114 218 50 110 173 58 231 175 177 218 96 251 202 200
58 218 216 50 122 42 114 135 91 63 212 236 108 13 69 121 50 27 160 65
223 18 241 174 6 161 50 80 147 231 121 248 110 147 34 214 96 186 148 178
253 24 16 123 136 200 231 20 14 27 113 135 92 126 58 136 102 14 182 113
242 148 131 224 242 115 209 143 14 64 186 96 51 121 158 108 21 10 175 223
178 1 185 50 151 103 108 211 23 136 80 45 121 182 223 94 200 78 108 239
107 13 30 199 237 108 182 23 175 103 23 31 114 210 131 12 114 114 114 223
242 189 202 174 121 22 114 134 76 45 23 186 211 121 248 163 103 152 197 21
248 163 50 56 209 103 34 27 186 108 26 83 102 245 69 193 163 215 218 215
28 147 103 87 16 14 122 186 186 108 148 215 182 242 138 96 115 191 80 160
106 105 37 201 121 205 214 108 212 96 107 212 127 148 182 216 122 186 96 50
223 50 45 230 134 212 14 102 88 51 168 189 77 205 105 211 182 96 45 152
9 18 42 218 232 85 196 114 22 41 31 135 179 123 25 197 50 136 121 242
163 107 252 102 200 50 216 122 42 186 203 185 211 87 239 27 74 87 152 186
106 123 33 173 121 248 114 108 52 121 205 34 121 194 77 110 87 158 88 250
79 231 160 219 96 50 165 66 39 95 121 159 72 190 69 158 212 251 50 243
163 174 114 204 203 126 218 243 103 0 165 30 42 127 0 215 127 194 108 250
242 200 42 108 251 179 30 31 252 228 197 144 183 165 242 170 85 251 25 121
102 223 200 244 212 224 96 38 153 200 250 152 151 121 93 106 131 170 243 178
145 50 62 154 190 137 158 148 218 242 200 242 108 215 159 174 104 200 96 50
160 223 50 23 101 242 66 87 241 181 96 121 246 96 50 108 182 26 66 242
93 136 114 27 207 136 121 223 50 251 173 242 231 27 52 136 114 135 242 127
205 121 8 205 69 102 158 181 242 200 186 241 87 152 207 179 25 121 12 181
106 131 201 195 50 35 65 106 189 66 242 48 26 96 96 138 174 218 71 105
160 151 212 243 121 136 168 200 182 216 113 50 87 222 252 144 158 158 108 221
58 13 30 12 114 78 41 250 103 12 74 31 14 151 121 121 220 218 58 56
58 50 21 0 69 19 23 128 135 241 174 120 245 218 118 108 251 152 31 252
160 131 71 122 37 179 122 96 250 50 86 158 96 50 238 131 114 100 218 242
127 178 65 23 189 179 218 15 113 121 57 121 35 47 110 85 19 69 137 26
242 200 108 250 179 90 85 50 212 243 218 114 178 56 121 69 7 114 218 114
161 162 207 24 248 114 218 111 182 223 50 27 144 208 16 37 212 107 25 14
34 100 170 121 115 75 204 186 209 247 67 160 8 189 219 195 58 209 253 191
221 26 50 35 19 203 182 232 253 178 253 13 244 212 50 152 114 108 114 121
114 178 121 200 242 200 114 168 235 22 151 106 121 24 16 96 114 108 239 59
74 131 158 50 23 181 62 137 253 96 186 96 253 194 215 159 212 50 251 173
245 218 113 95 121 160 135 31 108 239 26 192 247 96 109 186 108 199 135 245
205 103 34 164 252 192 50 196 242 96 108 81 23 45 114 253 121 35 162 26
58 189 170 223 35 138 218 96 50 200 125 44 200 186 200 242 208 226 65 223
192 186 200 96 118 200 130 87 121 106 211 58 93 231 135 197 221 218 182 45
151 121 77 44 26 50 56 218 74 238 200 114 239 114 168 189 148 240 121 201
192 186 108 231 206 248 242 87 6 147 187 121 106 235 159 35 99 241 182 182
