52 108 173 231 35 114 112 218 242 21 251 66 42 25 211 0 25 121 215 134
10 220 96 253 182 110 18 35 186 87 135 241 174 122 186 131 146 242 170 144
245 223 114 27 235 45 211 114 72 66 121 158 158 96 231 219 223 189 189 182
242 216 57 136 58 233 50 108 148 91 144 200 230 3 152 12 45 66 158 218
107 25 121 205 121 31 113 121 158 96 121 50 34 242 200 250 34 164 170 121
92 135 242 200 186 208 50 122 235 242 50 190 56 96 174 178 85 26 96 112
158 109 26 218 144 212 13 82 103 228 108 148 217 189 51 33 66 121 121 182
185 93 212 231 50 108 50 50 33 59 70 152 66 77 26 181 219 192 121 35
242 186 181 212 14 10 236 212 51 242 182 114 22 69 203 0 121 182 178 212
158 252 50 190 104 181 121 200 96 58 16 48 108 138 50 72 23 197 74 237
209 186 16 26 110 248 87 164 218 212 96 50 26 241 96 50 26 50 103 0
10 231 58 185 0 112 122 235 199 121 114 235 242 200 193 211 14 121 205 151
161 238 50 9 108 221 221 30 138 173 10 69 121 114 35 186 186 108 185 186
160 158 160 173 231 60 200 126 218 50 251 152 197 19 186 138 241 25 121 242
221 72 126 147 173 199 77 46 105 210 87 29 42 87 76 154 87 121 41 23
163 253 50 206 95 17 109 75 218 51 121 209 231 242 212 106 237 108 186 99
195 37 158 251 50 36 87 212 50 72 173 121 176 190 174 114 26 96 83 91
37 196 75 110 87 208 209 103 96 187 211 11 51 148 218 254 96 42 50 135
245 234 2 200 72 240 83 199 208 50 152 30 62 192 92 178 178 46 178 0
218 159 231 21 38 222 188 96 95 32 42 184 42 108 178 46 87 66 121 200
141 102 128 135 21 10 7 212 96 231 24 121 50 152 231 26 96 26 240 231
136 200 50 216 118 10 114 114 27 76 136 151 121 34 184 136 14 10 160 11
205 37 196 85 113 76 243 210 2 135 200 144 137 175 177 0 189 0 218 210
253 121 223 50 23 198 212 96 250 192 186 200 24 13 26 0 20 51 159 50
160 194 178 37 23 75 250 23 197 223 114 200 250 34 200 186 96 251 228 111
58 194 14 223 186 19 173 143 96 215 138 76 142 216 50 126 197 24 108 114
161 163 50 108 182 158 186 142 195 2 13 21 102 128 87 240 160 243 114 37
209 231 23 34 69 199 36 121 158 26 103 241 121 205 61 31 158 197 135 87
242 200 26 41 51 92 92 121 159 163 45 59 23 31 114 31 114 186 108 129
151 121 248 223 106 187 65 108 251 96 66 96 18 114 211 31 114 108 121 253
248 223 50 5 218 210 251 22 197 195 128 46 218 86 38 205 247 52 161 50
196 51 168 218 51 121 134 163 75 250 127 182 161 242 66 121 218 64 11 151
106 223 69 212 96 63 96 219 173 253 227 108 212 96 121 253 56 13 52 158
252 218 51 240 121 205 21 189 66 152 161 170 233 200 250 123 69 127 228 242
37 17 186 113 16 239 242 136 200 201 186 186 186 50 1 231 113 12 114 27
10 87 40 123 12 243 128 123 112 96 45 251 242 127 94 242 200 26 103 81
219 96 210 192 121 205 114 235 148 205 14 96 186 250 108 173 184 1 192 121
114 6 93 114 233 96 193 244 114 108 121 121 200 58 103 34 108 178 102 182
10 99 113 35 50 27 239 251 209 121 138 106 182 242 204 76 105 239 60 182
59 113 87 50 72 200 121 205 231 48 227 251 23 21 74 147 92 120 12 29
211 203 34 80 197 138 56 218 242 38 57 96 112 250 108 182 113 176 138 218
241 69 158 50 251 42 30 143 215 168 99 88 114 108 23 62 147 121 147 121
50 146 158 108 121 31 114 114 35 114 121 106 30 138 242 66 179 141 59 158
60 94 178 69 179 171 83 100 207 152 144 200 108 30 173 185 34 136 223 181
96 215 69 204 224 245 108 138 56 96 121 200 176 242 179 14 50 14 121 170
50 50 210 31 163 210 136 114 159 121 50 216 122 192 186 108 121 2 252 112
245 96 250 196 216 122 186 108 255 194 138 234 138 151 147 121 248 247 96 233
96 121 248 163 141 82 46 7 135 193 131 72 31 122 50 173 231 122 192 158
121 58 10 6 114 121 114 239 158 193 251 50 72 21 122 65 62 147 121 91
151 54 209 194 231 251 208 58 218 103 10 215 218 241 158 205 251 179 218 242
245 163 141 171 23 243 104 123 184 133 218 71 94 34 184 196 186 50 94 144
221 123 218 215 210 87 121 80 73 12 135 242 87 170 177 189 231 52 46 50
99 58 218 96 69 39 244 158 96 242 200 201 179 218 113 196 160 158 218 254
24 16 4 215 83 121 108 245 212 50 37 160 171 244 135 216 122 186 96 151
192 251 19 14 158 48 242 14 46 142 170 96 121 38 58 194 14 71 27 192
145 85 186 34 170 121 131 144 190 194 14 113 16 146 12 56 96 121 218 205
88 14 242 127 200 219 106 4 253 186 158 96 189 231 152 212 231 209 201 224
223 151 194 14 239 96 45 46 14 66 121 78 10 237 108 148 45 148 22 170
112 211 136 38 167 127 178 22 131 106 10 241 56 96 121 99 24 16 242 87
94 200 130 80 230 25 87 23 227 19 201 114 135 205 188 212 241 245 107 87
242 127 94 190 96 48 159 76 18 242 127 200 203 179 13 186 108 250 210 182
106 223 247 48 103 34 200 186 96 26 96 81 87 108 104 200 58 189 2 133
58 194 14 186 120 96 121 218 138 50 35 53 114 223 114 61 215 102 52 45
114 144 14 14 27 239 52 97 215 121 205 122 186 148 182 126 242 14 50 173
