58 158 103 21 103 50 242 121 185 223 203 189 251 50 242 179 113 19 216 122
145 159 96 151 106 34 16 108 114 160 10 34 94 19 179 218 212 239 20 231
137 45 197 114 224 242 113 197 152 1 57 121 205 121 10 192 213 42 218 242
33 113 16 212 14 121 20 6 161 211 14 232 2 14 95 196 95 1 34 251
158 96 151 158 215 218 51 242 14 138 81 241 87 159 230 14 186 186 186 93
102 128 158 245 223 218 176 106 251 50 72 87 164 135 175 160 77 184 77 12
114 10 141 235 189 134 152 207 208 153 114 235 26 241 25 121 215 35 108 158
205 188 160 34 185 242 108 121 182 182 121 158 16 103 50 108 197 96 121 26
58 13 144 158 108 42 113 186 30 121 177 187 10 196 168 114 195 21 251 231
192 186 148 241 35 96 121 151 147 121 200 72 158 158 182 239 207 83 87 212
52 97 181 103 75 113 174 14 96 186 174 147 151 121 151 121 196 114 37 240
192 186 147 103 242 14 19 47 230 230 14 223 181 181 203 2 14 69 83 39
223 50 226 151 160 65 242 100 141 253 121 176 230 218 102 240 71 123 253 121
188 245 107 12 45 165 10 42 186 114 108 250 108 160 158 64 212 96 218 51
242 200 26 152 66 87 42 95 173 34 200 22 51 134 182 199 163 12 182 96
107 114 114 5 214 181 87 96 224 178 244 7 50 160 101 231 41 219 85 114
50 223 0 247 203 96 113 106 121 182 182 176 114 114 108 148 237 108 95 100
242 87 42 81 96 51 197 50 212 146 251 135 246 96 58 14 223 114 38 106
58 13 138 250 181 87 121 64 121 50 21 87 25 23 135 121 205 28 72 114
96 96 121 125 184 109 186 114 159 27 251 91 242 178 203 160 41 216 51 158
56 96 126 178 19 28 200 230 87 22 96 231 160 242 82 250 56 152 91 135
158 37 212 16 160 103 254 96 126 128 19 96 215 186 96 215 42 108 158 106
103 102 50 242 200 215 96 244 101 102 208 58 194 87 135 242 234 234 170 170
253 121 194 14 14 87 121 111 50 152 126 230 114 108 42 108 182 83 234 121
245 126 110 189 115 121 215 96 42 114 108 42 197 232 96 186 114 108 250 108
192 121 115 9 242 48 173 250 121 223 114 223 186 114 114 181 41 66 2 14
58 58 96 50 72 64 158 239 85 189 151 121 192 121 114 37 212 96 244 12
242 14 88 106 241 159 230 164 135 114 36 148 26 216 252 192 186 186 108 144
163 96 151 148 211 0 211 152 242 96 73 113 152 210 230 96 148 86 151 209
88 14 186 148 112 111 181 121 242 14 186 195 168 223 50 87 215 108 26 103
58 218 245 104 160 92 212 96 215 58 218 51 241 209 91 253 96 134 16 250
151 121 182 176 50 67 250 108 230 87 186 96 121 182 135 242 77 85 113 139
163 174 50 230 74 87 158 106 33 114 59 14 241 241 138 218 105 194 231 250
242 55 186 93 219 12 64 223 181 87 75 10 58 201 173 58 121 205 121 182
160 194 151 18 190 123 113 231 102 176 215 50 33 160 114 121 96 21 66 19
178 0 121 87 96 6 136 4 242 127 165 152 108 182 20 231 109 91 242 200
163 174 43 4 215 24 108 11 91 242 200 174 218 210 56 87 96 233 41 138
50 206 83 13 137 108 211 239 94 220 100 4 151 121 34 200 161 108 25 243
242 200 26 218 241 182 210 114 72 101 119 62 114 121 223 218 242 200 147 83
50 122 156 13 151 200 193 94 21 82 158 121 242 250 179 170 170 76 121 182
211 58 77 23 41 16 131 163 176 205 106 114 38 215 107 13 200 96 50 251
192 50 46 242 190 184 10 26 103 108 113 16 157 237 188 56 96 66 154 121
242 200 108 26 201 108 143 26 189 174 251 173 114 26 83 176 186 131 109 121
10 160 245 96 121 58 28 195 87 50 66 121 137 230 87 96 173 242 182 242
58 13 30 243 121 183 144 14 186 93 215 121 73 94 125 62 200 154 87 14
211 14 136 114 163 242 230 0 19 127 178 23 136 223 50 216 207 123 33 242
209 121 58 14 177 69 163 253 151 121 248 163 196 210 237 121 108 160 227 76
96 48 151 212 253 121 58 50 108 26 103 181 0 111 87 168 38 107 113 253
161 116 193 142 218 182 216 87 113 212 96 114 19 245 96 151 160 65 215 96
242 127 14 34 94 30 103 23 182 81 245 24 148 212 253 50 60 121 58 205
192 13 105 181 178 186 186 93 144 241 56 31 122 42 50 236 251 33 35 108
158 96 96 58 121 223 114 35 108 100 76 186 186 181 87 215 121 218 242 200
114 108 178 158 251 91 12 105 27 37 108 26 170 103 103 242 152 195 191 66
28 250 26 103 50 178 103 50 72 152 121 160 223 138 138 252 192 59 78 189
121 201 231 216 122 250 210 163 112 207 182 113 232 212 96 50 78 50 121 182
170 121 57 121 201 18 138 14 185 230 158 14 106 56 96 121 187 223 147 221
37 231 121 121 58 114 178 186 141 195 211 101 231 211 137 26 50 20 113 108
58 223 231 205 218 196 45 196 179 218 212 242 14 23 136 169 50 152 136 242
242 87 121 170 81 182 148 201 174 14 106 152 16 130 158 158 96 50 152 150
231 50 2 232 242 200 50 242 173 127 109 215 121 182 212 2 14 58 114 102
242 127 2 200 108 250 87 218 254 96 118 95 66 0 30 121 121 40 242 87
121 151 216 16 108 255 33 121 113 205 0 72 173 143 215 211 9 92 150 148
158 140 138 159 147 121 8 161 45 0 104 96 239 114 235 158 103 160 34 227
231 182 242 196 61 65 109 207 30 87 72 35 108 176 182 5 23 128 94 121
