192 186 185 34 123 133 174 200 251 158 168 203 228 200 26 193 191 158 103 92
89 50 189 87 110 212 181 218 109 23 87 12 158 158 140 46 110 211 177 58
244 189 113 126 238 147 7 114 12 35 108 186 108 178 186 212 96 250 12 45
74 108 255 137 120 215 218 218 212 215 168 113 23 103 87 194 14 186 186 188
234 78 50 0 215 178 231 50 212 64 135 121 114 112 135 103 113 176 100 170
173 242 66 199 201 121 252 50 78 168 250 196 150 195 108 121 182 182 58 242
58 223 14 0 212 178 15 231 123 2 200 42 123 62 232 121 33 12 45 23
106 114 223 114 181 69 219 108 207 103 113 26 108 179 62 251 50 46 241 50
12 58 205 233 233 114 114 114 187 108 178 10 223 121 114 168 114 23 62 39
242 200 236 16 193 193 242 66 158 91 158 96 107 114 51 163 106 138 189 251
182 208 58 16 212 221 218 218 71 50 86 251 87 93 123 12 178 212 64 121
158 251 66 121 28 159 200 211 39 87 110 239 72 152 204 138 93 16 114 121
10 160 245 112 147 121 151 160 121 158 50 70 87 152 113 3 34 182 2 182
215 189 103 14 151 121 201 121 192 31 114 108 239 104 29 14 243 96 121 208
242 200 168 92 45 212 182 242 127 201 253 103 121 243 123 178 69 219 253 251
84 146 164 218 76 175 177 133 114 237 186 152 211 240 193 5 123 197 123 66
163 250 141 242 200 26 50 99 96 66 42 186 170 77 128 209 0 7 5 66
151 121 243 32 242 241 66 42 186 114 186 27 196 45 201 12 170 121 158 251
253 121 50 33 184 14 14 230 87 23 87 230 210 87 111 182 182 148 176 109
242 200 242 85 182 208 26 241 87 14 215 136 118 96 122 114 22 5 194 23
245 131 121 223 151 121 97 160 81 189 12 218 242 127 243 19 244 7 247 159
106 114 187 178 170 92 206 104 248 135 208 50 72 121 104 135 242 250 195 22
24 16 245 219 232 200 96 50 58 31 77 39 12 114 114 121 58 122 173 58
58 241 83 160 101 121 182 103 66 12 135 114 14 50 72 144 127 206 121 189
242 200 45 23 158 96 153 205 168 26 96 34 200 96 26 96 92 242 200 152
185 194 231 60 82 170 177 10 235 211 113 120 238 108 193 170 121 181 0 159
74 212 96 113 106 106 37 242 66 87 42 34 144 168 66 66 121 96 197 50
97 96 212 188 120 16 193 31 245 206 151 248 135 223 135 21 151 160 51 121
114 114 108 27 201 3 96 50 176 143 215 96 42 50 33 147 121 150 69 113
253 121 151 33 23 62 147 197 231 108 251 42 198 121 205 121 74 192 23 136
192 200 96 229 26 127 242 85 81 138 14 173 163 75 174 223 69 219 221 207
12 114 14 34 218 28 160 227 114 108 121 223 218 94 30 42 123 62 178 239
114 4 205 171 101 231 123 62 104 102 7 123 173 104 135 112 114 215 114 223
163 205 230 45 27 242 19 3 50 23 12 99 223 26 181 65 19 19 245 126
58 223 50 113 64 147 121 234 121 253 121 218 26 200 96 186 96 37 152 242
185 102 199 243 167 121 93 12 219 175 23 137 189 93 71 16 233 245 131 187
186 221 215 189 241 87 135 21 136 178 114 72 185 158 201 146 31 122 96 50
74 121 114 159 223 114 27 23 56 66 121 245 22 112 51 121 242 200 26 65
50 27 160 56 7 25 135 242 200 204 186 64 28 151 20 121 59 10 96 186
192 122 210 184 108 146 182 198 194 212 14 245 80 121 58 34 31 241 87 14
27 92 97 186 50 223 14 48 109 151 209 199 231 122 108 221 42 75 197 50
158 235 242 200 13 87 78 114 205 223 215 217 160 227 34 87 16 102 199 185
242 87 14 96 121 114 186 203 103 87 23 218 123 135 178 160 26 10 215 209
96 219 242 200 42 75 85 189 218 235 215 207 206 177 155 114 154 121 158 59
58 194 14 186 108 255 81 104 14 177 114 223 120 176 33 248 114 223 113 23
192 37 175 115 218 242 127 159 40 121 250 151 200 11 96 107 42 82 186 93
158 108 100 91 103 66 27 186 108 58 96 121 178 127 242 197 12 50 72 87
57 178 106 27 26 208 58 218 103 113 1 252 93 139 133 50 35 108 158 50
242 200 42 87 158 176 215 250 21 253 121 186 96 42 163 13 181 170 0 10
205 248 223 231 18 218 135 205 69 199 175 223 164 201 231 251 248 215 121 218
176 50 63 161 121 34 150 138 214 96 50 21 122 26 103 66 2 14 230 87
148 218 151 218 242 250 179 12 248 114 27 150 57 0 80 107 93 113 18 203
97 96 66 42 178 179 244 87 121 212 215 19 196 108 114 46 87 70 186 108
211 94 231 108 144 208 121 96 121 127 223 50 105 24 13 31 212 96 71 219
205 114 223 50 61 12 219 114 114 114 121 45 52 176 50 61 23 218 243 187
242 178 114 235 96 151 121 242 21 193 27 244 242 200 96 26 50 146 123 135
242 231 251 173 231 223 195 136 114 4 158 18 56 147 121 128 227 123 3 200
107 158 96 176 85 242 182 96 231 108 250 78 114 108 114 121 135 121 9 241
43 211 220 174 215 108 136 179 218 242 2 14 12 178 182 45 242 127 56 14
114 232 140 42 72 121 158 158 96 161 194 104 12 35 99 114 195 27 28 96
58 218 216 122 174 131 94 242 200 168 189 50 84 72 126 178 7 148 38 121
58 218 118 14 65 69 91 67 123 176 243 130 160 93 158 106 227 121 151 121
24 50 77 158 102 242 200 136 242 200 42 26 103 148 159 152 137 159 16 235
201 13 12 209 96 34 152 126 218 215 168 135 216 152 138 170 222 144 11 242
